   10        42               0.339               0.333         6187580.740
   20        40               0.649               0.650         6180510.625
   30        32               0.840               0.833         6183074.801
   40        31               1.057               1.050         6182539.600
   50        36               1.484               1.483         6176989.177
   60        41               2.002               2.000         6173895.321
   70        28               1.591               1.583         6184213.006
   80        38               2.404               2.400         6174098.045
   90        25               1.796               1.783         6184386.721
  100        29               2.326               2.317         6178751.372
