   10        24               0.301               0.300         7812432.088
   20        24               0.603               0.600         7805286.163
   30        24               0.914               0.900         7804421.278
   40        24               1.216               1.217         7800892.282
   50        25               1.595               1.583         7795840.803
   60        34               2.572               2.567         7786899.139
   70        28               2.478               2.467         7794477.842
   80        29               2.909               2.900         7796714.593
   90        32               3.588               3.583         7789906.164
  100        31               3.839               3.833         7785048.676
    2        21               0.066               0.050         8020627.987
    2        21               0.045               0.033         5276476.112
    2        21               0.061               0.050         8020627.987
