   10        39               0.146               0.133         2688770.774
   20        36               0.275               0.267         2685197.711
   30        35               0.409               0.400         2682040.649
   40        35               0.525               0.517         2682394.293
   50        36               0.686               0.683         2681930.187
   60        36               0.815               0.817         2680697.874
   70        34               0.897               0.883         2681315.869
   80        36               1.077               1.067         2681102.106
   90        35               1.135               1.133         2681692.920
  100        37               1.342               1.333         2681748.482
