     0.818    -0.537    -0.206
     0.635    -0.650    -0.417
     0.266    -0.709    -0.653
     0.650    -0.628    -0.428
     0.661    -0.685    -0.306
     0.621    -0.660    -0.423
     0.504    -0.737    -0.450
     0.514    -0.810    -0.281
     0.464    -0.417    -0.782
     0.793    -0.404    -0.457
     0.607    -0.780    -0.152
     0.539    -0.755    -0.373
     0.433    -0.889    -0.149
     0.483    -0.666    -0.569
     0.847    -0.520    -0.108
     0.521    -0.552    -0.651
     0.586    -0.600    -0.544
     0.354    -0.680    -0.642
     0.490    -0.365    -0.791
     0.590    -0.787    -0.181
     0.467    -0.599    -0.650
     0.586    -0.715    -0.381
     0.653    -0.620    -0.436
     0.508    -0.723    -0.468
     0.518    -0.536    -0.667
     0.543    -0.723    -0.426
     0.357    -0.794    -0.492
     0.241    -0.960    -0.144
     0.300    -0.775    -0.556
     0.650    -0.668    -0.363
     0.457    -0.521    -0.721
     0.366    -0.684    -0.631
     0.224    -0.800    -0.557
     0.596    -0.630    -0.498
     0.519    -0.657    -0.547
     0.643    -0.656    -0.395
     0.549    -0.833    -0.068
     0.431    -0.783    -0.449
     0.428    -0.765    -0.480
     0.612    -0.533    -0.585
     0.599    -0.697    -0.393
     0.647    -0.673    -0.358
     0.349    -0.896    -0.273
     0.514    -0.857    -0.009
     0.412    -0.842    -0.349
     0.483    -0.760    -0.434
     0.649    -0.650    -0.396
     0.369    -0.743    -0.559
     0.724    -0.661    -0.198
     0.417    -0.446    -0.792
     0.336    -0.821    -0.462
     0.578    -0.780    -0.241
     0.637    -0.482    -0.602
     0.546    -0.488    -0.681
     0.485    -0.757    -0.437
     0.265    -0.858    -0.440
     0.153    -0.751    -0.642
     0.767    -0.440    -0.466
     0.609    -0.547    -0.575
     0.466    -0.671    -0.577
     0.452    -0.786    -0.421
     0.592    -0.740    -0.320
     0.802    -0.269    -0.533
     0.648    -0.497    -0.577
     0.653    -0.666    -0.360
     0.509    -0.490    -0.707
     0.488    -0.860    -0.149
     0.652    -0.681    -0.334
     0.397    -0.773    -0.495
     0.443    -0.836    -0.324
     0.367    -0.841    -0.397
     0.567    -0.788    -0.240
     0.585    -0.755    -0.295
     0.515    -0.631    -0.581
     0.550    -0.772    -0.318
     0.779    -0.627    -0.003
     0.368    -0.890    -0.268
     0.584    -0.647    -0.490
     0.596    -0.634    -0.493
     0.634    -0.731    -0.251
     0.515    -0.798    -0.313
     0.380    -0.831    -0.407
     0.529    -0.442    -0.724
     0.171    -0.802    -0.572
     0.516    -0.761    -0.392
     0.704    -0.593    -0.391
     0.265    -0.807    -0.528
     0.429    -0.747    -0.507
     0.489    -0.841    -0.231
     0.459    -0.703    -0.543
     0.186    -0.728    -0.660
     0.726    -0.550    -0.413
     0.666    -0.557    -0.496
     0.687    -0.632    -0.359
     0.330    -0.742    -0.584
     0.493    -0.655    -0.573
     0.709    -0.591    -0.385
     0.542    -0.768    -0.340
     0.306    -0.796    -0.522
     0.709    -0.527    -0.470
     0.304    -0.813    -0.497
     0.439    -0.827    -0.350
     0.662    -0.659    -0.357
     0.338    -0.737    -0.585
     0.582    -0.676    -0.452
     0.497    -0.647    -0.579
     0.582    -0.453    -0.676
     0.352    -0.872    -0.342
     0.288    -0.815    -0.503
     0.067    -0.909    -0.412
     0.379    -0.765    -0.521
     0.521    -0.629    -0.577
     0.659    -0.739    -0.139
     0.566    -0.767    -0.303
     0.325    -0.663    -0.674
     0.472    -0.793    -0.385
     0.646    -0.629    -0.433
     0.744    -0.529    -0.409
     0.408    -0.806    -0.428
     0.433    -0.882    -0.186
     0.110    -0.605    -0.789
     0.624    -0.573    -0.531
     0.109    -0.637    -0.763
     0.607    -0.672    -0.425
     0.400    -0.728    -0.556
     0.809    -0.511    -0.292
     0.393    -0.744    -0.540
     0.303    -0.796    -0.523
     0.370    -0.632    -0.681
     0.497    -0.835    -0.235
     0.521    -0.655    -0.547
     0.467    -0.862    -0.197
     0.645    -0.725    -0.244
     0.494    -0.667    -0.557
     0.384    -0.553    -0.739
     0.615    -0.567    -0.547
     0.576    -0.649    -0.498
     0.343    -0.679    -0.649
     0.734    -0.391    -0.555
     0.265    -0.835    -0.482
     0.820    -0.517    -0.245
     0.195    -0.891    -0.410
     0.646    -0.744    -0.172
     0.590    -0.752    -0.293
     0.321    -0.758    -0.567
     0.840    -0.424    -0.339
     0.590    -0.649    -0.481
     0.596    -0.641    -0.483
     0.411    -0.803    -0.433
     0.249    -0.779    -0.575
     0.395    -0.763    -0.511
     0.521    -0.723    -0.455
     0.545    -0.700    -0.462
     0.543    -0.568    -0.618
     0.353    -0.804    -0.479
     0.508    -0.766    -0.393
     0.281    -0.612    -0.739
     0.728    -0.546    -0.414
     0.323    -0.742    -0.588
     0.412    -0.753    -0.514
     0.394    -0.766    -0.508
     0.435    -0.887    -0.157
     0.258    -0.528    -0.809
     0.444    -0.780    -0.440
     0.499    -0.624    -0.602
     0.668    -0.660    -0.343
     0.541    -0.751    -0.377
     0.491    -0.721    -0.488
     0.558    -0.736    -0.384
     0.584    -0.694    -0.420
     0.272    -0.848    -0.455
     0.565    -0.694    -0.446
     0.648    -0.623    -0.439
     0.552    -0.590    -0.590
     0.743    -0.635    -0.210
     0.460    -0.729    -0.506
     0.423    -0.543    -0.725
     0.682    -0.537    -0.497
     0.559    -0.678    -0.478
     0.494    -0.754    -0.432
     0.646    -0.734    -0.209
     0.544    -0.298    -0.785
     0.513    -0.694    -0.504
     0.462    -0.730    -0.504
     0.334    -0.775    -0.537
     0.274    -0.872    -0.406
     0.627    -0.564    -0.538
     0.802    -0.425    -0.420
     0.362    -0.837    -0.411
     0.447    -0.850    -0.277
     0.788    -0.439    -0.432
     0.703    -0.581    -0.411
     0.276    -0.745    -0.608
     0.669    -0.563    -0.485
     0.708    -0.695    -0.125
     0.601    -0.675    -0.428
     0.462    -0.714    -0.526
     0.334    -0.730    -0.596
     0.601    -0.674    -0.429
     0.642    -0.657    -0.395
     0.275    -0.661    -0.698
     0.193    -0.912    -0.361
     0.659    -0.388    -0.644
     0.527    -0.728    -0.438
     0.608    -0.667    -0.431
     0.322    -0.607    -0.727
     0.486    -0.811    -0.326
     0.260    -0.769    -0.585
     0.335    -0.821    -0.462
     0.544    -0.835    -0.085
     0.319    -0.632    -0.706
     0.536    -0.645    -0.545
     0.616    -0.647    -0.449
     0.487    -0.747    -0.453
     0.440    -0.817    -0.372
     0.107    -0.878    -0.466
     0.565    -0.570    -0.597
     0.417    -0.839    -0.350
     0.642    -0.739    -0.204
     0.571    -0.468    -0.675
     0.624    -0.667    -0.408
     0.817    -0.542    -0.196
     0.581    -0.673    -0.458
     0.741    -0.621    -0.254
     0.830    -0.386    -0.403
     0.585    -0.652    -0.482
     0.245    -0.851    -0.465
     0.457    -0.560    -0.690
     0.815    -0.377    -0.439
     0.445    -0.802    -0.399
     0.457    -0.756    -0.469
     0.632    -0.726    -0.271
     0.458    -0.702    -0.545
     0.570    -0.413    -0.710
     0.718    -0.566    -0.405
     0.655    -0.449    -0.608
     0.649    -0.593    -0.476
     0.503    -0.811    -0.298
     0.382    -0.828    -0.411
     0.522    -0.742    -0.421
     0.485    -0.721    -0.494
     0.585    -0.617    -0.527
     0.552    -0.583    -0.597
     0.357    -0.895    -0.267
     0.320    -0.708    -0.629
     0.707    -0.505    -0.494
     0.393    -0.804    -0.446
     0.576    -0.748    -0.329
     0.384    -0.790    -0.479
     0.478    -0.618    -0.624
     0.135    -0.867    -0.480
     0.289    -0.896    -0.336
     0.159    -0.967    -0.199
     0.530    -0.823    -0.206
     0.669    -0.517    -0.534
     0.796    -0.541    -0.272
     0.143    -0.669    -0.729
     0.436    -0.835    -0.335
     0.506    -0.731    -0.457
     0.744    -0.566    -0.356
     0.501    -0.807    -0.313
     0.644    -0.559    -0.522
     0.696    -0.498    -0.517
     0.434    -0.679    -0.592
     0.560    -0.683    -0.470
     0.518    -0.680    -0.520
     0.615    -0.324    -0.719
     0.511    -0.625    -0.589
     0.470    -0.671    -0.573
     0.617    -0.566    -0.547
     0.296    -0.899    -0.322
     0.648    -0.550    -0.527
     0.460    -0.629    -0.627
     0.525    -0.763    -0.377
     0.549    -0.598    -0.585
     0.594    -0.643    -0.484
     0.630    -0.693    -0.350
     0.400    -0.642    -0.655
     0.557    -0.584    -0.591
     0.512    -0.756    -0.408
     0.304    -0.754    -0.582
     0.648    -0.676    -0.351
     0.567    -0.689    -0.452
     0.330    -0.824    -0.460
     0.435    -0.574    -0.694
     0.562    -0.719    -0.408
     0.620    -0.702    -0.351
     0.652    -0.602    -0.461
     0.617    -0.743    -0.259
     0.535    -0.633    -0.560
     0.407    -0.828    -0.385
     0.699    -0.499    -0.512
     0.205    -0.912    -0.356
     0.291    -0.896    -0.335
     0.528    -0.637    -0.562
     0.656    -0.480    -0.582
     0.467    -0.715    -0.521
     0.368    -0.728    -0.579
     0.373    -0.590    -0.716
     0.566    -0.762    -0.315
     0.530    -0.726    -0.438
     0.498    -0.743    -0.446
     0.511    -0.743    -0.431
     0.585    -0.688    -0.430
     0.188    -0.910    -0.371
     0.435    -0.844    -0.315
     0.333    -0.840    -0.428
     0.569    -0.731    -0.377
     0.449    -0.606    -0.657
     0.762    -0.467    -0.448
     0.726    -0.679    -0.110
     0.412    -0.628    -0.660
     0.380    -0.625    -0.682
     0.544    -0.749    -0.379
     0.557    -0.720    -0.414
     0.137    -0.629    -0.765
     0.518    -0.701    -0.490
     0.415    -0.669    -0.617
     0.587    -0.750    -0.304
     0.385    -0.871    -0.307
     0.266    -0.871    -0.413
     0.441    -0.863    -0.248
     0.561    -0.548    -0.620
     0.198    -0.675    -0.711
     0.768    -0.412    -0.491
     0.666    -0.424    -0.614
     0.519    -0.788    -0.332
     0.330    -0.581    -0.744
     0.423    -0.647    -0.635
     0.629    -0.723    -0.287
     0.579    -0.774    -0.258
     0.674    -0.688    -0.267
     0.377    -0.685    -0.624
     0.505    -0.548    -0.667
     0.393    -0.854    -0.341
     0.485    -0.797    -0.360
     0.394    -0.637    -0.663
     0.241    -0.768    -0.593
     0.821    -0.407    -0.400
     0.585    -0.603    -0.542
     0.356    -0.722    -0.593
     0.624    -0.492    -0.607
     0.654    -0.701    -0.284
     0.293    -0.600    -0.745
     0.476    -0.836    -0.273
     0.308    -0.790    -0.530
     0.183    -0.891    -0.416
     0.501    -0.842    -0.199
     0.502    -0.795    -0.340
     0.519    -0.599    -0.610
     0.756    -0.539    -0.372
     0.471    -0.806    -0.357
     0.271    -0.753    -0.600
     0.701    -0.596    -0.393
     0.714    -0.407    -0.570
     0.462    -0.834    -0.303
     0.154    -0.888    -0.432
     0.566    -0.748    -0.348
     0.230    -0.767    -0.599
     0.510    -0.815    -0.275
     0.320    -0.768    -0.554
     0.578    -0.780    -0.239
     0.491    -0.810    -0.321
     0.789    -0.377    -0.486
     0.321    -0.902    -0.288
     0.712    -0.648    -0.271
     0.496    -0.701    -0.513
     0.538    -0.696    -0.475
     0.588    -0.721    -0.367
     0.373    -0.707    -0.601
     0.449    -0.652    -0.611
     0.383    -0.836    -0.393
     0.629    -0.610    -0.483
     0.271    -0.691    -0.670
     0.351    -0.920    -0.176
     0.586    -0.765    -0.268
     0.326    -0.778    -0.537
     0.522    -0.697    -0.491
     0.504    -0.559    -0.658
     0.508    -0.836    -0.206
     0.547    -0.765    -0.340
     0.490    -0.751    -0.443
     0.384    -0.669    -0.636
     0.593    -0.648    -0.478
     0.680    -0.676    -0.284
     0.406    -0.522    -0.750
     0.426    -0.853    -0.302
     0.554    -0.602    -0.575
     0.448    -0.718    -0.532
     0.512    -0.706    -0.490
     0.628    -0.722    -0.291
     0.383    -0.657    -0.649
     0.702    -0.669    -0.246
     0.499    -0.744    -0.444
     0.658    -0.538    -0.527
     0.662    -0.454    -0.596
     0.584    -0.599    -0.548
     0.583    -0.626    -0.517
     0.210    -0.918    -0.337
     0.635    -0.727    -0.262
     0.537    -0.835    -0.124
     0.598    -0.755    -0.270
     0.658    -0.429    -0.619
     0.468    -0.624    -0.626
     0.439    -0.897    -0.048
     0.538    -0.737    -0.409
     0.883    -0.436    -0.174
     0.693    -0.570    -0.441
     0.610    -0.703    -0.364
     0.571    -0.655    -0.495
     0.582    -0.576    -0.574
     0.723    -0.591    -0.358
     0.668    -0.478    -0.570
     0.689    -0.624    -0.369
     0.460    -0.712    -0.531
     0.478    -0.663    -0.576
     0.690    -0.545    -0.476
     0.493    -0.820    -0.289
     0.490    -0.565    -0.664
     0.639    -0.697    -0.326
     0.571    -0.760    -0.310
     0.506    -0.749    -0.427
     0.600    -0.695    -0.395
     0.518    -0.757    -0.399
     0.427    -0.754    -0.499
     0.606    -0.706    -0.367
     0.544    -0.659    -0.520
     0.606    -0.606    -0.515
     0.719    -0.502    -0.481
     0.615    -0.552    -0.563
     0.793    -0.505    -0.341
     0.512    -0.845    -0.151
     0.470    -0.821    -0.325
     0.273    -0.635    -0.723
     0.413    -0.812    -0.412
     0.709    -0.525    -0.471
     0.764    -0.500    -0.408
     0.505    -0.660    -0.557
     0.400    -0.799    -0.449
     0.590    -0.747    -0.307
     0.679    -0.634    -0.370
     0.567    -0.719    -0.401
     0.419    -0.845    -0.333
     0.398    -0.807    -0.437
     0.572    -0.638    -0.515
     0.495    -0.672    -0.551
     0.462    -0.601    -0.652
     0.460    -0.621    -0.635
     0.433    -0.819    -0.376
     0.580    -0.663    -0.473
     0.719    -0.540    -0.437
     0.544    -0.791    -0.279
     0.679    -0.632    -0.375
     0.649    -0.563    -0.512
     0.637    -0.371    -0.675
     0.487    -0.798    -0.355
     0.491    -0.821    -0.293
     0.198    -0.635    -0.746
     0.313    -0.887    -0.340
     0.543    -0.593    -0.595
     0.551    -0.743    -0.379
     0.818    -0.472    -0.328
     0.458    -0.828    -0.324
     0.599    -0.496    -0.629
     0.716    -0.492    -0.496
     0.448    -0.848    -0.283
     0.344    -0.747    -0.568
     0.435    -0.503    -0.747
     0.313    -0.894    -0.319
     0.743    -0.496    -0.449
     0.444    -0.705    -0.553
     0.608    -0.649    -0.457
     0.362    -0.708    -0.607
     0.295    -0.891    -0.346
     0.362    -0.767    -0.530
     0.604    -0.705    -0.372
     0.292    -0.757    -0.584
     0.401    -0.748    -0.529
     0.467    -0.596    -0.653
     0.486    -0.743    -0.460
     0.753    -0.558    -0.349
     0.313    -0.855    -0.414
     0.675    -0.717    -0.173
     0.632    -0.664    -0.400
     0.338    -0.570    -0.749
     0.407    -0.686    -0.602
     0.574    -0.718    -0.395
     0.754    -0.593    -0.282
     0.702    -0.649    -0.291
     0.193    -0.635    -0.748
     0.236    -0.796    -0.558
     0.559    -0.797    -0.229
     0.511    -0.614    -0.601
     0.585    -0.514    -0.627
     0.829    -0.458    -0.321
     0.616    -0.651    -0.444
     0.593    -0.575    -0.563
     0.040    -0.876    -0.481
     0.370    -0.801    -0.471
     0.253    -0.903    -0.347
     0.418    -0.792    -0.445
     0.479    -0.808    -0.343
     0.219    -0.796    -0.565
     0.541    -0.727    -0.423
     0.405    -0.560    -0.723
     0.678    -0.672    -0.298
     0.434    -0.773    -0.463
     0.558    -0.724    -0.406
     0.623    -0.632    -0.462
     0.367    -0.750    -0.551
     0.646    -0.690    -0.327
     0.693    -0.419    -0.587
     0.606    -0.558    -0.567
     0.547    -0.666    -0.507
     0.532    -0.657    -0.534
     0.482    -0.778    -0.403
     0.586    -0.722    -0.369
     0.355    -0.616    -0.703
     0.675    -0.480    -0.561
     0.614    -0.740    -0.273
     0.245    -0.729    -0.639
     0.489    -0.673    -0.555
     0.374    -0.791    -0.484
     0.672    -0.672    -0.310
     0.420    -0.406    -0.811
     0.449    -0.864    -0.229
     0.690    -0.645    -0.329
     0.473    -0.662    -0.581
     0.374    -0.829    -0.416
     0.729    -0.664    -0.163
     0.449    -0.690    -0.567
     0.440    -0.894    -0.082
     0.712    -0.553    -0.432
     0.426    -0.832    -0.355
     0.430    -0.623    -0.654
     0.363    -0.908    -0.207
     0.478    -0.680    -0.556
     0.604    -0.731    -0.316
     0.525    -0.622    -0.581
     0.441    -0.760    -0.477
     0.542    -0.421    -0.727
     0.543    -0.805    -0.239
     0.580    -0.540    -0.610
     0.418    -0.650    -0.634
     0.488    -0.778    -0.396
     0.454    -0.845    -0.281
     0.643    -0.697    -0.318
     0.294    -0.649    -0.701
     0.422    -0.805    -0.418
     0.590    -0.565    -0.576
     0.430    -0.808    -0.403
     0.546    -0.760    -0.352
     0.652    -0.659    -0.375
     0.556    -0.700    -0.448
     0.318    -0.772    -0.550
     0.581    -0.802    -0.139
     0.552    -0.730    -0.402
     0.831    -0.521    -0.193
     0.527    -0.790    -0.315
     0.680    -0.689    -0.252
     0.297    -0.899    -0.321
     0.115    -0.952    -0.285
     0.715    -0.393    -0.578
     0.378    -0.786    -0.490
     0.585    -0.640    -0.498
     0.530    -0.745    -0.405
     0.476    -0.770    -0.425
     0.585    -0.807    -0.075
     0.414    -0.366    -0.833
     0.578    -0.712    -0.399
     0.503    -0.663    -0.554
     0.473    -0.741    -0.477
     0.428    -0.638    -0.640
     0.569    -0.429    -0.702
     0.639    -0.706    -0.305
     0.397    -0.835    -0.382
     0.547    -0.829    -0.121
     0.673    -0.520    -0.526
     0.484    -0.641    -0.596
     0.521    -0.731    -0.441
     0.267    -0.712    -0.649
     0.518    -0.450    -0.727
     0.634    -0.557    -0.536
     0.518    -0.797    -0.311
     0.659    -0.726    -0.197
     0.531    -0.686    -0.497
     0.375    -0.683    -0.627
     0.475    -0.682    -0.556
     0.485    -0.686    -0.543
     0.764    -0.633    -0.128
     0.498    -0.826    -0.264
     0.613    -0.785    -0.095
     0.669    -0.735    -0.115
     0.393    -0.770    -0.503
     0.398    -0.843    -0.363
     0.376    -0.859    -0.348
     0.582    -0.758    -0.294
     0.543    -0.614    -0.573
     0.653    -0.630    -0.419
     0.397    -0.714    -0.576
     0.478    -0.791    -0.383
     0.560    -0.675    -0.481
     0.351    -0.775    -0.525
     0.697    -0.691    -0.192
     0.618    -0.619    -0.485
     0.578    -0.627    -0.522
     0.443    -0.702    -0.558
     0.396    -0.719    -0.571
     0.715    -0.606    -0.347
     0.391    -0.749    -0.535
     0.526    -0.702    -0.480
     0.527    -0.800    -0.287
     0.666    -0.568    -0.484
     0.634    -0.581    -0.509
     0.677    -0.583    -0.450
     0.808    -0.471    -0.354
     0.525    -0.655    -0.543
     0.646    -0.699    -0.306
     0.467    -0.771    -0.434
     0.483    -0.774    -0.409
     0.479    -0.760    -0.439
     0.443    -0.785    -0.433
     0.624    -0.714    -0.319
     0.425    -0.661    -0.618
     0.624    -0.625    -0.468
     0.422    -0.769    -0.480
     0.736    -0.544    -0.404
     0.284    -0.775    -0.565
     0.400    -0.670    -0.625
     0.463    -0.383    -0.800
     0.605    -0.459    -0.651
     0.543    -0.526    -0.654
     0.232    -0.758    -0.609
     0.495    -0.589    -0.639
     0.680    -0.634    -0.368
     0.614    -0.712    -0.341
     0.703    -0.711     0.004
     0.409    -0.892    -0.190
     0.466    -0.763    -0.448
     0.421    -0.829    -0.369
     0.572    -0.689    -0.446
     0.694    -0.549    -0.465
     0.389    -0.805    -0.447
     0.649    -0.376    -0.661
     0.561    -0.594    -0.577
     0.249    -0.734    -0.631
     0.544    -0.818    -0.189
     0.569    -0.701    -0.430
     0.647    -0.718    -0.258
     0.354    -0.700    -0.621
     0.550    -0.622    -0.558
     0.288    -0.803    -0.521
     0.612    -0.731    -0.302
     0.646    -0.716    -0.266
     0.320    -0.613    -0.723
     0.593    -0.405    -0.696
     0.563    -0.799    -0.212
     0.338    -0.690    -0.640
     0.681    -0.698    -0.222
     0.190    -0.633    -0.750
     0.665    -0.567    -0.487
     0.422    -0.776    -0.469
     0.426    -0.787    -0.446
     0.628    -0.429    -0.649
     0.463    -0.867    -0.184
     0.216    -0.570    -0.793
     0.646    -0.662    -0.380
     0.622    -0.610    -0.491
     0.568    -0.624    -0.537
     0.449    -0.659    -0.604
     0.175    -0.884    -0.434
     0.796    -0.567    -0.211
     0.677    -0.699    -0.229
     0.570    -0.795    -0.205
     0.608    -0.662    -0.439
     0.683    -0.661    -0.310
     0.647    -0.560    -0.517
     0.787    -0.497    -0.365
     0.586    -0.667    -0.459
     0.541    -0.548    -0.638
     0.575    -0.721    -0.387
     0.545    -0.838     0.009
     0.431    -0.770    -0.471
     0.476    -0.793    -0.380
     0.586    -0.699    -0.410
     0.435    -0.654    -0.619
     0.320    -0.905    -0.282
     0.682    -0.683    -0.262
     0.411    -0.898    -0.154
     0.485    -0.696    -0.529
     0.592    -0.681    -0.431
     0.660    -0.710    -0.245
     0.611    -0.733    -0.299
     0.588    -0.730    -0.348
     0.586    -0.604    -0.541
     0.483    -0.817    -0.316
     0.518    -0.794    -0.317
     0.741    -0.648    -0.176
     0.289    -0.754    -0.590
     0.770    -0.298    -0.563
     0.423    -0.871    -0.250
     0.739    -0.637    -0.219
     0.613    -0.763    -0.206
     0.618    -0.672    -0.408
     0.193    -0.909    -0.370
     0.390    -0.609    -0.691
     0.362    -0.919    -0.159
     0.450    -0.843    -0.295
     0.638    -0.371    -0.675
     0.140    -0.827    -0.545
     0.438    -0.862    -0.255
     0.326    -0.726    -0.605
     0.598    -0.787    -0.151
     0.636    -0.741    -0.215
     0.725    -0.567    -0.390
     0.491    -0.800    -0.345
     0.458    -0.738    -0.496
     0.547    -0.680    -0.488
     0.277    -0.823    -0.496
     0.675    -0.649    -0.350
     0.340    -0.779    -0.527
     0.499    -0.831    -0.244
     0.336    -0.833    -0.439
     0.613    -0.774    -0.158
     0.596    -0.643    -0.481
     0.626    -0.488    -0.609
     0.461    -0.779    -0.426
     0.268    -0.454    -0.850
     0.773    -0.509    -0.379
     0.561    -0.784    -0.265
     0.559    -0.578    -0.595
     0.611    -0.783    -0.114
     0.535    -0.657    -0.531
     0.625    -0.588    -0.513
     0.583    -0.635    -0.507
     0.670    -0.647    -0.363
     0.506    -0.710    -0.490
     0.576    -0.704    -0.416
     0.542    -0.591    -0.598
     0.555    -0.731    -0.397
     0.668    -0.494    -0.557
     0.590    -0.578    -0.564
     0.484    -0.772    -0.412
     0.436    -0.495    -0.752
     0.522    -0.746    -0.413
     0.564    -0.772    -0.292
     0.451    -0.810    -0.375
     0.526    -0.714    -0.463
     0.448    -0.801    -0.398
     0.510    -0.779    -0.365
     0.612    -0.662    -0.432
     0.467    -0.730    -0.498
     0.244    -0.767    -0.594
     0.252    -0.786    -0.564
     0.551    -0.655    -0.517
     0.708    -0.508    -0.491
     0.343    -0.661    -0.667
     0.635    -0.510    -0.580
     0.589    -0.751    -0.300
     0.617    -0.769    -0.166
     0.161    -0.924    -0.348
     0.510    -0.724    -0.465
     0.424    -0.602    -0.677
     0.533    -0.508    -0.677
     0.495    -0.621    -0.608
     0.580    -0.748    -0.322
     0.488    -0.835    -0.253
     0.523    -0.821    -0.228
     0.533    -0.805    -0.259
     0.718    -0.598    -0.356
     0.430    -0.811    -0.397
     0.427    -0.652    -0.626
     0.402    -0.693    -0.599
     0.673    -0.407    -0.617
     0.713    -0.575    -0.400
     0.615    -0.715    -0.332
     0.264    -0.959    -0.101
     0.764    -0.600    -0.237
     0.639    -0.688    -0.343
     0.696    -0.562    -0.447
     0.550    -0.545    -0.633
     0.410    -0.775    -0.480
     0.516    -0.610    -0.601
     0.520    -0.528    -0.672
     0.413    -0.822    -0.392
     0.701    -0.541    -0.465
     0.369    -0.648    -0.666
     0.327    -0.635    -0.700
     0.607    -0.667    -0.433
     0.788    -0.431    -0.438
     0.387    -0.806    -0.447
     0.463    -0.804    -0.373
     0.299    -0.780    -0.549
     0.520    -0.702    -0.486
     0.675    -0.709    -0.205
     0.369    -0.883    -0.291
     0.439    -0.634    -0.637
     0.648    -0.524    -0.552
     0.133    -0.928    -0.347
     0.411    -0.875    -0.256
     0.422    -0.851    -0.313
     0.449    -0.764    -0.463
     0.528    -0.587    -0.614
     0.616    -0.709    -0.345
     0.312    -0.818    -0.484
     0.477    -0.640    -0.603
     0.679    -0.646    -0.348
     0.385    -0.734    -0.560
     0.383    -0.891    -0.245
     0.598    -0.697    -0.396
     0.517    -0.403    -0.756
     0.413    -0.906    -0.092
     0.693    -0.717    -0.075
     0.538    -0.621    -0.570
     0.396    -0.554    -0.732
     0.510    -0.787    -0.346
     0.522    -0.789    -0.322
     0.678    -0.495    -0.543
     0.454    -0.644    -0.616
     0.469    -0.632    -0.617
     0.634    -0.636    -0.440
     0.534    -0.702    -0.472
     0.459    -0.810    -0.365
     0.186    -0.789    -0.585
     0.349    -0.633    -0.691
     0.758    -0.549    -0.353
     0.862    -0.337    -0.379
     0.529    -0.655    -0.539
     0.454    -0.801    -0.390
     0.241    -0.703    -0.669
     0.381    -0.752    -0.538
     0.693    -0.564    -0.448
     0.315    -0.826    -0.467
     0.447    -0.609    -0.655
     0.529    -0.621    -0.579
     0.533    -0.713    -0.456
     0.430    -0.595    -0.678
     0.482    -0.649    -0.588
     0.379    -0.742    -0.552
     0.439    -0.722    -0.535
     0.518    -0.639    -0.570
     0.227    -0.805    -0.548
     0.531    -0.522    -0.668
     0.508    -0.663    -0.550
     0.491    -0.639    -0.593
     0.588    -0.687    -0.428
     0.605    -0.680    -0.414
     0.648    -0.586    -0.486
     0.516    -0.448    -0.730
     0.259    -0.751    -0.607
     0.749    -0.433    -0.502
     0.605    -0.762    -0.232
     0.538    -0.487    -0.688
     0.338    -0.761    -0.553
     0.584    -0.675    -0.450
     0.414    -0.797    -0.440
     0.320    -0.716    -0.620
     0.414    -0.833    -0.367
     0.565    -0.703    -0.433
     0.434    -0.807    -0.400
     0.476    -0.833    -0.282
     0.842    -0.358    -0.403
     0.498    -0.749    -0.437
     0.515    -0.575    -0.636
     0.419    -0.797    -0.434
     0.460    -0.729    -0.507
     0.579    -0.663    -0.474
     0.622    -0.499    -0.604
     0.285    -0.800    -0.528
     0.560    -0.680    -0.473
     0.279    -0.916    -0.289
     0.551    -0.716    -0.429
     0.584    -0.755    -0.297
     0.583    -0.803    -0.123
     0.451    -0.747    -0.490
     0.773    -0.516    -0.370
     0.675    -0.518    -0.525
     0.679    -0.617    -0.398
     0.513    -0.652    -0.558
     0.514    -0.820    -0.251
     0.634    -0.627    -0.452
     0.378    -0.855    -0.355
     0.374    -0.828    -0.418
     0.427    -0.740    -0.519
     0.346    -0.798    -0.494
     0.359    -0.916    -0.178
     0.494    -0.579    -0.649
     0.381    -0.493    -0.782
     0.639    -0.554    -0.534
     0.654    -0.688    -0.315
     0.501    -0.735    -0.457
     0.642    -0.659    -0.392
     0.594    -0.652    -0.471
     0.401    -0.801    -0.445
     0.467    -0.549    -0.694
     0.461    -0.551    -0.696
     0.358    -0.872    -0.335
     0.393    -0.760    -0.517
     0.581    -0.777    -0.243
     0.399    -0.715    -0.575
     0.300    -0.861    -0.410
     0.361    -0.824    -0.436
     0.509    -0.780    -0.365
     0.638    -0.629    -0.444
     0.625    -0.620    -0.474
     0.405    -0.796    -0.450
     0.576    -0.698    -0.426
     0.154    -0.814    -0.561
     0.390    -0.802    -0.453
     0.389    -0.690    -0.611
     0.413    -0.754    -0.511
     0.528    -0.669    -0.522
     0.432    -0.838    -0.333
     0.451    -0.726    -0.519
     0.558    -0.819    -0.136
     0.614    -0.697    -0.369
     0.734    -0.496    -0.463
     0.393    -0.534    -0.749
     0.435    -0.725    -0.534
     0.479    -0.846    -0.234
     0.325    -0.572    -0.753
     0.476    -0.549    -0.687
     0.701    -0.648    -0.297
     0.486    -0.672    -0.560
     0.765    -0.607    -0.214
     0.462    -0.716    -0.522
     0.236    -0.774    -0.588
     0.491    -0.749    -0.444
     0.331    -0.778    -0.534
     0.476    -0.821    -0.315
     0.720    -0.536    -0.441
     0.525    -0.715    -0.461
     0.595    -0.550    -0.586
     0.674    -0.624    -0.395
     0.510    -0.712    -0.482
     0.545    -0.649    -0.531
     0.596    -0.625    -0.504
     0.681    -0.417    -0.602
     0.441    -0.645    -0.625
     0.284    -0.902    -0.324
     0.492    -0.554    -0.672
     0.532    -0.790    -0.304
     0.549    -0.739    -0.390
     0.757    -0.577    -0.307
     0.310    -0.853    -0.420
     0.494    -0.753    -0.435
     0.509    -0.705    -0.494
     0.602    -0.777    -0.184
     0.131    -0.845    -0.519
     0.520    -0.641    -0.565
     0.407    -0.810    -0.421
     0.666    -0.729    -0.160
     0.595    -0.661    -0.457
     0.598    -0.736    -0.318
     0.269    -0.841    -0.469
     0.410    -0.889    -0.206
     0.441    -0.781    -0.443
     0.293    -0.905    -0.308
     0.752    -0.589    -0.297
     0.532    -0.847     0.021
     0.270    -0.592    -0.759
     0.507    -0.484    -0.713
     0.592    -0.696    -0.407
     0.400    -0.681    -0.614
     0.755    -0.598    -0.269
     0.492    -0.722    -0.487
     0.625    -0.365    -0.689
     0.363    -0.627    -0.689
     0.339    -0.711    -0.616
     0.397    -0.851    -0.344
     0.512    -0.792    -0.333
     0.654    -0.726    -0.213
     0.705    -0.662    -0.257
     0.622    -0.772    -0.134
     0.580    -0.606    -0.544
     0.008    -0.812    -0.583
     0.720    -0.383    -0.579
     0.478    -0.687    -0.547
     0.633    -0.705    -0.320
     0.452    -0.757    -0.471
     0.423    -0.733    -0.533
     0.364    -0.751    -0.551
     0.493    -0.718    -0.491
     0.614    -0.683    -0.394
     0.618    -0.606    -0.501
     0.815    -0.563    -0.135
     0.629    -0.638    -0.444
     0.516    -0.647    -0.562
     0.442    -0.671    -0.595
     0.640    -0.704    -0.308
     0.530    -0.840    -0.111
     0.671    -0.468    -0.575
     0.563    -0.603    -0.565
     0.791    -0.484    -0.375
     0.461    -0.619    -0.636
     0.847    -0.456    -0.274
     0.497    -0.770    -0.401
     0.214    -0.788    -0.577
     0.394    -0.656    -0.644
     0.684    -0.453    -0.571
     0.749    -0.450    -0.486
     0.397    -0.686    -0.610
     0.669    -0.664    -0.334
     0.558    -0.672    -0.487
     0.601    -0.765    -0.229
     0.629    -0.702    -0.333
     0.068    -0.739    -0.670
     0.381    -0.810    -0.445
     0.492    -0.739    -0.461
     0.610    -0.792     0.024
     0.518    -0.621    -0.588
     0.518    -0.768    -0.376
     0.444    -0.662    -0.603
     0.573    -0.527    -0.628
     0.512    -0.754    -0.411
     0.509    -0.523    -0.683
     0.429    -0.740    -0.518
     0.559    -0.692    -0.456
     0.327    -0.637    -0.698
     0.532    -0.795    -0.291
     0.605    -0.529    -0.595
     0.555    -0.712    -0.429
     0.528    -0.723    -0.447
     0.327    -0.614    -0.719
     0.680    -0.477    -0.556
     0.417    -0.633    -0.652
     0.741    -0.499    -0.450
     0.372    -0.713    -0.595
     0.304    -0.665    -0.682
     0.534    -0.690    -0.488
     0.686    -0.580    -0.440
     0.773    -0.538    -0.336
     0.665    -0.397    -0.633
     0.660    -0.629    -0.411
     0.679    -0.384    -0.626
     0.549    -0.744    -0.382
     0.274    -0.798    -0.537
     0.575    -0.674    -0.464
     0.587    -0.514    -0.625
     0.415    -0.876    -0.245
     0.359    -0.872    -0.332
     0.543    -0.782    -0.305
     0.546    -0.656    -0.521
     0.599    -0.528    -0.602
     0.782    -0.618    -0.078
     0.548    -0.813    -0.198
     0.621    -0.702    -0.349
     0.437    -0.758    -0.484
     0.592    -0.748    -0.301
     0.305    -0.922    -0.237
     0.423    -0.678    -0.601
     0.284    -0.653    -0.702
     0.554    -0.612    -0.565
     0.565    -0.468    -0.679
     0.701    -0.678    -0.219
     0.557    -0.759    -0.337
     0.811    -0.451    -0.372
     0.334    -0.479    -0.812
     0.634    -0.730    -0.257
     0.728    -0.663    -0.176
     0.601    -0.684    -0.414
     0.533    -0.737    -0.417
     0.419    -0.767    -0.486
     0.727    -0.603    -0.327
     0.710    -0.658    -0.251
     0.509    -0.710    -0.488
     0.629    -0.501    -0.595
     0.534    -0.632    -0.561
     0.413    -0.573    -0.708
     0.656    -0.736    -0.167
     0.329    -0.732    -0.597
     0.543    -0.721    -0.430
     0.401    -0.537    -0.743
     0.538    -0.796    -0.279
     0.461    -0.834    -0.303
     0.576    -0.681    -0.452
     0.489    -0.712    -0.503
     0.443    -0.767    -0.464
     0.598    -0.585    -0.548
     0.228    -0.656    -0.720
     0.537    -0.578    -0.615
     0.432    -0.719    -0.544
     0.439    -0.869    -0.228
     0.552    -0.719    -0.423
     0.574    -0.573    -0.584
     0.503    -0.680    -0.533
     0.500    -0.710    -0.495
     0.594    -0.545    -0.592
     0.484    -0.686    -0.544
     0.652    -0.649    -0.392
     0.467    -0.819    -0.332
     0.548    -0.772    -0.324
     0.585    -0.762    -0.277
     0.633    -0.478    -0.609
