    -0.073    -0.409     0.910
     0.343     0.369     0.864
    -0.213    -0.035     0.976
     0.709    -0.236     0.664
     0.175    -0.071     0.982
     0.529    -0.152     0.835
     0.163     0.322     0.933
     0.769     0.282     0.574
     0.411     0.142     0.901
     0.622    -0.154     0.768
     0.355     0.072     0.932
     0.694     0.034     0.719
     0.489    -0.081     0.869
     0.060    -0.082     0.995
    -0.121     0.268     0.956
     0.434     0.163     0.886
     0.767    -0.428     0.478
     0.550     0.166     0.819
     0.566    -0.364     0.740
     0.606     0.371     0.703
     0.709    -0.137     0.692
     0.017    -0.488     0.873
     0.404     0.308     0.861
     0.549    -0.028     0.835
     0.125     0.066     0.990
     0.017     0.419     0.908
     0.197    -0.074     0.978
     0.213    -0.406     0.889
     0.628    -0.208     0.750
     0.049    -0.447     0.893
     0.600    -0.361     0.714
     0.294    -0.062     0.954
     0.246    -0.037     0.969
     0.351     0.160     0.922
     0.466    -0.466     0.752
     0.362    -0.425     0.830
     0.294    -0.227     0.928
     0.488     0.245     0.838
     0.398    -0.011     0.917
    -0.025     0.001     1.000
     0.232     0.059     0.971
     0.258    -0.071     0.963
     0.355    -0.001     0.935
    -0.102    -0.018     0.995
     0.008     0.095     0.995
     0.170    -0.571     0.803
     0.690     0.105     0.716
     0.534     0.368     0.761
     0.538    -0.320     0.780
     0.638    -0.224     0.737
     0.594    -0.085     0.800
     0.191    -0.161     0.968
     0.476     0.118     0.871
     0.281    -0.244     0.928
     0.622     0.121     0.774
     0.516     0.401     0.757
     0.655    -0.025     0.755
     0.183    -0.042     0.982
     0.666    -0.261     0.699
     0.047    -0.821     0.570
     0.556     0.231     0.799
     0.381    -0.435     0.815
     0.142    -0.462     0.875
     0.720    -0.596     0.355
     0.106    -0.125     0.986
     0.358     0.049     0.933
     0.146    -0.258     0.955
     0.369     0.025     0.929
     0.331    -0.251     0.910
    -0.041     0.698     0.715
     0.470     0.031     0.882
     0.158     0.086     0.984
     0.280     0.367     0.887
     0.329    -0.184     0.926
     0.692    -0.332     0.641
     0.181    -0.409     0.894
     0.686    -0.455     0.568
     0.102     0.070     0.992
     0.119    -0.065     0.991
     0.533     0.278     0.799
     0.490     0.529     0.693
     0.166    -0.326     0.931
     0.267    -0.023     0.963
     0.376    -0.136     0.917
     0.792    -0.209     0.574
     0.883     0.026     0.468
    -0.032    -0.419     0.907
     0.104     0.079     0.991
     0.340    -0.049     0.939
     0.479     0.456     0.750
    -0.005    -0.177     0.984
     0.303    -0.082     0.950
     0.109     0.095     0.990
     0.454    -0.065     0.888
     0.373    -0.021     0.928
     0.751    -0.083     0.655
     0.496    -0.359     0.790
     0.198     0.036     0.980
     0.125    -0.447     0.886
    -0.145     0.012     0.989
     0.459     0.144     0.877
     0.520    -0.347     0.780
     0.520    -0.072     0.851
     0.501    -0.474     0.724
     0.087     0.052     0.995
     0.542    -0.611     0.577
     0.922    -0.044     0.386
    -0.008    -0.061     0.998
     0.272     0.233     0.934
     0.163     0.050     0.985
     0.578    -0.224     0.785
     0.454     0.245     0.857
     0.489     0.059     0.870
     0.573     0.049     0.818
     0.444    -0.225     0.867
     0.131    -0.156     0.979
     0.596     0.449     0.666
     0.677    -0.209     0.706
     0.318    -0.544     0.776
     0.352    -0.267     0.897
     0.679    -0.375     0.631
     0.388     0.191     0.902
     0.454    -0.117     0.883
     0.236    -0.005     0.972
     0.044     0.154     0.987
     0.506    -0.120     0.854
     0.148     0.219     0.964
     0.580     0.320     0.750
     0.604    -0.250     0.757
     0.012     0.091     0.996
     0.546    -0.167     0.821
     0.692    -0.582     0.428
    -0.117     0.069     0.991
     0.278    -0.021     0.960
     0.160    -0.504     0.849
    -0.116    -0.022     0.993
     0.426    -0.354     0.832
     0.228    -0.192     0.955
     0.228    -0.180     0.957
     0.775     0.309     0.551
     0.865    -0.294     0.407
    -0.072     0.236     0.969
     0.130     0.215     0.968
     0.594    -0.225     0.773
     0.705    -0.247     0.665
     0.633     0.162     0.757
     0.314    -0.051     0.948
     0.820     0.283     0.497
     0.463    -0.152     0.873
     0.506     0.181     0.843
     0.361    -0.358     0.861
     0.367     0.134     0.921
     0.109    -0.084     0.991
     0.316    -0.015     0.949
     0.818    -0.209     0.536
     0.548     0.165     0.820
     0.362    -0.148     0.920
     0.283     0.163     0.945
     0.411     0.513     0.753
     0.026     0.152     0.988
     0.168    -0.532     0.830
     0.549     0.142     0.824
    -0.038    -0.418     0.908
     0.696     0.158     0.701
     0.523    -0.336     0.783
     0.478     0.312     0.821
     0.617    -0.030     0.787
     0.422     0.223     0.879
     0.138     0.027     0.990
     0.311    -0.340     0.888
     0.488     0.245     0.838
     0.309    -0.037     0.950
     0.290    -0.112     0.950
     0.566    -0.102     0.818
     0.542    -0.021     0.840
     0.691    -0.039     0.722
     0.549    -0.061     0.833
     0.778    -0.153     0.609
     0.163    -0.113     0.980
     0.304     0.468     0.830
     0.042     0.022     0.999
     0.652     0.020     0.758
     0.649     0.004     0.761
     0.629     0.210     0.749
     0.662    -0.093     0.743
     0.506    -0.110     0.856
     0.481    -0.516     0.708
     0.551     0.214     0.807
     0.441     0.291     0.849
     0.532     0.364     0.765
     0.150    -0.437     0.887
     0.606     0.282     0.744
     0.190    -0.076     0.979
    -0.091     0.093     0.992
     0.123     0.520     0.845
     0.202    -0.048     0.978
     0.360     0.079     0.930
     0.220     0.143     0.965
     0.658    -0.290     0.695
     0.621    -0.242     0.746
     0.348    -0.072     0.935
     0.409    -0.029     0.912
     0.040     0.174     0.984
     0.193    -0.409     0.892
     0.225    -0.283     0.932
     0.494    -0.087     0.865
     0.544     0.268     0.795
     0.712     0.200     0.673
     0.218     0.042     0.975
     0.389    -0.376     0.841
     0.272     0.067     0.960
    -0.025    -0.270     0.962
     0.508    -0.284     0.813
     0.424    -0.079     0.902
     0.227    -0.106     0.968
     0.401    -0.695     0.597
     0.976    -0.027     0.216
     0.226     0.553     0.802
     0.050    -0.043     0.998
     0.757     0.481     0.442
     0.729    -0.356     0.586
    -0.114    -0.154     0.981
    -0.082     0.202     0.976
     0.508    -0.293     0.810
     0.375     0.049     0.926
     0.207    -0.267     0.941
     0.591    -0.172     0.788
     0.057     0.242     0.969
     0.423     0.053     0.904
     0.220    -0.380     0.898
     0.215    -0.163     0.963
     0.397    -0.414     0.819
     0.137    -0.192     0.972
     0.807     0.173     0.564
     0.768     0.267     0.582
     0.345     0.371     0.862
    -0.223     0.120     0.967
     0.439     0.062     0.896
     0.289    -0.103     0.952
     0.390    -0.640     0.662
     0.403    -0.257     0.878
     0.043    -0.131     0.990
     0.315    -0.281     0.906
     0.339    -0.152     0.928
     0.343    -0.080     0.936
     0.329    -0.490     0.807
     0.658    -0.547     0.517
     0.245    -0.361     0.900
     0.199    -0.386     0.901
     0.229    -0.164     0.959
     0.539    -0.034     0.841
     0.481    -0.189     0.856
     0.289    -0.383     0.877
    -0.156     0.013     0.988
     0.389     0.361     0.848
     0.678     0.176     0.714
     0.297    -0.688     0.662
     0.495    -0.302     0.815
     0.145    -0.321     0.936
     0.087    -0.018     0.996
     0.664    -0.474     0.578
     0.516     0.338     0.787
     0.460    -0.265     0.848
     0.389     0.005     0.921
     0.321    -0.398     0.860
     0.310     0.010     0.951
     0.380    -0.258     0.888
     0.049     0.175     0.983
     0.100     0.037     0.994
     0.403    -0.198     0.893
     0.427     0.123     0.896
     0.413    -0.183     0.892
    -0.204    -0.505     0.839
     0.162    -0.135     0.978
     0.470     0.337     0.816
    -0.204     0.252     0.946
     0.187     0.431     0.883
     0.583    -0.214     0.784
    -0.074    -0.338     0.938
     0.260    -0.548     0.795
     0.654     0.161     0.739
     0.501     0.431     0.750
     0.296    -0.053     0.954
     0.177     0.036     0.984
     0.307    -0.138     0.941
     0.099    -0.470     0.877
     0.454     0.048     0.889
     0.573    -0.324     0.753
     0.441     0.054     0.896
     0.596     0.170     0.785
     0.047    -0.083     0.995
     0.156    -0.251     0.955
     0.383     0.058     0.922
     0.646    -0.032     0.762
     0.423    -0.210     0.882
     0.381     0.083     0.921
     0.441    -0.114     0.890
     0.571    -0.321     0.755
     0.545     0.219     0.809
     0.119     0.213     0.970
     0.234    -0.196     0.952
    -0.072    -0.525     0.848
     0.248    -0.181     0.952
     0.230    -0.356     0.906
     0.540    -0.081     0.838
     0.356     0.050     0.933
     0.111    -0.012     0.994
     0.327    -0.053     0.944
     0.202    -0.107     0.974
     0.216    -0.381     0.899
     0.242     0.279     0.929
    -0.136     0.685     0.716
    -0.035    -0.096     0.995
     0.339    -0.541     0.769
     0.210    -0.225     0.951
    -0.135    -0.117     0.984
     0.368     0.379     0.849
     0.766     0.114     0.632
     0.390    -0.227     0.892
     0.345    -0.282     0.895
     0.285    -0.229     0.931
    -0.102     0.327     0.940
     0.820    -0.058     0.570
     0.512    -0.164     0.843
     0.219     0.145     0.965
     0.596    -0.195     0.779
     0.239    -0.266     0.934
     0.741    -0.015     0.671
    -0.077    -0.309     0.948
     0.515    -0.180     0.838
     0.783    -0.069     0.618
     0.064    -0.025     0.998
     0.161    -0.466     0.870
     0.480     0.178     0.859
     0.159     0.146     0.976
     0.377    -0.046     0.925
     0.865     0.042     0.500
     0.423     0.115     0.899
    -0.130    -0.421     0.898
     0.088    -0.499     0.862
     0.653    -0.647     0.393
     0.327    -0.348     0.878
     0.652    -0.152     0.743
     0.364    -0.277     0.889
     0.194    -0.305     0.932
     0.471    -0.304     0.828
     0.485     0.122     0.866
     0.734    -0.089     0.674
     0.486    -0.144     0.862
     0.029     0.207     0.978
     0.465     0.297     0.834
     0.211    -0.008     0.977
    -0.045    -0.083     0.996
     0.228     0.058     0.972
     0.741    -0.353     0.571
     0.633     0.400     0.663
     0.380    -0.268     0.885
     0.337    -0.024     0.941
     0.357    -0.293     0.887
     0.021     0.309     0.951
     0.559    -0.383     0.735
     0.686     0.213     0.695
    -0.159    -0.389     0.908
     0.812    -0.112     0.573
     0.152     0.067     0.986
     0.665    -0.235     0.708
     0.479     0.136     0.867
     0.695    -0.166     0.700
     0.527     0.063     0.847
     0.620    -0.331     0.712
    -0.214    -0.096     0.972
     0.770    -0.366     0.522
     0.745    -0.010     0.667
     0.701     0.106     0.705
     0.226    -0.077     0.971
     0.416     0.238     0.878
     0.329    -0.471     0.819
     0.021    -0.028     0.999
     0.026    -0.234     0.972
     0.654    -0.180     0.735
     0.882    -0.270     0.385
     0.363    -0.175     0.915
     0.061     0.298     0.953
     0.569    -0.192     0.799
     0.590     0.120     0.799
     0.302    -0.204     0.931
     0.602    -0.141     0.786
     0.633    -0.120     0.765
     0.841    -0.301     0.449
     0.649    -0.501     0.573
     0.123    -0.312     0.942
     0.648    -0.472     0.598
     0.030    -0.198     0.980
     0.434    -0.458     0.776
     0.736    -0.352     0.579
     0.462     0.075     0.883
     0.380    -0.201     0.903
     0.460    -0.036     0.887
     0.023    -0.501     0.865
     0.118    -0.626     0.771
     0.541    -0.134     0.830
     0.009    -0.082     0.997
     0.990    -0.067     0.125
     0.658    -0.021     0.753
    -0.227    -0.703     0.674
     0.329    -0.083     0.941
     0.676     0.167     0.717
     0.286    -0.465     0.838
     0.421    -0.322     0.848
     0.548    -0.319     0.774
     0.268     0.068     0.961
     0.047    -0.583     0.811
     0.816     0.022     0.578
     0.344     0.061     0.937
     0.562    -0.192     0.805
    -0.261    -0.270     0.927
     0.323    -0.065     0.944
     0.790    -0.327     0.519
     0.155    -0.341     0.927
    -0.353     0.022     0.935
     0.728    -0.162     0.666
    -0.165    -0.670     0.724
    -0.053     0.263     0.963
     0.516    -0.410     0.752
     0.779    -0.122     0.615
     0.578    -0.119     0.807
     0.549    -0.401     0.733
     0.175    -0.166     0.971
     0.305    -0.119     0.945
     0.329    -0.194     0.924
     0.654    -0.179     0.735
    -0.049     0.024     0.998
     0.165     0.179     0.970
     0.664    -0.231     0.711
    -0.261     0.084     0.962
     0.139     0.137     0.981
     0.068    -0.025     0.997
    -0.111    -0.455     0.884
     0.290    -0.105     0.951
     0.570     0.171     0.804
     0.404     0.212     0.890
     0.781    -0.230     0.581
     0.686    -0.442     0.578
     0.634     0.034     0.772
     0.067    -0.008     0.998
     0.564    -0.105     0.819
     0.678     0.004     0.735
     0.627    -0.253     0.736
     0.668    -0.204     0.715
     0.283    -0.102     0.954
     0.154     0.159     0.975
     0.459    -0.123     0.880
     0.504    -0.068     0.861
     0.460    -0.353     0.815
     0.593     0.075     0.802
     0.668     0.543     0.509
     0.519     0.259     0.815
    -0.139    -0.187     0.973
     0.201    -0.624     0.755
     0.176    -0.237     0.955
    -0.044     0.104     0.994
     0.296    -0.346     0.891
     0.563     0.155     0.812
     0.610    -0.108     0.785
    -0.114    -0.330     0.937
     0.143    -0.276     0.950
    -0.423    -0.059     0.904
     0.579    -0.263     0.772
     0.457     0.186     0.870
     0.464     0.097     0.881
     0.375    -0.484     0.790
     0.362    -0.468     0.806
    -0.405    -0.334     0.851
     0.645     0.189     0.740
     0.739    -0.103     0.665
     0.208    -0.169     0.963
     0.120     0.102     0.988
     0.746    -0.056     0.663
     0.636    -0.119     0.762
     0.255    -0.702     0.665
     0.172    -0.265     0.949
     0.096    -0.344     0.934
     0.816    -0.087     0.571
     0.357    -0.390     0.849
     0.175     0.318     0.932
    -0.364    -0.628     0.688
    -0.025     0.275     0.961
     0.590     0.190     0.785
     0.311    -0.827     0.468
     0.195     0.291     0.937
     0.532    -0.014     0.846
     0.370    -0.011     0.929
     0.385     0.222     0.896
     0.617     0.206     0.760
     0.010     0.128     0.992
     0.462    -0.151     0.874
     0.077     0.451     0.889
     0.408     0.202     0.890
     0.602     0.210     0.770
    -0.118    -0.574     0.810
     0.667    -0.044     0.744
     0.130    -0.443     0.887
     0.338    -0.438     0.833
     0.254    -0.054     0.966
     0.527     0.164     0.834
     0.280     0.016     0.960
     0.387    -0.517     0.763
     0.471    -0.288     0.834
     0.785     0.268     0.559
    -0.120     0.476     0.871
     0.629    -0.197     0.752
     0.107    -0.422     0.900
     0.642    -0.356     0.679
     0.364    -0.182     0.914
     0.852    -0.180     0.492
     0.069    -0.312     0.947
     0.109    -0.685     0.720
    -0.036    -0.112     0.993
     0.541     0.191     0.819
     0.884     0.197     0.423
     0.564    -0.400     0.722
     0.218    -0.384     0.897
     0.418     0.153     0.896
     0.357    -0.396     0.846
     0.030    -0.248     0.968
     0.783    -0.251     0.568
     0.103    -0.047     0.994
     0.554    -0.265     0.789
     0.062    -0.272     0.960
     0.135    -0.091     0.987
     0.633    -0.038     0.774
     0.044    -0.520     0.853
     0.217    -0.050     0.975
     0.265     0.383     0.885
     0.410     0.152     0.899
     0.695     0.043     0.718
     0.716    -0.402     0.571
     0.450    -0.272     0.850
     0.115     0.349     0.930
     0.138    -0.197     0.971
     0.400    -0.162     0.902
     0.098    -0.128     0.987
     0.474     0.326     0.818
     0.297    -0.434     0.851
     0.512    -0.004     0.859
    -0.034     0.052     0.998
    -0.065     0.151     0.986
     0.804    -0.184     0.566
     0.337    -0.035     0.941
     0.050    -0.370     0.928
     0.309    -0.337     0.889
     0.446    -0.303     0.842
     0.144    -0.106     0.984
     0.495    -0.303     0.814
     0.367     0.023     0.930
     0.554    -0.369     0.746
     0.840    -0.024     0.542
     0.077     0.084     0.994
     0.645    -0.383     0.661
     0.689     0.253     0.679
    -0.302     0.064     0.951
     0.445     0.173     0.879
     0.403    -0.177     0.898
     0.653    -0.403     0.642
    -0.095    -0.212     0.973
     0.564    -0.311     0.765
     0.309     0.337     0.889
     0.578    -0.149     0.802
     0.266    -0.004     0.964
     0.368    -0.248     0.896
     0.324     0.104     0.940
     0.533    -0.291     0.794
     0.698     0.067     0.713
     0.127    -0.421     0.898
    -0.419    -0.221     0.881
     0.543    -0.058     0.838
    -0.235     0.139     0.962
     0.751    -0.095     0.654
    -0.050    -0.189     0.981
     0.305    -0.087     0.948
    -0.166    -0.016     0.986
     0.056     0.060     0.997
     0.495     0.046     0.868
     0.155    -0.369     0.916
     0.308     0.176     0.935
     0.180     0.203     0.963
     0.598     0.015     0.801
     0.759     0.007     0.651
    -0.032    -0.396     0.918
     0.466     0.107     0.878
    -0.091    -0.269     0.959
     0.375     0.357     0.855
    -0.212    -0.369     0.905
     0.165     0.284     0.945
     0.420     0.428     0.801
     0.355     0.037     0.934
     0.351     0.105     0.930
     0.224    -0.177     0.958
     0.414     0.246     0.877
     0.718     0.139     0.682
     0.279    -0.366     0.888
     0.394     0.245     0.886
     0.386    -0.268     0.883
     0.740    -0.070     0.669
     0.682     0.064     0.729
     0.010    -0.378     0.926
     0.157    -0.132     0.979
     0.380    -0.208     0.901
     0.482     0.423     0.767
     0.121     0.408     0.905
     0.680    -0.086     0.729
     0.389     0.153     0.908
    -0.005     0.004     1.000
     0.440    -0.221     0.870
     0.513     0.069     0.856
     0.363    -0.041     0.931
     0.282    -0.052     0.958
     0.310    -0.352     0.883
     0.757    -0.187     0.626
     0.288    -0.268     0.919
     0.860    -0.004     0.511
     0.383    -0.499     0.778
     0.403     0.191     0.895
     0.370    -0.393     0.842
     0.245    -0.396     0.885
     0.830    -0.118     0.546
     0.446    -0.295     0.845
     0.709     0.130     0.693
     0.563     0.274     0.780
     0.448    -0.067     0.892
     0.668    -0.291     0.685
     0.375     0.256     0.891
     0.652     0.126     0.747
    -0.071    -0.669     0.740
     0.428    -0.622     0.655
     0.484     0.278     0.830
     0.355    -0.240     0.904
    -0.324     0.107     0.940
    -0.321    -0.417     0.850
    -0.065    -0.115     0.991
     0.061     0.167     0.984
     0.637     0.030     0.770
     0.571    -0.463     0.678
    -0.064    -0.320     0.945
     0.637     0.442     0.632
     0.196     0.011     0.981
     0.585     0.404     0.703
     0.185    -0.147     0.972
     0.338    -0.505     0.794
    -0.034     0.084     0.996
     0.201    -0.316     0.927
     0.175    -0.021     0.984
     0.274    -0.452     0.849
     0.346    -0.068     0.936
     0.427     0.312     0.849
    -0.276    -0.837     0.472
     0.157    -0.148     0.977
     0.543    -0.173     0.822
     0.699    -0.113     0.707
     0.099    -0.086     0.991
     0.297     0.402     0.866
     0.379    -0.065     0.923
     0.276    -0.409     0.869
     0.429    -0.191     0.883
     0.518     0.200     0.832
     0.684     0.157     0.712
     0.520    -0.091     0.849
     0.337     0.184     0.923
     0.213    -0.172     0.962
     0.530     0.048     0.847
     0.371    -0.253     0.893
     0.242    -0.115     0.963
     0.085    -0.393     0.915
     0.375    -0.418     0.827
     0.592     0.012     0.806
     0.622    -0.387     0.680
     0.305     0.283     0.909
     0.667    -0.371     0.646
     0.590     0.505     0.630
     0.205    -0.157     0.966
     0.677     0.087     0.731
     0.358     0.139     0.923
     0.190     0.431     0.882
     0.588    -0.245     0.771
     0.330    -0.016     0.944
     0.334    -0.670     0.663
     0.756    -0.323     0.569
    -0.016    -0.036     0.999
     0.506    -0.329     0.797
     0.289     0.339     0.895
     0.347    -0.131     0.929
     0.078     0.294     0.953
     0.311    -0.077     0.947
     0.744    -0.148     0.651
     0.585     0.006     0.811
     0.602     0.078     0.795
     0.273     0.399     0.875
     0.206     0.224     0.953
     0.621    -0.036     0.783
    -0.027    -0.230     0.973
     0.143     0.155     0.977
     0.063    -0.327     0.943
     0.238    -0.472     0.849
     0.811    -0.206     0.548
     0.146     0.033     0.989
    -0.023    -0.240     0.970
    -0.237    -0.109     0.965
     0.438    -0.092     0.894
     0.233     0.598     0.767
     0.173    -0.709     0.684
     0.103    -0.358     0.928
     0.279    -0.171     0.945
     0.377    -0.035     0.926
     0.375    -0.109     0.920
     0.320     0.290     0.902
     0.560    -0.505     0.657
     0.184    -0.191     0.964
     0.661     0.033     0.750
     0.080    -0.389     0.918
     0.789    -0.366     0.494
    -0.028     0.323     0.946
     0.495     0.200     0.845
     0.308    -0.096     0.946
     0.756    -0.191     0.627
     0.346     0.068     0.936
     0.436     0.117     0.893
     0.369    -0.118     0.922
     0.512    -0.155     0.845
     0.418    -0.143     0.897
     0.225     0.143     0.964
     0.408    -0.589     0.698
     0.634    -0.419     0.650
     0.311    -0.463     0.830
     0.057    -0.892     0.448
     0.687     0.052     0.725
     0.165    -0.126     0.978
     0.421     0.241     0.874
     0.221    -0.001     0.975
     0.564    -0.074     0.822
     0.098    -0.309     0.946
     0.533     0.266     0.803
     0.322     0.021     0.947
     0.366    -0.253     0.896
     0.478    -0.474     0.739
     0.586    -0.237     0.775
     0.437    -0.553     0.709
     0.199    -0.030     0.980
     0.517     0.088     0.851
     0.200    -0.532     0.823
     0.334    -0.176     0.926
     0.269    -0.219     0.938
     0.213     0.362     0.908
     0.495    -0.106     0.863
     0.314    -0.275     0.909
     0.427     0.543     0.723
     0.036     0.098     0.995
     0.439     0.255     0.861
     0.347     0.070     0.935
     0.683     0.528     0.505
    -0.012    -0.461     0.887
    -0.010     0.331     0.944
     0.559    -0.356     0.749
     0.444     0.034     0.895
     0.768     0.318     0.556
     0.469    -0.104     0.877
     0.388    -0.273     0.880
     0.611    -0.038     0.791
    -0.148    -0.324     0.934
     0.746    -0.436     0.503
     0.635     0.219     0.741
     0.080    -0.522     0.849
     0.191    -0.294     0.937
     0.322    -0.058     0.945
     0.417    -0.106     0.903
     0.550     0.109     0.828
     0.360    -0.363     0.859
     0.609     0.084     0.789
     0.170     0.016     0.985
     0.261    -0.487     0.833
     0.338     0.189     0.922
     0.231     0.026     0.973
    -0.135     0.218     0.967
     0.466     0.231     0.854
    -0.265    -0.329     0.906
     0.052     0.329     0.943
     0.295     0.091     0.951
    -0.005     0.405     0.914
     0.932    -0.013     0.363
     0.540    -0.105     0.835
    -0.366     0.100     0.925
     0.019    -0.467     0.884
     0.296    -0.537     0.790
     0.535    -0.190     0.823
     0.667     0.258     0.699
     0.455    -0.320     0.831
     0.076     0.043     0.996
    -0.050    -0.225     0.973
     0.390    -0.212     0.896
     0.540    -0.155     0.827
     0.712    -0.171     0.681
     0.642     0.184     0.744
     0.032     0.088     0.996
     0.191     0.150     0.970
     0.190     0.170     0.967
     0.019    -0.096     0.995
     0.275    -0.167     0.947
     0.664     0.284     0.692
     0.718    -0.136     0.683
    -0.133    -0.391     0.911
     0.426    -0.589     0.686
     0.122    -0.330     0.936
     0.257    -0.521     0.814
     0.543     0.350     0.763
     0.662    -0.030     0.749
     0.702    -0.383     0.600
    -0.275    -0.215     0.937
    -0.130     0.279     0.951
    -0.272    -0.461     0.845
     0.226    -0.105     0.969
     0.409     0.661     0.629
     0.697    -0.508     0.506
     0.388     0.053     0.920
     0.391     0.541     0.745
     0.576     0.286     0.766
     0.271    -0.054     0.961
    -0.051     0.580     0.813
     0.253     0.462     0.850
     0.045     0.392     0.919
     0.161    -0.328     0.931
     0.242    -0.433     0.869
     0.111    -0.053     0.992
     0.106    -0.446     0.889
     0.368    -0.007     0.930
     0.334    -0.517     0.788
     0.349     0.043     0.936
     0.840    -0.374     0.394
     0.657    -0.399     0.639
     0.247     0.365     0.898
    -0.134    -0.170     0.976
     0.662     0.004     0.749
    -0.327    -0.126     0.937
     0.568     0.207     0.796
     0.245    -0.131     0.961
     0.203     0.143     0.969
     0.780    -0.146     0.608
     0.471    -0.614     0.633
     0.144     0.110     0.983
     0.094     0.024     0.995
     0.446    -0.293     0.846
     0.006    -0.378     0.926
     0.305     0.433     0.849
     0.171     0.082     0.982
     0.531    -0.520     0.669
     0.252     0.059     0.966
     0.372     0.286     0.883
     0.084     0.045     0.995
     0.516    -0.193     0.835
     0.246    -0.319     0.915
     0.491     0.220     0.843
     0.166    -0.660     0.733
     0.531     0.354     0.770
     0.339    -0.389     0.857
     0.603     0.029     0.797
     0.041     0.237     0.971
     0.310    -0.082     0.947
     0.799     0.306     0.518
     0.263    -0.231     0.937
     0.657    -0.097     0.748
     0.306     0.223     0.926
     0.647    -0.281     0.709
     0.578    -0.266     0.772
     0.070     0.099     0.993
     0.527    -0.056     0.848
     0.062     0.366     0.929
     0.466     0.338     0.817
    -0.194    -0.121     0.973
     0.218    -0.410     0.886
     0.705     0.132     0.697
     0.223    -0.130     0.966
     0.349    -0.412     0.842
    -0.238    -0.305     0.922
     0.455    -0.195     0.869
    -0.048     0.073     0.996
     0.386    -0.214     0.897
     0.313     0.074     0.947
     0.229     0.054     0.972
     0.669     0.211     0.713
     0.491     0.012     0.871
     0.788    -0.114     0.604
     0.079    -0.088     0.993
     0.061    -0.432     0.900
     0.129    -0.670     0.732
     0.137     0.210     0.968
     0.458     0.048     0.888
     0.348    -0.036     0.937
     0.426    -0.095     0.900
     0.416    -0.124     0.901
     0.417     0.014     0.909
     0.486    -0.452     0.748
     0.654     0.509     0.559
     0.281    -0.580     0.764
     0.124    -0.028     0.992
     0.289    -0.063     0.955
     0.567     0.083     0.820
     0.535     0.195     0.822
     0.372    -0.345     0.862
     0.365    -0.245     0.898
     0.430     0.230     0.873
     0.054     0.345     0.937
     0.646     0.100     0.756
     0.219    -0.010     0.976
     0.283    -0.610     0.740
     0.710     0.057     0.702
     0.138    -0.776     0.615
     0.483    -0.077     0.872
     0.457    -0.036     0.889
     0.229    -0.130     0.965
     0.328    -0.358     0.874
     0.239     0.575     0.783
     0.276    -0.124     0.953
     0.080    -0.214     0.974
     0.157     0.248     0.956
     0.564    -0.419     0.711
     0.129    -0.073     0.989
     0.726     0.137     0.674
     0.625    -0.059     0.778
     0.419    -0.385     0.822
     0.527    -0.179     0.831
     0.437    -0.208     0.875
     0.464    -0.309     0.830
     0.315    -0.182     0.932
     0.020    -0.909     0.415
     0.000    -0.402     0.916
     0.371     0.238     0.897
     0.332    -0.043     0.942
     0.259    -0.028     0.965
     0.564     0.603     0.565
     0.303     0.041     0.952
    -0.199     0.091     0.976
     0.331     0.013     0.943
     0.111    -0.133     0.985
     0.574     0.215     0.791
     0.434     0.306     0.847
     0.348     0.469     0.812
     0.539    -0.593     0.599
     0.839    -0.064     0.541
     0.616     0.109     0.780
     0.352    -0.287     0.891
     0.357     0.100     0.929
     0.128    -0.713     0.689
     0.528    -0.246     0.813
     0.274    -0.576     0.770
     0.837     0.007     0.547
     0.496     0.437     0.750
     0.662    -0.043     0.748
     0.577     0.102     0.810
     0.639    -0.081     0.765
     0.723    -0.200     0.661
    -0.028     0.048     0.998
     0.051     0.217     0.975
     0.088     0.196     0.977
     0.525    -0.397     0.753
     0.436     0.215     0.874
     0.292     0.163     0.943
     0.202    -0.339     0.919
     0.223     0.510     0.830
     0.350     0.195     0.916
     0.120    -0.658     0.743
     0.482     0.298     0.824
     0.435    -0.141     0.889
    -0.039    -0.227     0.973
     0.713    -0.506     0.486
     0.201     0.100     0.975
     0.480    -0.175     0.860
     0.467     0.013     0.884
     0.472     0.311     0.825
     0.401    -0.381     0.833
     0.722     0.319     0.614
     0.137    -0.698     0.703
     0.113    -0.291     0.950
     0.044    -0.230     0.972
     0.474    -0.096     0.876
     0.510    -0.091     0.855
     0.408     0.113     0.906
     0.234    -0.525     0.818
    -0.125    -0.216     0.968
     0.434     0.328     0.839
     0.646    -0.242     0.724
     0.231     0.100     0.968
     0.263    -0.127     0.956
     0.464     0.194     0.864
     0.494     0.055     0.868
     0.762    -0.488     0.426
     0.708     0.100     0.699
     0.455    -0.332     0.826
     0.570     0.006     0.822
     0.183    -0.406     0.895
     0.163     0.430     0.888
     0.529    -0.246     0.812
     0.636    -0.119     0.762
     0.400    -0.352     0.846
     0.635    -0.161     0.755
     0.865     0.143     0.480
     0.366    -0.177     0.914
     0.483    -0.405     0.776
     0.748     0.017     0.664
     0.801     0.240     0.549
     0.705     0.189     0.683
    -0.281    -0.326     0.903
     0.175    -0.528     0.831
     0.687    -0.190     0.701
     0.472    -0.238     0.849
     0.594    -0.175     0.785
    -0.006     0.206     0.979
     0.428    -0.222     0.876
     0.037    -0.151     0.988
     0.627    -0.065     0.776
     0.236    -0.369     0.899
    -0.176    -0.023     0.984
     0.083    -0.296     0.952
     0.280    -0.484     0.829
     0.188     0.018     0.982
     0.508    -0.160     0.846
     0.585    -0.270     0.765
     0.458    -0.384     0.802
     0.615    -0.150     0.774
     0.230    -0.052     0.972
