    -0.011     0.603     0.798
     0.011     0.549     0.836
     0.002     0.624     0.781
    -0.028     0.526     0.850
     0.034     0.527     0.849
    -0.053     0.539     0.841
    -0.033     0.543     0.839
     0.092     0.587     0.804
     0.085     0.588     0.805
     0.067     0.560     0.826
    -0.114     0.556     0.824
     0.161     0.649     0.743
    -0.010     0.548     0.836
    -0.021     0.577     0.816
     0.038     0.555     0.831
     0.066     0.460     0.886
     0.016     0.598     0.801
     0.010     0.571     0.821
    -0.013     0.457     0.889
     0.077     0.597     0.798
     0.031     0.568     0.822
     0.063     0.472     0.879
     0.110     0.509     0.854
     0.108     0.559     0.822
    -0.038     0.587     0.809
     0.050     0.506     0.861
     0.030     0.498     0.867
    -0.051     0.566     0.822
     0.001     0.583     0.812
     0.098     0.581     0.808
     0.040     0.529     0.848
     0.042     0.492     0.870
    -0.030     0.544     0.839
     0.073     0.547     0.834
    -0.016     0.566     0.824
     0.090     0.564     0.821
     0.143     0.553     0.821
    -0.040     0.511     0.859
     0.104     0.544     0.833
     0.099     0.637     0.764
     0.046     0.547     0.836
    -0.035     0.527     0.849
     0.102     0.632     0.769
     0.034     0.612     0.791
    -0.008     0.687     0.727
     0.065     0.571     0.818
    -0.025     0.589     0.808
    -0.056     0.588     0.807
     0.008     0.619     0.785
    -0.002     0.562     0.827
     0.003     0.485     0.875
    -0.042     0.436     0.899
    -0.059     0.511     0.858
     0.053     0.538     0.841
     0.080     0.661     0.746
     0.040     0.616     0.787
     0.032     0.613     0.789
     0.114     0.544     0.832
     0.041     0.583     0.811
     0.054     0.595     0.802
     0.027     0.549     0.836
     0.043     0.523     0.851
     0.010     0.604     0.797
    -0.011     0.583     0.812
     0.129     0.494     0.860
    -0.026     0.513     0.858
    -0.017     0.464     0.886
    -0.006     0.547     0.837
     0.056     0.540     0.840
     0.038     0.571     0.820
     0.021     0.510     0.860
    -0.002     0.579     0.815
    -0.036     0.591     0.806
     0.004     0.546     0.838
     0.091     0.464     0.881
    -0.004     0.635     0.772
     0.034     0.664     0.747
     0.085     0.566     0.820
    -0.080     0.476     0.876
     0.009     0.574     0.819
    -0.101     0.481     0.871
    -0.026     0.595     0.803
    -0.003     0.541     0.841
     0.069     0.514     0.855
    -0.026     0.415     0.909
     0.064     0.510     0.858
     0.010     0.556     0.831
     0.007     0.528     0.849
     0.076     0.520     0.851
     0.048     0.535     0.843
    -0.026     0.634     0.773
    -0.024     0.545     0.838
    -0.105     0.544     0.832
    -0.070     0.631     0.772
     0.018     0.607     0.794
     0.111     0.526     0.843
     0.098     0.594     0.799
    -0.006     0.574     0.819
    -0.067     0.520     0.851
    -0.013     0.569     0.822
    -0.014     0.557     0.830
     0.064     0.559     0.827
     0.050     0.517     0.855
    -0.047     0.629     0.776
     0.038     0.647     0.762
     0.004     0.527     0.850
    -0.068     0.480     0.875
    -0.012     0.583     0.813
     0.073     0.585     0.808
    -0.060     0.534     0.844
     0.044     0.541     0.840
    -0.192     0.548     0.814
     0.092     0.592     0.800
     0.087     0.523     0.848
    -0.086     0.563     0.822
     0.034     0.587     0.809
     0.089     0.541     0.836
    -0.013     0.588     0.809
     0.090     0.619     0.780
     0.009     0.481     0.876
     0.029     0.587     0.809
     0.034     0.583     0.812
     0.094     0.519     0.850
     0.003     0.658     0.753
    -0.005     0.509     0.861
    -0.037     0.513     0.858
    -0.101     0.484     0.869
     0.015     0.516     0.857
    -0.026     0.639     0.769
    -0.066     0.495     0.866
     0.025     0.633     0.773
     0.092     0.609     0.788
     0.014     0.602     0.798
     0.053     0.688     0.723
     0.005     0.559     0.829
     0.096     0.582     0.807
    -0.047     0.512     0.858
     0.062     0.542     0.838
     0.127     0.662     0.739
     0.031     0.520     0.854
     0.002     0.631     0.776
     0.005     0.548     0.837
     0.039     0.495     0.868
     0.045     0.538     0.842
     0.038     0.609     0.792
     0.031     0.575     0.818
     0.015     0.560     0.828
     0.060     0.549     0.834
     0.099     0.600     0.794
    -0.027     0.556     0.831
    -0.054     0.631     0.774
    -0.034     0.464     0.885
     0.080     0.599     0.797
     0.030     0.450     0.893
     0.069     0.569     0.820
    -0.066     0.661     0.747
     0.043     0.588     0.808
    -0.046     0.567     0.822
    -0.042     0.538     0.842
     0.011     0.589     0.808
     0.115     0.583     0.804
    -0.130     0.542     0.830
     0.128     0.619     0.775
     0.021     0.550     0.835
     0.062     0.532     0.844
     0.066     0.583     0.810
     0.067     0.577     0.814
    -0.069     0.566     0.822
    -0.012     0.534     0.845
     0.015     0.527     0.850
     0.138     0.578     0.804
     0.029     0.614     0.789
     0.013     0.601     0.799
    -0.064     0.599     0.798
    -0.013     0.623     0.782
     0.109     0.514     0.851
    -0.002     0.558     0.830
     0.028     0.580     0.814
     0.096     0.635     0.766
     0.088     0.597     0.798
    -0.032     0.589     0.808
    -0.022     0.553     0.833
     0.053     0.724     0.688
     0.088     0.540     0.837
    -0.057     0.543     0.838
     0.035     0.465     0.885
     0.156     0.541     0.826
     0.091     0.580     0.810
     0.068     0.563     0.824
     0.020     0.566     0.824
    -0.008     0.564     0.826
     0.064     0.557     0.828
     0.093     0.561     0.823
     0.069     0.545     0.836
    -0.021     0.584     0.811
    -0.036     0.582     0.812
    -0.060     0.566     0.822
    -0.032     0.528     0.849
     0.011     0.644     0.765
     0.099     0.451     0.887
    -0.060     0.581     0.811
    -0.040     0.470     0.882
     0.040     0.550     0.834
     0.128     0.545     0.829
    -0.054     0.576     0.815
    -0.003     0.567     0.824
     0.096     0.540     0.836
     0.026     0.576     0.817
     0.095     0.537     0.838
    -0.008     0.593     0.805
    -0.005     0.565     0.825
    -0.062     0.577     0.815
     0.094     0.581     0.809
     0.087     0.549     0.831
     0.051     0.541     0.839
    -0.053     0.600     0.798
     0.008     0.538     0.843
     0.086     0.572     0.816
     0.165     0.603     0.781
    -0.006     0.512     0.859
    -0.062     0.457     0.887
     0.029     0.517     0.856
     0.112     0.481     0.870
     0.053     0.510     0.859
    -0.063     0.575     0.816
    -0.021     0.579     0.815
     0.021     0.622     0.783
     0.050     0.623     0.781
     0.029     0.593     0.805
     0.072     0.539     0.839
     0.034     0.609     0.792
     0.018     0.534     0.845
    -0.010     0.501     0.865
    -0.011     0.485     0.874
     0.124     0.570     0.812
    -0.004     0.556     0.831
     0.044     0.469     0.882
    -0.011     0.555     0.832
    -0.074     0.513     0.855
     0.021     0.536     0.844
     0.049     0.512     0.858
     0.016     0.606     0.796
    -0.004     0.607     0.795
     0.022     0.558     0.829
     0.141     0.499     0.855
     0.154     0.522     0.839
     0.054     0.601     0.798
    -0.011     0.647     0.762
    -0.013     0.498     0.867
     0.069     0.514     0.855
    -0.051     0.501     0.864
     0.009     0.546     0.838
     0.052     0.557     0.829
     0.008     0.602     0.799
     0.075     0.444     0.893
     0.071     0.520     0.851
    -0.092     0.587     0.805
     0.078     0.547     0.834
     0.100     0.513     0.853
    -0.061     0.486     0.872
    -0.057     0.589     0.806
     0.047     0.665     0.745
    -0.097     0.556     0.825
    -0.004     0.434     0.901
     0.038     0.521     0.853
     0.105     0.645     0.757
     0.029     0.583     0.812
     0.110     0.593     0.798
     0.030     0.603     0.797
     0.055     0.563     0.825
    -0.001     0.513     0.858
     0.100     0.528     0.843
     0.013     0.606     0.795
     0.054     0.625     0.779
     0.024     0.520     0.854
     0.017     0.633     0.774
     0.001     0.526     0.851
     0.215     0.607     0.765
     0.014     0.604     0.797
    -0.041     0.506     0.861
    -0.020     0.528     0.849
     0.027     0.482     0.876
     0.067     0.498     0.865
    -0.006     0.629     0.777
    -0.035     0.571     0.820
    -0.000     0.584     0.812
    -0.026     0.575     0.818
    -0.009     0.550     0.835
    -0.067     0.589     0.806
     0.056     0.635     0.770
     0.056     0.528     0.847
     0.018     0.555     0.832
     0.050     0.684     0.728
     0.129     0.537     0.834
     0.018     0.421     0.907
     0.106     0.473     0.875
     0.004     0.544     0.839
    -0.095     0.577     0.811
     0.022     0.551     0.834
     0.051     0.485     0.873
    -0.009     0.594     0.804
    -0.016     0.537     0.843
     0.023     0.488     0.873
     0.055     0.524     0.850
     0.044     0.601     0.798
    -0.013     0.519     0.855
     0.036     0.508     0.860
     0.046     0.533     0.845
     0.024     0.619     0.785
     0.043     0.485     0.873
    -0.016     0.516     0.857
    -0.058     0.493     0.868
    -0.015     0.560     0.828
     0.086     0.560     0.824
     0.055     0.593     0.803
    -0.026     0.498     0.867
     0.043     0.686     0.726
    -0.007     0.539     0.842
    -0.002     0.507     0.862
     0.011     0.568     0.823
     0.030     0.493     0.870
     0.049     0.608     0.792
    -0.070     0.462     0.884
     0.046     0.508     0.860
     0.096     0.593     0.800
     0.098     0.648     0.755
    -0.074     0.571     0.817
     0.013     0.637     0.770
     0.070     0.606     0.792
    -0.015     0.569     0.823
     0.007     0.591     0.807
     0.076     0.583     0.809
    -0.053     0.467     0.883
     0.065     0.476     0.877
    -0.002     0.579     0.816
    -0.018     0.567     0.824
    -0.017     0.538     0.843
     0.133     0.536     0.834
     0.071     0.552     0.831
    -0.051     0.609     0.791
    -0.025     0.530     0.848
     0.160     0.585     0.795
    -0.022     0.532     0.847
     0.005     0.588     0.809
     0.086     0.494     0.865
    -0.005     0.630     0.777
     0.037     0.603     0.797
     0.054     0.564     0.824
    -0.019     0.619     0.785
    -0.061     0.575     0.816
    -0.025     0.630     0.776
     0.058     0.616     0.786
     0.086     0.521     0.849
    -0.025     0.580     0.814
     0.068     0.621     0.781
     0.069     0.623     0.779
    -0.025     0.495     0.869
     0.061     0.589     0.806
     0.038     0.528     0.848
     0.024     0.572     0.820
    -0.082     0.528     0.846
     0.131     0.618     0.775
     0.033     0.638     0.769
     0.075     0.535     0.842
     0.060     0.661     0.748
     0.003     0.549     0.836
    -0.088     0.488     0.869
     0.025     0.482     0.876
     0.100     0.690     0.717
    -0.010     0.533     0.846
     0.019     0.589     0.808
    -0.045     0.610     0.791
     0.017     0.623     0.782
    -0.134     0.576     0.807
     0.026     0.614     0.789
     0.122     0.547     0.828
    -0.043     0.513     0.857
     0.062     0.519     0.852
    -0.056     0.580     0.813
    -0.004     0.484     0.875
    -0.065     0.613     0.788
    -0.012     0.567     0.824
    -0.010     0.610     0.792
     0.033     0.524     0.851
    -0.039     0.441     0.897
     0.043     0.579     0.814
    -0.043     0.580     0.813
     0.085     0.669     0.738
    -0.014     0.638     0.770
     0.132     0.587     0.799
    -0.024     0.454     0.891
    -0.016     0.520     0.854
    -0.001     0.585     0.811
     0.025     0.564     0.826
    -0.061     0.557     0.828
     0.032     0.514     0.857
    -0.005     0.502     0.865
     0.043     0.596     0.802
     0.024     0.506     0.862
     0.056     0.505     0.861
     0.011     0.550     0.835
    -0.012     0.510     0.860
     0.029     0.510     0.860
     0.105     0.586     0.803
     0.039     0.511     0.859
     0.074     0.534     0.842
     0.017     0.568     0.823
     0.165     0.585     0.794
    -0.002     0.634     0.773
     0.037     0.555     0.831
     0.079     0.499     0.863
     0.140     0.553     0.821
     0.101     0.661     0.744
     0.050     0.524     0.850
    -0.040     0.597     0.801
    -0.066     0.503     0.862
     0.071     0.521     0.851
    -0.003     0.588     0.809
    -0.062     0.626     0.778
     0.046     0.559     0.828
     0.047     0.521     0.852
     0.095     0.521     0.848
     0.007     0.527     0.850
     0.014     0.622     0.783
    -0.005     0.509     0.861
     0.076     0.578     0.813
     0.161     0.613     0.774
    -0.005     0.608     0.794
    -0.019     0.561     0.827
    -0.021     0.584     0.812
     0.097     0.587     0.803
     0.041     0.615     0.787
    -0.045     0.541     0.840
     0.092     0.466     0.880
     0.007     0.622     0.783
    -0.037     0.615     0.787
     0.081     0.544     0.835
    -0.007     0.543     0.840
    -0.092     0.565     0.820
     0.086     0.513     0.854
     0.010     0.603     0.797
     0.100     0.547     0.831
     0.023     0.586     0.810
     0.056     0.541     0.839
     0.010     0.483     0.876
     0.062     0.553     0.831
    -0.048     0.516     0.855
     0.079     0.561     0.824
     0.079     0.569     0.818
    -0.031     0.616     0.787
     0.057     0.545     0.836
    -0.009     0.483     0.876
     0.009     0.630     0.777
     0.026     0.529     0.848
    -0.060     0.594     0.803
     0.052     0.654     0.755
     0.079     0.488     0.869
    -0.011     0.592     0.806
     0.024     0.513     0.858
     0.052     0.589     0.806
     0.033     0.554     0.832
    -0.032     0.554     0.832
     0.010     0.559     0.829
     0.131     0.465     0.876
    -0.063     0.476     0.877
     0.052     0.593     0.803
     0.035     0.676     0.736
    -0.019     0.501     0.865
    -0.103     0.628     0.772
     0.004     0.555     0.832
    -0.003     0.628     0.778
     0.078     0.495     0.866
     0.033     0.607     0.794
    -0.021     0.559     0.829
     0.031     0.502     0.864
    -0.002     0.470     0.883
     0.148     0.574     0.805
     0.006     0.596     0.803
     0.157     0.579     0.800
    -0.015     0.585     0.811
    -0.009     0.473     0.881
    -0.109     0.575     0.811
    -0.006     0.505     0.863
     0.019     0.516     0.856
     0.051     0.516     0.855
     0.039     0.592     0.805
    -0.007     0.601     0.799
    -0.037     0.551     0.834
    -0.103     0.539     0.836
     0.054     0.513     0.857
     0.066     0.557     0.828
     0.102     0.663     0.742
     0.093     0.573     0.815
     0.144     0.402     0.904
     0.086     0.546     0.834
     0.071     0.562     0.824
     0.126     0.603     0.787
     0.030     0.559     0.829
     0.101     0.508     0.855
     0.120     0.628     0.769
     0.084     0.630     0.772
     0.056     0.580     0.813
    -0.096     0.456     0.885
    -0.043     0.638     0.769
     0.078     0.548     0.833
     0.014     0.520     0.854
     0.101     0.547     0.831
     0.049     0.626     0.779
    -0.019     0.519     0.855
    -0.008     0.607     0.795
    -0.090     0.516     0.852
    -0.007     0.561     0.828
     0.121     0.611     0.782
     0.013     0.540     0.841
     0.036     0.619     0.785
     0.115     0.541     0.833
     0.006     0.578     0.816
     0.062     0.604     0.794
     0.093     0.547     0.832
    -0.127     0.618     0.776
     0.100     0.538     0.837
     0.068     0.592     0.803
     0.007     0.624     0.781
     0.041     0.589     0.807
    -0.023     0.513     0.858
     0.060     0.432     0.900
     0.058     0.592     0.804
     0.054     0.585     0.809
     0.068     0.546     0.835
    -0.064     0.568     0.821
     0.063     0.529     0.846
     0.033     0.550     0.835
     0.034     0.526     0.850
    -0.045     0.552     0.832
     0.021     0.478     0.878
     0.093     0.533     0.841
    -0.045     0.627     0.778
     0.070     0.521     0.851
    -0.049     0.490     0.870
     0.064     0.518     0.853
     0.050     0.533     0.844
     0.026     0.462     0.886
     0.048     0.617     0.786
    -0.056     0.568     0.821
     0.079     0.546     0.834
    -0.040     0.539     0.841
    -0.006     0.492     0.871
     0.011     0.583     0.812
     0.018     0.557     0.831
    -0.057     0.570     0.819
     0.054     0.576     0.816
     0.017     0.581     0.813
     0.023     0.549     0.835
    -0.010     0.593     0.805
    -0.006     0.563     0.827
     0.063     0.538     0.841
     0.049     0.582     0.812
    -0.068     0.505     0.861
     0.035     0.534     0.845
     0.019     0.512     0.859
    -0.020     0.634     0.773
     0.043     0.533     0.845
     0.089     0.540     0.837
     0.028     0.517     0.855
    -0.008     0.669     0.743
     0.046     0.596     0.802
     0.051     0.549     0.834
     0.187     0.642     0.744
     0.136     0.521     0.843
     0.026     0.572     0.820
     0.044     0.559     0.828
     0.078     0.577     0.813
     0.082     0.579     0.811
    -0.014     0.472     0.881
     0.112     0.563     0.819
     0.039     0.548     0.836
     0.061     0.560     0.826
    -0.055     0.499     0.865
     0.089     0.596     0.798
     0.027     0.538     0.843
     0.046     0.546     0.836
     0.101     0.572     0.814
    -0.005     0.488     0.873
     0.005     0.519     0.855
     0.105     0.486     0.868
    -0.016     0.613     0.790
    -0.027     0.619     0.785
     0.035     0.582     0.812
     0.016     0.580     0.814
    -0.054     0.550     0.834
    -0.004     0.549     0.836
     0.053     0.552     0.832
    -0.030     0.659     0.751
     0.041     0.442     0.896
     0.034     0.580     0.814
     0.166     0.609     0.775
     0.017     0.511     0.860
     0.068     0.596     0.800
     0.004     0.563     0.826
    -0.014     0.627     0.779
     0.057     0.565     0.823
    -0.082     0.579     0.811
     0.011     0.583     0.812
     0.131     0.590     0.797
     0.073     0.474     0.877
     0.017     0.664     0.747
     0.029     0.584     0.811
     0.031     0.603     0.797
     0.165     0.565     0.808
     0.032     0.618     0.785
     0.039     0.523     0.851
    -0.010     0.554     0.833
    -0.042     0.438     0.898
     0.056     0.646     0.761
     0.028     0.519     0.854
     0.083     0.441     0.894
    -0.066     0.577     0.814
    -0.010     0.579     0.816
     0.048     0.633     0.773
     0.026     0.556     0.831
    -0.007     0.609     0.793
     0.003     0.507     0.862
    -0.104     0.587     0.803
    -0.032     0.602     0.798
     0.029     0.571     0.821
     0.139     0.526     0.839
     0.047     0.616     0.786
     0.061     0.401     0.914
    -0.049     0.588     0.808
    -0.007     0.613     0.790
     0.037     0.521     0.852
     0.030     0.607     0.794
     0.010     0.529     0.849
    -0.026     0.641     0.767
    -0.041     0.597     0.801
     0.047     0.610     0.791
    -0.021     0.632     0.775
    -0.044     0.529     0.847
     0.104     0.601     0.793
    -0.045     0.550     0.834
     0.052     0.537     0.842
     0.020     0.561     0.828
     0.028     0.613     0.789
     0.033     0.590     0.807
    -0.065     0.512     0.857
     0.114     0.649     0.752
     0.054     0.555     0.830
     0.049     0.548     0.835
    -0.021     0.647     0.762
     0.044     0.526     0.849
    -0.068     0.531     0.845
     0.022     0.505     0.863
     0.066     0.618     0.783
     0.061     0.552     0.832
    -0.014     0.550     0.835
     0.030     0.557     0.830
     0.029     0.580     0.814
     0.028     0.539     0.842
     0.036     0.562     0.827
    -0.037     0.589     0.807
     0.061     0.452     0.890
     0.050     0.666     0.744
     0.042     0.640     0.767
    -0.005     0.522     0.853
    -0.084     0.479     0.874
     0.015     0.561     0.828
     0.024     0.519     0.855
     0.006     0.592     0.806
     0.078     0.511     0.856
    -0.012     0.575     0.818
     0.048     0.565     0.824
     0.058     0.586     0.809
     0.063     0.542     0.838
     0.108     0.558     0.823
     0.083     0.607     0.790
     0.024     0.544     0.839
     0.021     0.625     0.780
     0.094     0.536     0.839
     0.023     0.566     0.824
    -0.007     0.660     0.751
    -0.009     0.615     0.789
    -0.045     0.604     0.796
    -0.016     0.599     0.800
     0.023     0.643     0.765
     0.019     0.599     0.800
     0.122     0.520     0.845
     0.033     0.593     0.804
     0.055     0.513     0.856
     0.046     0.605     0.795
     0.003     0.632     0.775
    -0.010     0.561     0.828
    -0.040     0.560     0.827
     0.024     0.639     0.769
     0.008     0.561     0.828
    -0.013     0.657     0.753
     0.067     0.494     0.867
     0.126     0.506     0.853
     0.072     0.555     0.829
     0.033     0.595     0.803
     0.037     0.525     0.851
     0.089     0.688     0.721
     0.119     0.596     0.794
     0.049     0.566     0.823
     0.058     0.500     0.864
     0.073     0.558     0.827
     0.048     0.516     0.855
    -0.123     0.642     0.757
    -0.009     0.556     0.831
     0.138     0.572     0.809
    -0.036     0.555     0.831
     0.048     0.585     0.809
     0.031     0.589     0.807
     0.061     0.517     0.854
    -0.012     0.537     0.844
     0.006     0.513     0.858
     0.040     0.544     0.838
    -0.032     0.608     0.793
    -0.044     0.534     0.845
     0.048     0.571     0.819
     0.049     0.549     0.835
     0.031     0.509     0.860
     0.075     0.484     0.872
     0.010     0.604     0.797
     0.052     0.575     0.816
     0.014     0.535     0.845
     0.133     0.507     0.852
     0.037     0.631     0.775
     0.054     0.601     0.798
    -0.021     0.529     0.848
    -0.054     0.604     0.795
    -0.008     0.575     0.818
    -0.017     0.570     0.821
    -0.054     0.594     0.802
    -0.039     0.565     0.824
    -0.033     0.421     0.906
     0.040     0.543     0.839
     0.016     0.572     0.820
     0.112     0.498     0.860
    -0.006     0.647     0.763
     0.019     0.620     0.784
     0.070     0.516     0.854
     0.067     0.587     0.807
    -0.024     0.534     0.845
    -0.012     0.578     0.816
     0.009     0.600     0.800
     0.046     0.490     0.870
    -0.034     0.625     0.780
     0.047     0.530     0.847
    -0.060     0.532     0.845
    -0.008     0.553     0.833
     0.069     0.557     0.827
     0.054     0.559     0.827
     0.013     0.586     0.810
     0.001     0.627     0.779
     0.116     0.624     0.773
     0.124     0.478     0.869
     0.098     0.566     0.819
    -0.008     0.613     0.790
    -0.095     0.550     0.830
     0.108     0.601     0.792
     0.085     0.505     0.859
     0.070     0.503     0.862
    -0.012     0.586     0.811
     0.012     0.650     0.760
     0.023     0.622     0.783
    -0.062     0.567     0.822
    -0.019     0.567     0.823
     0.033     0.556     0.831
    -0.044     0.513     0.857
     0.005     0.522     0.853
     0.127     0.556     0.822
     0.160     0.535     0.830
     0.052     0.509     0.859
     0.056     0.542     0.839
     0.009     0.588     0.809
    -0.037     0.589     0.807
     0.061     0.591     0.804
     0.009     0.530     0.848
     0.072     0.675     0.734
     0.031     0.500     0.866
     0.041     0.566     0.824
     0.070     0.554     0.830
     0.179     0.545     0.819
    -0.047     0.521     0.852
     0.018     0.662     0.750
    -0.008     0.544     0.839
     0.060     0.585     0.809
    -0.105     0.535     0.838
     0.077     0.608     0.790
     0.005     0.561     0.828
     0.021     0.553     0.833
     0.094     0.533     0.841
    -0.064     0.573     0.817
    -0.072     0.500     0.863
     0.082     0.481     0.873
     0.001     0.578     0.816
     0.085     0.512     0.855
     0.012     0.540     0.841
    -0.055     0.576     0.815
     0.022     0.527     0.849
     0.065     0.482     0.874
     0.026     0.591     0.806
     0.066     0.615     0.786
     0.096     0.610     0.787
    -0.012     0.566     0.824
     0.141     0.577     0.804
     0.057     0.525     0.849
     0.033     0.621     0.783
     0.046     0.537     0.842
     0.016     0.632     0.775
    -0.080     0.582     0.810
     0.077     0.478     0.875
     0.014     0.589     0.808
    -0.148     0.581     0.801
     0.118     0.576     0.809
     0.033     0.522     0.852
     0.054     0.493     0.868
     0.091     0.575     0.813
     0.091     0.588     0.803
    -0.026     0.553     0.833
     0.153     0.597     0.787
     0.160     0.549     0.820
     0.050     0.498     0.866
    -0.020     0.563     0.826
    -0.029     0.644     0.765
    -0.055     0.519     0.853
     0.003     0.487     0.874
     0.008     0.574     0.819
     0.053     0.612     0.789
     0.103     0.585     0.804
    -0.001     0.594     0.804
    -0.020     0.623     0.782
     0.066     0.592     0.803
     0.005     0.578     0.816
     0.043     0.523     0.851
     0.103     0.571     0.814
     0.030     0.491     0.870
     0.092     0.574     0.814
    -0.112     0.550     0.828
    -0.116     0.584     0.803
    -0.050     0.528     0.848
     0.078     0.530     0.844
     0.024     0.529     0.848
    -0.008     0.549     0.836
    -0.046     0.584     0.810
    -0.075     0.610     0.789
     0.016     0.485     0.875
     0.049     0.638     0.768
    -0.043     0.602     0.797
    -0.028     0.652     0.757
     0.038     0.523     0.852
     0.009     0.586     0.811
    -0.067     0.469     0.881
     0.007     0.580     0.815
     0.047     0.603     0.796
     0.020     0.632     0.774
     0.077     0.626     0.776
     0.004     0.602     0.799
     0.018     0.496     0.868
     0.093     0.597     0.797
     0.040     0.521     0.853
     0.038     0.690     0.723
    -0.123     0.532     0.838
     0.017     0.552     0.834
    -0.006     0.618     0.786
    -0.035     0.594     0.803
    -0.024     0.537     0.843
     0.113     0.521     0.846
    -0.011     0.586     0.810
     0.002     0.537     0.843
    -0.078     0.624     0.778
    -0.033     0.518     0.855
    -0.043     0.657     0.753
     0.016     0.499     0.866
     0.078     0.590     0.803
    -0.062     0.556     0.829
    -0.038     0.521     0.852
    -0.012     0.486     0.874
    -0.029     0.571     0.821
     0.008     0.587     0.810
    -0.057     0.529     0.847
     0.075     0.630     0.773
     0.032     0.518     0.855
    -0.009     0.522     0.853
    -0.004     0.526     0.850
     0.066     0.564     0.823
    -0.036     0.575     0.817
     0.111     0.489     0.865
     0.073     0.494     0.866
     0.109     0.633     0.766
     0.002     0.502     0.865
     0.122     0.609     0.783
     0.007     0.535     0.845
     0.000     0.486     0.874
    -0.014     0.594     0.804
     0.047     0.612     0.790
     0.095     0.584     0.806
     0.005     0.580     0.814
     0.012     0.489     0.872
     0.022     0.617     0.787
     0.001     0.551     0.835
     0.012     0.530     0.848
     0.057     0.608     0.792
     0.127     0.627     0.768
    -0.038     0.581     0.813
     0.038     0.598     0.801
     0.056     0.600     0.798
     0.018     0.531     0.847
    -0.024     0.621     0.783
     0.029     0.581     0.813
     0.016     0.476     0.879
     0.045     0.556     0.830
     0.110     0.590     0.800
     0.055     0.544     0.838
    -0.044     0.511     0.858
    -0.023     0.580     0.814
     0.010     0.523     0.852
    -0.030     0.559     0.829
     0.108     0.548     0.830
     0.099     0.636     0.766
     0.041     0.577     0.816
     0.042     0.539     0.841
     0.061     0.547     0.835
    -0.086     0.632     0.771
     0.031     0.597     0.802
     0.017     0.657     0.754
    -0.008     0.615     0.789
     0.074     0.570     0.819
     0.034     0.541     0.840
    -0.047     0.581     0.813
     0.012     0.579     0.815
     0.083     0.512     0.855
     0.011     0.613     0.790
     0.037     0.583     0.811
     0.018     0.597     0.802
     0.059     0.553     0.831
     0.048     0.557     0.829
     0.120     0.553     0.825
    -0.042     0.524     0.851
     0.002     0.574     0.819
     0.011     0.632     0.775
     0.126     0.594     0.795
     0.096     0.642     0.761
     0.020     0.611     0.792
     0.005     0.620     0.784
    -0.045     0.500     0.865
     0.108     0.492     0.864
     0.198     0.523     0.829
     0.055     0.598     0.800
     0.009     0.520     0.854
     0.028     0.547     0.837
     0.106     0.626     0.772
    -0.009     0.480     0.877
     0.065     0.526     0.848
     0.030     0.529     0.848
    -0.004     0.584     0.811
     0.034     0.615     0.788
     0.040     0.556     0.830
     0.038     0.541     0.840
    -0.014     0.537     0.844
     0.053     0.604     0.796
     0.071     0.570     0.819
     0.091     0.561     0.823
    -0.042     0.568     0.822
    -0.022     0.581     0.813
     0.060     0.529     0.846
     0.068     0.585     0.808
     0.057     0.613     0.788
    -0.040     0.615     0.788
    -0.011     0.606     0.796
    -0.019     0.537     0.844
    -0.070     0.585     0.808
    -0.059     0.581     0.812
    -0.003     0.566     0.825
     0.045     0.532     0.846
    -0.005     0.519     0.855
    -0.034     0.533     0.845
    -0.017     0.640     0.768
     0.153     0.535     0.831
     0.117     0.564     0.818
     0.026     0.584     0.811
     0.078     0.507     0.858
     0.048     0.583     0.811
    -0.028     0.593     0.805
    -0.069     0.666     0.742
     0.112     0.521     0.846
     0.030     0.499     0.866
     0.055     0.568     0.821
     0.074     0.565     0.822
     0.037     0.427     0.903
     0.088     0.509     0.856
     0.043     0.573     0.818
     0.015     0.570     0.821
     0.018     0.579     0.815
    -0.005     0.564     0.826
     0.062     0.567     0.822
    -0.070     0.579     0.812
    -0.025     0.614     0.789
     0.072     0.654     0.753
    -0.044     0.615     0.787
     0.058     0.438     0.897
     0.027     0.531     0.847
     0.162     0.516     0.841
     0.117     0.572     0.812
    -0.037     0.532     0.846
     0.109     0.593     0.798
     0.012     0.564     0.825
     0.046     0.601     0.798
     0.084     0.511     0.856
    -0.152     0.559     0.815
     0.052     0.576     0.816
    -0.085     0.647     0.758
    -0.035     0.456     0.889
    -0.063     0.598     0.799
     0.035     0.492     0.870
    -0.016     0.495     0.869
    -0.075     0.639     0.765
     0.012     0.576     0.817
    -0.009     0.565     0.825
     0.001     0.555     0.832
    -0.032     0.580     0.814
     0.059     0.465     0.883
     0.094     0.591     0.801
     0.092     0.583     0.807
     0.027     0.500     0.866
    -0.091     0.500     0.861
    -0.025     0.618     0.785
    -0.010     0.509     0.861
     0.091     0.550     0.830
     0.057     0.604     0.795
     0.075     0.631     0.772
    -0.056     0.538     0.841
    -0.113     0.536     0.837
     0.075     0.610     0.789
    -0.034     0.537     0.843
    -0.039     0.629     0.776
    -0.028     0.529     0.848
     0.039     0.605     0.795
    -0.062     0.612     0.788
     0.060     0.542     0.838
     0.069     0.589     0.805
     0.009     0.721     0.693
     0.024     0.551     0.834
     0.029     0.498     0.867
    -0.002     0.645     0.764
    -0.000     0.501     0.866
     0.040     0.564     0.825
     0.019     0.598     0.801
    -0.101     0.605     0.790
     0.039     0.547     0.836
    -0.026     0.599     0.800
     0.013     0.601     0.799
    -0.026     0.522     0.852
     0.180     0.499     0.848
     0.090     0.578     0.811
    -0.055     0.587     0.807
    -0.017     0.537     0.843
     0.104     0.501     0.859
     0.056     0.545     0.837
     0.004     0.654     0.757
     0.049     0.525     0.850
     0.090     0.534     0.841
    -0.059     0.565     0.823
     0.004     0.526     0.850
     0.086     0.520     0.850
     0.071     0.680     0.730
     0.067     0.559     0.827
    -0.150     0.525     0.838
     0.007     0.660     0.751
     0.035     0.557     0.830
    -0.005     0.549     0.836
     0.027     0.534     0.845
     0.008     0.602     0.798
     0.037     0.463     0.886
    -0.020     0.551     0.834
    -0.003     0.514     0.858
     0.019     0.586     0.810
    -0.098     0.566     0.818
     0.110     0.594     0.797
     0.079     0.555     0.828
     0.096     0.543     0.834
    -0.025     0.559     0.829
     0.098     0.540     0.836
     0.051     0.512     0.858
     0.036     0.524     0.851
     0.071     0.481     0.874
     0.015     0.586     0.810
     0.071     0.454     0.888
    -0.094     0.573     0.814
     0.136     0.619     0.773
     0.076     0.524     0.848
    -0.022     0.493     0.870
    -0.006     0.529     0.849
     0.034     0.606     0.795
    -0.060     0.515     0.855
     0.073     0.550     0.832
    -0.054     0.459     0.887
     0.026     0.552     0.833
     0.050     0.458     0.888
     0.137     0.621     0.772
    -0.105     0.533     0.839
     0.052     0.621     0.782
     0.031     0.490     0.871
     0.018     0.505     0.863
     0.051     0.530     0.846
    -0.060     0.547     0.835
     0.096     0.498     0.862
     0.051     0.597     0.801
    -0.089     0.465     0.881
    -0.001     0.562     0.827
     0.058     0.532     0.845
     0.041     0.564     0.825
     0.083     0.675     0.733
    -0.049     0.609     0.792
    -0.030     0.524     0.851
     0.091     0.402     0.911
     0.003     0.521     0.853
     0.022     0.618     0.786
     0.024     0.578     0.816
     0.092     0.541     0.836
     0.076     0.587     0.806
     0.033     0.566     0.823
     0.095     0.540     0.836
     0.025     0.527     0.849
     0.148     0.508     0.848
     0.069     0.572     0.817
     0.117     0.546     0.830
    -0.027     0.536     0.844
     0.066     0.591     0.804
    -0.032     0.596     0.802
     0.022     0.476     0.879
     0.057     0.592     0.804
     0.005     0.565     0.825
     0.044     0.578     0.815
    -0.026     0.492     0.870
     0.069     0.597     0.799
     0.070     0.487     0.871
     0.072     0.557     0.828
     0.037     0.482     0.876
    -0.054     0.510     0.859
     0.032     0.647     0.762
     0.035     0.465     0.885
     0.074     0.560     0.825
     0.006     0.541     0.841
    -0.021     0.535     0.845
     0.078     0.593     0.801
    -0.007     0.559     0.829
     0.070     0.569     0.820
     0.085     0.530     0.843
     0.079     0.565     0.821
    -0.106     0.555     0.825
    -0.020     0.537     0.843
     0.004     0.540     0.841
    -0.064     0.639     0.766
     0.004     0.554     0.832
    -0.024     0.604     0.796
     0.097     0.513     0.853
     0.012     0.607     0.795
     0.027     0.494     0.869
     0.019     0.623     0.782
     0.026     0.589     0.807
     0.055     0.556     0.830
     0.096     0.506     0.857
     0.094     0.576     0.812
    -0.054     0.598     0.800
    -0.015     0.522     0.853
    -0.049     0.574     0.817
    -0.019     0.556     0.831
     0.079     0.582     0.809
     0.044     0.496     0.867
     0.101     0.631     0.769
     0.016     0.519     0.855
    -0.034     0.541     0.840
     0.052     0.613     0.788
     0.034     0.592     0.805
     0.041     0.557     0.829
     0.036     0.568     0.822
    -0.054     0.557     0.829
     0.068     0.609     0.790
     0.160     0.583     0.797
     0.126     0.483     0.867
     0.038     0.469     0.882
     0.041     0.586     0.810
     0.022     0.530     0.848
    -0.017     0.572     0.820
     0.116     0.661     0.741
     0.146     0.523     0.840
     0.092     0.518     0.850
     0.123     0.662     0.739
     0.076     0.590     0.804
     0.037     0.538     0.842
     0.079     0.593     0.801
     0.055     0.622     0.781
     0.101     0.636     0.765
    -0.005     0.573     0.820
     0.047     0.600     0.798
     0.051     0.583     0.811
     0.097     0.540     0.836
    -0.012     0.560     0.828
     0.068     0.476     0.877
    -0.045     0.574     0.817
     0.063     0.509     0.859
     0.045     0.574     0.818
     0.060     0.638     0.768
     0.064     0.580     0.812
     0.056     0.541     0.839
    -0.042     0.526     0.850
     0.092     0.582     0.808
     0.092     0.504     0.859
    -0.012     0.588     0.809
     0.005     0.537     0.843
     0.135     0.495     0.858
     0.052     0.485     0.873
    -0.023     0.618     0.786
     0.038     0.532     0.846
    -0.025     0.550     0.835
    -0.007     0.584     0.812
     0.054     0.555     0.830
    -0.099     0.655     0.749
     0.080     0.568     0.819
     0.023     0.552     0.834
    -0.030     0.517     0.855
     0.045     0.590     0.806
    -0.037     0.633     0.773
     0.063     0.605     0.794
    -0.043     0.503     0.863
    -0.050     0.522     0.851
     0.121     0.460     0.880
     0.010     0.543     0.839
     0.073     0.551     0.831
     0.017     0.553     0.833
     0.199     0.545     0.814
     0.065     0.605     0.794
     0.053     0.503     0.863
    -0.072     0.653     0.754
     0.022     0.633     0.774
     0.088     0.566     0.820
    -0.027     0.510     0.860
     0.051     0.525     0.850
    -0.044     0.562     0.826
     0.097     0.560     0.823
     0.079     0.579     0.812
     0.142     0.510     0.849
     0.032     0.625     0.780
    -0.078     0.624     0.778
     0.009     0.601     0.799
     0.090     0.549     0.831
     0.005     0.589     0.808
    -0.031     0.559     0.829
     0.072     0.538     0.840
     0.023     0.629     0.777
     0.039     0.604     0.796
     0.009     0.594     0.804
     0.015     0.491     0.871
     0.070     0.588     0.805
    -0.011     0.585     0.811
    -0.015     0.528     0.849
     0.040     0.559     0.828
    -0.056     0.465     0.883
    -0.015     0.586     0.810
    -0.009     0.517     0.856
    -0.038     0.629     0.777
     0.008     0.656     0.754
     0.132     0.563     0.816
     0.094     0.612     0.785
     0.096     0.532     0.841
     0.008     0.581     0.814
     0.074     0.538     0.840
     0.021     0.650     0.760
     0.123     0.609     0.784
     0.046     0.582     0.812
    -0.001     0.373     0.928
     0.045     0.637     0.769
    -0.065     0.513     0.856
     0.076     0.615     0.785
     0.054     0.614     0.788
     0.115     0.545     0.830
    -0.019     0.443     0.896
    -0.018     0.561     0.827
    -0.006     0.642     0.767
     0.121     0.498     0.859
     0.020     0.600     0.800
    -0.002     0.535     0.845
     0.042     0.601     0.798
     0.091     0.599     0.795
    -0.013     0.558     0.830
     0.069     0.572     0.817
     0.018     0.598     0.801
     0.037     0.596     0.802
    -0.041     0.602     0.798
     0.048     0.582     0.812
    -0.092     0.604     0.792
    -0.020     0.593     0.805
    -0.016     0.531     0.847
     0.088     0.601     0.794
     0.047     0.498     0.866
    -0.032     0.592     0.805
    -0.036     0.553     0.832
    -0.037     0.555     0.831
     0.050     0.641     0.766
     0.001     0.656     0.755
     0.093     0.621     0.779
     0.025     0.591     0.806
     0.042     0.548     0.836
     0.014     0.559     0.829
     0.062     0.581     0.812
     0.106     0.618     0.779
     0.170     0.601     0.781
     0.173     0.489     0.855
    -0.023     0.479     0.877
     0.069     0.519     0.852
     0.022     0.572     0.820
     0.040     0.529     0.847
    -0.047     0.522     0.852
     0.043     0.536     0.843
     0.047     0.633     0.773
     0.047     0.516     0.855
     0.018     0.536     0.844
     0.088     0.571     0.816
     0.065     0.452     0.890
     0.127     0.622     0.772
    -0.052     0.544     0.838
     0.006     0.527     0.850
     0.150     0.556     0.817
    -0.093     0.529     0.844
     0.115     0.505     0.855
     0.006     0.573     0.819
     0.073     0.549     0.832
     0.010     0.599     0.800
     0.075     0.445     0.892
    -0.015     0.531     0.847
    -0.041     0.558     0.829
     0.012     0.549     0.836
     0.028     0.523     0.852
     0.129     0.593     0.795
    -0.112     0.544     0.831
     0.013     0.520     0.854
    -0.007     0.518     0.855
     0.052     0.553     0.831
     0.021     0.652     0.758
     0.023     0.561     0.828
     0.054     0.599     0.799
    -0.020     0.521     0.853
    -0.031     0.563     0.826
     0.095     0.533     0.841
     0.006     0.589     0.808
    -0.093     0.495     0.864
     0.032     0.631     0.775
     0.001     0.595     0.804
     0.063     0.609     0.790
     0.037     0.544     0.839
     0.085     0.483     0.871
     0.176     0.565     0.806
     0.094     0.685     0.723
    -0.041     0.588     0.808
     0.021     0.548     0.836
     0.071     0.521     0.851
    -0.009     0.623     0.782
     0.021     0.699     0.715
     0.002     0.490     0.872
    -0.013     0.589     0.808
     0.091     0.560     0.823
     0.063     0.611     0.789
    -0.019     0.568     0.823
    -0.147     0.552     0.821
     0.079     0.644     0.761
    -0.004     0.547     0.837
     0.075     0.600     0.797
     0.055     0.458     0.887
     0.043     0.534     0.844
     0.073     0.566     0.821
    -0.125     0.540     0.832
    -0.016     0.504     0.863
    -0.020     0.501     0.865
     0.097     0.533     0.841
     0.005     0.581     0.814
     0.011     0.536     0.844
    -0.000     0.551     0.834
     0.089     0.510     0.855
    -0.022     0.528     0.849
     0.054     0.557     0.829
     0.118     0.548     0.828
     0.152     0.606     0.781
    -0.026     0.585     0.811
    -0.011     0.499     0.867
     0.001     0.593     0.805
     0.129     0.579     0.805
     0.077     0.506     0.859
     0.130     0.548     0.826
     0.150     0.468     0.871
     0.073     0.612     0.787
    -0.017     0.561     0.827
     0.097     0.516     0.851
     0.082     0.541     0.837
    -0.052     0.604     0.795
    -0.102     0.610     0.786
     0.002     0.548     0.836
     0.035     0.581     0.813
     0.043     0.469     0.882
     0.064     0.463     0.884
     0.038     0.572     0.819
    -0.021     0.585     0.811
     0.015     0.604     0.797
     0.053     0.588     0.807
     0.066     0.573     0.817
    -0.037     0.579     0.814
    -0.020     0.548     0.836
     0.005     0.620     0.785
     0.021     0.575     0.818
    -0.020     0.563     0.826
     0.125     0.582     0.803
    -0.020     0.612     0.791
    -0.065     0.502     0.862
    -0.095     0.496     0.863
     0.000     0.573     0.820
     0.048     0.575     0.816
     0.073     0.449     0.890
     0.185     0.549     0.815
     0.083     0.578     0.812
    -0.012     0.529     0.849
    -0.027     0.583     0.812
    -0.027     0.537     0.843
     0.003     0.617     0.787
     0.007     0.495     0.869
    -0.062     0.631     0.774
    -0.014     0.541     0.841
     0.008     0.572     0.820
    -0.013     0.614     0.789
     0.030     0.505     0.862
    -0.014     0.507     0.862
    -0.017     0.541     0.841
     0.122     0.566     0.815
     0.001     0.556     0.831
     0.027     0.505     0.863
    -0.079     0.614     0.786
     0.055     0.560     0.827
     0.013     0.490     0.871
     0.135     0.621     0.772
     0.012     0.508     0.861
     0.101     0.518     0.849
     0.011     0.610     0.792
     0.063     0.409     0.911
     0.002     0.475     0.880
     0.083     0.557     0.827
     0.022     0.570     0.821
     0.130     0.517     0.846
    -0.008     0.502     0.865
    -0.043     0.538     0.842
     0.034     0.600     0.799
     0.056     0.580     0.813
     0.140     0.534     0.834
     0.025     0.512     0.859
     0.122     0.518     0.846
     0.112     0.552     0.826
     0.129     0.514     0.848
     0.107     0.561     0.821
     0.000     0.530     0.848
     0.061     0.631     0.773
     0.040     0.584     0.811
     0.066     0.589     0.805
     0.185     0.635     0.750
    -0.007     0.516     0.857
     0.022     0.639     0.769
     0.021     0.600     0.799
     0.029     0.557     0.830
     0.004     0.580     0.815
     0.012     0.482     0.876
     0.018     0.516     0.857
     0.032     0.653     0.757
    -0.070     0.528     0.846
     0.062     0.529     0.846
    -0.051     0.467     0.883
    -0.086     0.471     0.878
     0.070     0.621     0.780
     0.006     0.635     0.773
    -0.012     0.551     0.835
     0.002     0.550     0.835
    -0.014     0.582     0.813
     0.010     0.491     0.871
    -0.063     0.510     0.858
    -0.038     0.670     0.741
    -0.039     0.538     0.842
    -0.019     0.600     0.800
     0.065     0.555     0.829
     0.009     0.658     0.753
     0.169     0.594     0.786
    -0.010     0.597     0.802
     0.122     0.524     0.843
     0.055     0.507     0.860
     0.083     0.575     0.814
    -0.009     0.523     0.852
     0.023     0.456     0.890
     0.063     0.583     0.810
    -0.006     0.597     0.802
     0.094     0.607     0.789
    -0.029     0.521     0.853
     0.033     0.578     0.815
     0.025     0.520     0.854
     0.023     0.447     0.894
    -0.073     0.585     0.808
    -0.041     0.558     0.829
    -0.124     0.618     0.776
    -0.056     0.570     0.820
     0.048     0.580     0.813
     0.022     0.530     0.848
     0.000     0.525     0.851
     0.054     0.569     0.821
     0.044     0.549     0.835
     0.056     0.523     0.850
     0.032     0.599     0.800
    -0.045     0.579     0.814
    -0.023     0.503     0.864
    -0.007     0.649     0.760
     0.001     0.564     0.826
    -0.022     0.598     0.801
    -0.010     0.616     0.788
     0.012     0.495     0.869
     0.121     0.576     0.808
    -0.011     0.589     0.808
     0.033     0.518     0.855
    -0.020     0.534     0.845
     0.028     0.546     0.837
     0.111     0.621     0.776
     0.133     0.591     0.795
     0.067     0.611     0.789
     0.043     0.592     0.805
    -0.074     0.618     0.783
    -0.059     0.547     0.835
    -0.079     0.559     0.825
     0.093     0.565     0.820
     0.031     0.628     0.778
     0.059     0.570     0.820
    -0.023     0.606     0.795
    -0.030     0.583     0.812
    -0.071     0.556     0.828
     0.057     0.593     0.803
     0.075     0.535     0.842
     0.104     0.570     0.815
     0.057     0.512     0.857
     0.025     0.612     0.790
    -0.019     0.516     0.856
     0.039     0.550     0.834
    -0.037     0.550     0.834
     0.053     0.564     0.824
     0.002     0.512     0.859
     0.049     0.613     0.789
    -0.024     0.514     0.857
     0.051     0.593     0.803
    -0.032     0.532     0.846
     0.151     0.575     0.804
     0.080     0.581     0.810
    -0.025     0.568     0.822
    -0.015     0.610     0.792
     0.003     0.695     0.719
     0.059     0.528     0.848
    -0.110     0.617     0.779
     0.052     0.702     0.710
     0.041     0.531     0.846
     0.117     0.534     0.837
     0.106     0.592     0.799
     0.113     0.621     0.775
     0.048     0.532     0.845
     0.042     0.480     0.876
     0.095     0.568     0.817
     0.046     0.543     0.839
     0.020     0.509     0.861
    -0.050     0.566     0.823
     0.049     0.597     0.801
     0.113     0.553     0.826
     0.023     0.577     0.816
     0.034     0.632     0.775
    -0.056     0.506     0.860
     0.026     0.574     0.819
     0.003     0.563     0.826
    -0.022     0.561     0.828
     0.128     0.628     0.767
     0.121     0.618     0.777
    -0.021     0.514     0.858
     0.044     0.627     0.778
    -0.085     0.552     0.829
     0.088     0.556     0.827
     0.021     0.598     0.801
     0.025     0.555     0.832
     0.010     0.555     0.832
     0.085     0.628     0.773
     0.065     0.498     0.864
     0.040     0.542     0.839
     0.041     0.573     0.818
     0.071     0.595     0.800
    -0.087     0.523     0.848
    -0.087     0.590     0.803
    -0.083     0.551     0.831
