    -0.040     0.219     0.975
     0.021     0.284     0.958
     0.005     0.293     0.956
    -0.107     0.275     0.955
     0.094     0.096     0.991
    -0.006     0.431     0.902
     0.027     0.209     0.977
    -0.124     0.320     0.939
     0.049     0.344     0.938
    -0.023     0.355     0.934
     0.053     0.308     0.950
    -0.006     0.153     0.988
     0.082     0.280     0.956
    -0.123     0.369     0.921
    -0.011     0.275     0.961
    -0.060     0.256     0.965
    -0.079     0.159     0.984
     0.023     0.412     0.911
    -0.047     0.184     0.982
    -0.124     0.332     0.935
    -0.185     0.283     0.941
    -0.142     0.264     0.954
    -0.053     0.267     0.962
    -0.081     0.339     0.937
    -0.034     0.394     0.919
     0.059     0.199     0.978
    -0.064     0.312     0.948
    -0.010     0.410     0.912
    -0.056     0.297     0.953
     0.095     0.340     0.936
     0.012     0.305     0.952
     0.058     0.365     0.929
    -0.130     0.287     0.949
    -0.050     0.260     0.964
    -0.024     0.341     0.940
     0.039     0.288     0.957
     0.074     0.263     0.962
    -0.027     0.296     0.955
    -0.053     0.151     0.987
    -0.140     0.284     0.948
    -0.100     0.280     0.955
    -0.060     0.294     0.954
    -0.010     0.366     0.931
    -0.127     0.254     0.959
    -0.133     0.257     0.957
    -0.012     0.414     0.910
    -0.160     0.269     0.950
    -0.060     0.280     0.958
     0.024     0.245     0.969
    -0.077     0.303     0.950
    -0.087     0.292     0.952
    -0.005     0.303     0.953
    -0.016     0.313     0.950
    -0.023     0.324     0.946
    -0.040     0.370     0.928
     0.059     0.350     0.935
    -0.070     0.372     0.926
     0.110     0.253     0.961
    -0.191     0.267     0.945
    -0.035     0.295     0.955
    -0.062     0.344     0.937
     0.059     0.216     0.975
    -0.024     0.375     0.927
    -0.005     0.308     0.951
     0.012     0.246     0.969
    -0.168     0.329     0.929
    -0.022     0.328     0.945
     0.161     0.303     0.939
    -0.006     0.312     0.950
    -0.072     0.281     0.957
    -0.017     0.320     0.947
    -0.133     0.350     0.927
    -0.203     0.354     0.913
    -0.034     0.325     0.945
     0.040     0.332     0.942
    -0.017     0.392     0.920
    -0.044     0.273     0.961
    -0.087     0.288     0.954
    -0.016     0.209     0.978
     0.007     0.412     0.911
    -0.129     0.363     0.923
     0.023     0.395     0.919
    -0.132     0.356     0.925
    -0.030     0.343     0.939
    -0.128     0.138     0.982
     0.032     0.365     0.930
    -0.077     0.222     0.972
    -0.148     0.199     0.969
     0.015     0.340     0.940
    -0.030     0.372     0.928
     0.001     0.252     0.968
    -0.015     0.283     0.959
    -0.016     0.275     0.961
    -0.056     0.281     0.958
     0.007     0.419     0.908
    -0.115     0.334     0.936
    -0.109     0.190     0.976
    -0.153     0.326     0.933
     0.042     0.298     0.954
     0.005     0.190     0.982
    -0.042     0.179     0.983
    -0.029     0.216     0.976
    -0.033     0.260     0.965
    -0.042     0.259     0.965
    -0.110     0.318     0.942
    -0.050     0.364     0.930
    -0.052     0.258     0.965
     0.029     0.282     0.959
    -0.023     0.274     0.962
    -0.026     0.294     0.955
    -0.100     0.289     0.952
     0.013     0.191     0.982
    -0.083     0.284     0.955
    -0.065     0.317     0.946
     0.047     0.446     0.894
    -0.072     0.317     0.946
    -0.076     0.354     0.932
    -0.083     0.291     0.953
    -0.039     0.230     0.972
     0.010     0.332     0.943
    -0.053     0.339     0.939
    -0.039     0.271     0.962
     0.009     0.227     0.974
    -0.092     0.186     0.978
    -0.118     0.387     0.915
    -0.005     0.218     0.976
     0.027     0.225     0.974
    -0.006     0.420     0.907
     0.006     0.306     0.952
     0.065     0.375     0.925
     0.021     0.306     0.952
    -0.146     0.407     0.902
     0.001     0.277     0.961
    -0.061     0.215     0.975
    -0.038     0.411     0.911
     0.068     0.294     0.953
    -0.160     0.315     0.935
    -0.000     0.180     0.984
    -0.069     0.289     0.955
    -0.005     0.306     0.952
    -0.097     0.244     0.965
     0.057     0.271     0.961
    -0.033     0.270     0.962
     0.028     0.303     0.952
     0.074     0.311     0.948
    -0.016     0.346     0.938
     0.029     0.258     0.966
    -0.075     0.166     0.983
    -0.066     0.210     0.976
    -0.044     0.264     0.963
    -0.090     0.334     0.938
    -0.024     0.176     0.984
    -0.110     0.269     0.957
    -0.153     0.412     0.898
    -0.001     0.353     0.936
    -0.012     0.307     0.952
    -0.114     0.249     0.962
    -0.085     0.312     0.946
    -0.072     0.294     0.953
    -0.024     0.310     0.950
    -0.023     0.289     0.957
    -0.017     0.273     0.962
    -0.038     0.388     0.921
    -0.023     0.280     0.960
     0.042     0.331     0.943
    -0.006     0.307     0.952
    -0.032     0.307     0.951
    -0.106     0.254     0.961
    -0.097     0.240     0.966
     0.033     0.343     0.939
    -0.094     0.224     0.970
    -0.014     0.248     0.969
    -0.075     0.272     0.959
    -0.047     0.249     0.967
     0.035     0.262     0.964
    -0.006     0.215     0.977
    -0.109     0.237     0.965
    -0.038     0.159     0.986
    -0.060     0.369     0.928
    -0.018     0.293     0.956
    -0.011     0.319     0.948
     0.023     0.327     0.945
    -0.019     0.307     0.952
    -0.135     0.249     0.959
     0.020     0.209     0.978
     0.006     0.183     0.983
    -0.011     0.310     0.951
     0.068     0.185     0.980
     0.084     0.309     0.947
     0.148     0.256     0.955
    -0.064     0.226     0.972
     0.068     0.250     0.966
    -0.068     0.273     0.959
    -0.086     0.388     0.918
    -0.094     0.341     0.935
    -0.062     0.294     0.954
    -0.079     0.154     0.985
    -0.041     0.421     0.906
    -0.111     0.303     0.947
     0.043     0.232     0.972
    -0.035     0.252     0.967
     0.089     0.269     0.959
    -0.113     0.308     0.945
    -0.013     0.204     0.979
    -0.039     0.285     0.958
    -0.085     0.207     0.975
    -0.038     0.247     0.968
    -0.052     0.155     0.986
    -0.070     0.302     0.951
    -0.070     0.340     0.938
    -0.090     0.232     0.969
    -0.084     0.226     0.970
    -0.047     0.258     0.965
    -0.095     0.336     0.937
     0.030     0.271     0.962
    -0.051     0.257     0.965
     0.031     0.393     0.919
    -0.049     0.167     0.985
    -0.092     0.189     0.978
    -0.034     0.305     0.952
    -0.072     0.308     0.949
    -0.049     0.225     0.973
    -0.009     0.238     0.971
    -0.045     0.272     0.961
    -0.045     0.250     0.967
    -0.058     0.354     0.933
     0.013     0.309     0.951
     0.011     0.227     0.974
     0.070     0.338     0.939
     0.019     0.314     0.949
    -0.034     0.223     0.974
     0.052     0.221     0.974
    -0.103     0.262     0.960
    -0.021     0.159     0.987
    -0.042     0.338     0.940
    -0.056     0.238     0.970
    -0.062     0.384     0.921
     0.002     0.313     0.950
     0.038     0.291     0.956
    -0.121     0.248     0.961
     0.085     0.257     0.963
     0.003     0.368     0.930
     0.041     0.319     0.947
     0.042     0.273     0.961
    -0.084     0.302     0.950
    -0.071     0.342     0.937
     0.027     0.283     0.959
    -0.045     0.335     0.941
     0.167     0.350     0.922
     0.039     0.276     0.960
    -0.052     0.316     0.947
    -0.071     0.403     0.912
     0.005     0.397     0.918
     0.004     0.292     0.956
    -0.060     0.330     0.942
     0.100     0.372     0.923
    -0.046     0.257     0.965
    -0.068     0.281     0.957
    -0.130     0.272     0.953
    -0.012     0.299     0.954
    -0.032     0.221     0.975
    -0.046     0.305     0.951
     0.064     0.228     0.972
    -0.127     0.324     0.937
     0.053     0.294     0.954
    -0.056     0.289     0.956
    -0.025     0.324     0.946
    -0.042     0.379     0.924
    -0.048     0.299     0.953
     0.006     0.260     0.966
     0.065     0.320     0.945
    -0.065     0.354     0.933
    -0.132     0.311     0.941
    -0.071     0.220     0.973
    -0.090     0.256     0.962
     0.006     0.387     0.922
    -0.058     0.315     0.947
    -0.012     0.417     0.909
    -0.067     0.280     0.958
    -0.137     0.319     0.938
    -0.073     0.440     0.895
     0.023     0.348     0.937
     0.146     0.294     0.945
    -0.018     0.319     0.948
    -0.006     0.280     0.960
    -0.090     0.301     0.949
    -0.026     0.366     0.930
     0.046     0.232     0.972
     0.061     0.228     0.972
     0.121     0.216     0.969
    -0.044     0.292     0.955
     0.035     0.295     0.955
     0.054     0.265     0.963
    -0.067     0.317     0.946
    -0.015     0.304     0.953
    -0.025     0.375     0.927
     0.000     0.300     0.954
    -0.012     0.321     0.947
     0.042     0.299     0.953
    -0.033     0.262     0.965
    -0.063     0.221     0.973
     0.021     0.319     0.948
    -0.005     0.367     0.930
     0.021     0.234     0.972
    -0.033     0.232     0.972
     0.002     0.199     0.980
     0.013     0.323     0.946
    -0.079     0.367     0.927
    -0.026     0.356     0.934
    -0.019     0.192     0.981
    -0.010     0.264     0.964
     0.046     0.302     0.952
    -0.093     0.239     0.967
     0.009     0.331     0.944
     0.018     0.174     0.985
    -0.023     0.205     0.978
    -0.026     0.310     0.950
    -0.094     0.233     0.968
    -0.003     0.295     0.955
    -0.022     0.273     0.962
    -0.125     0.317     0.940
     0.026     0.424     0.905
    -0.156     0.217     0.964
     0.069     0.141     0.988
    -0.117     0.291     0.950
    -0.149     0.346     0.926
    -0.009     0.257     0.966
    -0.046     0.304     0.952
    -0.006     0.273     0.962
    -0.032     0.444     0.895
    -0.114     0.216     0.970
    -0.072     0.344     0.936
     0.056     0.324     0.944
    -0.099     0.275     0.956
    -0.061     0.240     0.969
     0.015     0.304     0.953
     0.027     0.324     0.946
     0.013     0.262     0.965
     0.092     0.282     0.955
    -0.048     0.190     0.981
    -0.042     0.289     0.957
     0.033     0.301     0.953
    -0.012     0.259     0.966
     0.000     0.290     0.957
     0.012     0.396     0.918
    -0.071     0.274     0.959
    -0.118     0.311     0.943
     0.036     0.241     0.970
    -0.024     0.294     0.956
    -0.013     0.268     0.963
     0.069     0.256     0.964
     0.049     0.336     0.941
    -0.054     0.352     0.934
     0.039     0.255     0.966
     0.011     0.272     0.962
     0.102     0.293     0.951
    -0.002     0.291     0.957
     0.045     0.298     0.954
    -0.070     0.208     0.976
    -0.056     0.227     0.972
    -0.108     0.316     0.942
     0.013     0.263     0.965
    -0.084     0.347     0.934
    -0.084     0.214     0.973
    -0.040     0.301     0.953
    -0.045     0.297     0.954
    -0.061     0.282     0.958
    -0.162     0.201     0.966
    -0.031     0.207     0.978
    -0.034     0.300     0.953
    -0.095     0.384     0.918
    -0.040     0.321     0.946
    -0.054     0.267     0.962
    -0.047     0.324     0.945
    -0.068     0.281     0.957
    -0.075     0.340     0.938
    -0.099     0.302     0.948
     0.009     0.322     0.947
    -0.030     0.377     0.926
    -0.123     0.263     0.957
    -0.137     0.328     0.935
    -0.016     0.360     0.933
    -0.017     0.221     0.975
     0.060     0.327     0.943
    -0.037     0.289     0.957
    -0.043     0.309     0.950
     0.058     0.310     0.949
    -0.129     0.333     0.934
    -0.014     0.406     0.914
     0.030     0.371     0.928
     0.074     0.297     0.952
     0.176     0.261     0.949
    -0.008     0.293     0.956
    -0.087     0.274     0.958
     0.017     0.311     0.950
     0.014     0.340     0.940
    -0.029     0.301     0.953
    -0.033     0.260     0.965
    -0.080     0.326     0.942
     0.000     0.199     0.980
    -0.098     0.321     0.942
     0.029     0.308     0.951
    -0.007     0.300     0.954
    -0.035     0.307     0.951
    -0.067     0.300     0.951
    -0.029     0.307     0.951
    -0.023     0.311     0.950
    -0.003     0.331     0.944
    -0.070     0.272     0.960
    -0.050     0.189     0.981
     0.099     0.303     0.948
    -0.083     0.356     0.931
    -0.063     0.306     0.950
    -0.076     0.251     0.965
     0.057     0.326     0.943
     0.006     0.293     0.956
    -0.023     0.279     0.960
     0.003     0.351     0.936
    -0.032     0.204     0.978
    -0.031     0.299     0.954
    -0.014     0.341     0.940
     0.071     0.215     0.974
    -0.007     0.308     0.951
     0.028     0.253     0.967
     0.089     0.282     0.955
    -0.156     0.261     0.953
    -0.059     0.229     0.972
    -0.107     0.271     0.956
    -0.000     0.346     0.938
     0.002     0.341     0.940
    -0.023     0.246     0.969
     0.029     0.279     0.960
    -0.195     0.359     0.913
    -0.076     0.262     0.962
     0.012     0.252     0.968
    -0.093     0.251     0.963
    -0.010     0.232     0.973
    -0.027     0.274     0.961
    -0.026     0.211     0.977
     0.015     0.176     0.984
    -0.126     0.320     0.939
     0.012     0.281     0.960
    -0.082     0.311     0.947
    -0.041     0.297     0.954
     0.048     0.189     0.981
     0.086     0.353     0.932
     0.109     0.297     0.949
    -0.066     0.345     0.936
    -0.045     0.307     0.951
     0.010     0.223     0.975
     0.015     0.315     0.949
    -0.054     0.283     0.958
     0.046     0.340     0.939
     0.018     0.289     0.957
     0.034     0.357     0.934
     0.002     0.201     0.980
    -0.100     0.404     0.909
     0.068     0.247     0.967
    -0.118     0.323     0.939
    -0.050     0.270     0.962
    -0.015     0.333     0.943
     0.062     0.357     0.932
     0.024     0.279     0.960
    -0.010     0.277     0.961
    -0.055     0.271     0.961
     0.023     0.193     0.981
    -0.070     0.391     0.918
    -0.021     0.259     0.966
    -0.005     0.272     0.962
    -0.126     0.308     0.943
    -0.021     0.222     0.975
    -0.009     0.250     0.968
    -0.014     0.351     0.936
     0.064     0.346     0.936
    -0.076     0.393     0.917
     0.030     0.382     0.924
    -0.161     0.161     0.974
     0.019     0.282     0.959
     0.110     0.238     0.965
     0.034     0.359     0.933
    -0.037     0.122     0.992
    -0.097     0.319     0.943
    -0.091     0.275     0.957
    -0.049     0.247     0.968
    -0.012     0.318     0.948
    -0.065     0.251     0.966
    -0.083     0.238     0.968
    -0.025     0.317     0.948
    -0.091     0.350     0.932
    -0.033     0.255     0.966
    -0.028     0.398     0.917
    -0.106     0.319     0.942
    -0.084     0.352     0.932
    -0.041     0.267     0.963
    -0.066     0.304     0.950
     0.064     0.325     0.944
     0.028     0.283     0.959
    -0.040     0.296     0.954
    -0.016     0.287     0.958
     0.015     0.335     0.942
    -0.089     0.296     0.951
    -0.017     0.388     0.922
    -0.078     0.323     0.943
    -0.016     0.307     0.951
     0.071     0.307     0.949
    -0.053     0.213     0.976
     0.019     0.287     0.958
    -0.064     0.334     0.940
    -0.023     0.256     0.966
     0.021     0.241     0.970
     0.025     0.305     0.952
    -0.087     0.240     0.967
    -0.074     0.241     0.968
    -0.033     0.228     0.973
    -0.166     0.375     0.912
     0.025     0.222     0.975
     0.018     0.222     0.975
    -0.012     0.352     0.936
    -0.018     0.246     0.969
    -0.024     0.324     0.946
    -0.120     0.305     0.945
    -0.046     0.365     0.930
    -0.032     0.314     0.949
     0.095     0.299     0.950
     0.028     0.252     0.967
    -0.111     0.303     0.946
     0.055     0.296     0.953
     0.010     0.343     0.939
    -0.108     0.379     0.919
    -0.093     0.340     0.936
     0.072     0.270     0.960
     0.010     0.260     0.966
    -0.119     0.270     0.955
    -0.028     0.353     0.935
    -0.042     0.255     0.966
    -0.031     0.304     0.952
    -0.058     0.247     0.967
     0.034     0.177     0.984
    -0.103     0.301     0.948
    -0.004     0.377     0.926
     0.005     0.276     0.961
    -0.139     0.276     0.951
     0.055     0.286     0.957
    -0.004     0.181     0.983
    -0.019     0.257     0.966
    -0.054     0.337     0.940
    -0.099     0.218     0.971
    -0.026     0.242     0.970
    -0.082     0.284     0.955
    -0.055     0.228     0.972
    -0.037     0.243     0.969
    -0.090     0.259     0.962
    -0.009     0.263     0.965
    -0.056     0.287     0.956
    -0.065     0.306     0.950
     0.055     0.227     0.972
    -0.048     0.265     0.963
    -0.055     0.291     0.955
    -0.062     0.407     0.911
    -0.009     0.332     0.943
    -0.058     0.237     0.970
     0.205     0.317     0.926
     0.016     0.280     0.960
    -0.075     0.207     0.975
    -0.006     0.291     0.957
     0.003     0.269     0.963
    -0.127     0.247     0.961
    -0.030     0.312     0.950
     0.003     0.307     0.952
     0.054     0.242     0.969
    -0.025     0.286     0.958
     0.055     0.343     0.938
    -0.052     0.306     0.950
    -0.020     0.421     0.907
     0.067     0.347     0.935
     0.001     0.292     0.956
     0.023     0.378     0.926
    -0.031     0.359     0.933
     0.035     0.293     0.955
     0.003     0.219     0.976
    -0.100     0.295     0.950
     0.067     0.229     0.971
    -0.072     0.338     0.938
    -0.055     0.247     0.967
    -0.019     0.314     0.949
     0.038     0.419     0.907
    -0.093     0.256     0.962
    -0.065     0.270     0.961
     0.038     0.327     0.944
     0.056     0.250     0.967
    -0.081     0.300     0.950
     0.027     0.352     0.936
     0.048     0.386     0.921
     0.005     0.289     0.957
    -0.081     0.276     0.958
    -0.083     0.367     0.927
    -0.050     0.229     0.972
    -0.041     0.335     0.941
    -0.066     0.241     0.968
    -0.038     0.219     0.975
    -0.029     0.205     0.978
     0.056     0.308     0.950
    -0.057     0.317     0.947
    -0.154     0.266     0.951
    -0.037     0.276     0.960
    -0.011     0.274     0.962
    -0.079     0.264     0.961
     0.048     0.285     0.957
    -0.108     0.225     0.968
     0.040     0.331     0.943
     0.031     0.278     0.960
    -0.046     0.307     0.951
     0.074     0.222     0.972
     0.075     0.243     0.967
     0.092     0.175     0.980
    -0.120     0.215     0.969
    -0.013     0.165     0.986
     0.048     0.387     0.921
    -0.082     0.302     0.950
     0.035     0.196     0.980
    -0.057     0.341     0.938
    -0.136     0.315     0.939
     0.041     0.245     0.969
    -0.010     0.274     0.962
    -0.034     0.285     0.958
     0.029     0.237     0.971
    -0.147     0.212     0.966
    -0.069     0.308     0.949
    -0.019     0.306     0.952
    -0.025     0.326     0.945
    -0.015     0.356     0.934
     0.040     0.233     0.972
    -0.044     0.223     0.974
    -0.069     0.344     0.936
     0.023     0.266     0.964
    -0.079     0.287     0.955
     0.014     0.318     0.948
    -0.082     0.339     0.937
    -0.075     0.239     0.968
    -0.037     0.246     0.969
    -0.063     0.320     0.945
     0.113     0.325     0.939
     0.044     0.319     0.947
    -0.032     0.276     0.961
     0.021     0.309     0.951
    -0.105     0.289     0.951
     0.019     0.294     0.956
    -0.059     0.295     0.954
    -0.103     0.217     0.971
     0.046     0.346     0.937
    -0.019     0.454     0.891
     0.105     0.297     0.949
    -0.012     0.258     0.966
    -0.056     0.283     0.957
    -0.012     0.272     0.962
     0.013     0.266     0.964
     0.022     0.307     0.951
    -0.097     0.322     0.942
    -0.066     0.247     0.967
    -0.082     0.269     0.960
    -0.038     0.398     0.916
     0.001     0.350     0.937
    -0.050     0.255     0.966
     0.010     0.398     0.917
    -0.033     0.250     0.968
     0.016     0.301     0.953
     0.024     0.348     0.937
    -0.094     0.284     0.954
    -0.074     0.231     0.970
    -0.080     0.254     0.964
    -0.042     0.289     0.956
    -0.013     0.287     0.958
    -0.105     0.175     0.979
     0.004     0.274     0.962
    -0.040     0.252     0.967
    -0.018     0.311     0.950
    -0.027     0.218     0.976
    -0.057     0.302     0.951
    -0.028     0.321     0.947
     0.074     0.222     0.972
     0.011     0.354     0.935
     0.017     0.357     0.934
    -0.009     0.330     0.944
    -0.138     0.314     0.939
     0.063     0.266     0.962
    -0.091     0.279     0.956
    -0.023     0.276     0.961
    -0.029     0.312     0.949
     0.001     0.299     0.954
     0.024     0.271     0.962
     0.046     0.216     0.975
     0.025     0.261     0.965
    -0.053     0.166     0.985
    -0.021     0.327     0.945
    -0.010     0.362     0.932
     0.003     0.343     0.939
    -0.031     0.323     0.946
     0.007     0.271     0.963
    -0.022     0.312     0.950
    -0.061     0.290     0.955
    -0.061     0.251     0.966
     0.022     0.244     0.970
    -0.032     0.265     0.964
     0.030     0.311     0.950
    -0.124     0.263     0.957
    -0.048     0.223     0.974
    -0.039     0.317     0.947
    -0.013     0.417     0.909
     0.005     0.351     0.936
    -0.023     0.312     0.950
    -0.014     0.264     0.965
     0.006     0.290     0.957
     0.035     0.270     0.962
    -0.020     0.210     0.977
    -0.081     0.302     0.950
    -0.069     0.278     0.958
    -0.087     0.284     0.955
    -0.028     0.265     0.964
    -0.017     0.245     0.969
     0.005     0.380     0.925
     0.015     0.289     0.957
     0.053     0.264     0.963
    -0.033     0.253     0.967
    -0.077     0.272     0.959
     0.026     0.228     0.973
    -0.123     0.290     0.949
    -0.122     0.357     0.926
    -0.010     0.288     0.958
    -0.057     0.272     0.961
    -0.047     0.188     0.981
    -0.003     0.352     0.936
    -0.059     0.322     0.945
     0.062     0.228     0.972
     0.007     0.342     0.940
     0.063     0.364     0.929
    -0.016     0.326     0.945
    -0.088     0.302     0.949
    -0.068     0.254     0.965
    -0.078     0.279     0.957
    -0.042     0.342     0.939
    -0.012     0.320     0.947
    -0.034     0.383     0.923
    -0.170     0.290     0.942
     0.009     0.329     0.944
     0.013     0.341     0.940
    -0.083     0.356     0.931
    -0.044     0.324     0.945
    -0.039     0.390     0.920
     0.021     0.312     0.950
    -0.005     0.309     0.951
     0.030     0.293     0.956
    -0.066     0.294     0.953
    -0.034     0.275     0.961
     0.018     0.249     0.968
    -0.077     0.292     0.953
    -0.001     0.244     0.970
     0.026     0.391     0.920
    -0.089     0.303     0.949
    -0.141     0.276     0.951
     0.109     0.270     0.957
    -0.085     0.192     0.978
    -0.019     0.329     0.944
    -0.043     0.360     0.932
    -0.040     0.298     0.954
    -0.001     0.319     0.948
    -0.028     0.130     0.991
     0.027     0.319     0.947
    -0.004     0.249     0.968
    -0.121     0.257     0.959
     0.017     0.392     0.920
     0.035     0.321     0.946
     0.042     0.268     0.962
    -0.043     0.335     0.941
    -0.006     0.314     0.950
    -0.012     0.379     0.925
    -0.043     0.235     0.971
    -0.072     0.223     0.972
     0.040     0.337     0.941
    -0.079     0.236     0.969
    -0.212     0.270     0.939
    -0.052     0.384     0.922
     0.010     0.322     0.947
    -0.035     0.260     0.965
    -0.069     0.355     0.932
    -0.001     0.254     0.967
    -0.215     0.253     0.943
    -0.023     0.212     0.977
    -0.039     0.306     0.951
     0.030     0.328     0.944
    -0.016     0.299     0.954
    -0.006     0.258     0.966
    -0.110     0.333     0.937
    -0.009     0.287     0.958
    -0.029     0.288     0.957
    -0.040     0.429     0.902
    -0.080     0.274     0.958
    -0.134     0.180     0.975
     0.051     0.378     0.924
    -0.011     0.257     0.966
    -0.019     0.276     0.961
    -0.005     0.407     0.914
    -0.022     0.255     0.967
     0.050     0.300     0.953
    -0.026     0.349     0.937
     0.012     0.245     0.970
    -0.049     0.264     0.963
    -0.103     0.372     0.923
    -0.073     0.336     0.939
    -0.013     0.254     0.967
     0.033     0.331     0.943
    -0.076     0.333     0.940
     0.035     0.188     0.982
    -0.096     0.281     0.955
    -0.096     0.264     0.960
    -0.046     0.260     0.965
    -0.012     0.323     0.946
     0.049     0.250     0.967
     0.045     0.325     0.945
    -0.049     0.365     0.930
    -0.027     0.331     0.943
     0.018     0.255     0.967
     0.056     0.312     0.948
    -0.004     0.333     0.943
    -0.021     0.265     0.964
    -0.071     0.233     0.970
    -0.023     0.375     0.927
    -0.035     0.225     0.974
    -0.029     0.354     0.935
    -0.028     0.338     0.941
     0.000     0.205     0.979
    -0.091     0.338     0.937
     0.049     0.299     0.953
     0.000     0.323     0.946
    -0.087     0.308     0.948
    -0.044     0.275     0.960
     0.008     0.191     0.982
    -0.020     0.282     0.959
     0.064     0.276     0.959
    -0.097     0.306     0.947
     0.019     0.381     0.924
     0.003     0.239     0.971
    -0.043     0.313     0.949
    -0.060     0.140     0.988
     0.106     0.305     0.946
    -0.072     0.234     0.970
     0.050     0.346     0.937
     0.044     0.294     0.955
    -0.082     0.268     0.960
    -0.077     0.319     0.945
    -0.005     0.227     0.974
     0.040     0.270     0.962
    -0.017     0.157     0.987
    -0.087     0.214     0.973
     0.080     0.276     0.958
    -0.049     0.237     0.970
    -0.078     0.314     0.946
    -0.023     0.283     0.959
    -0.044     0.383     0.923
    -0.034     0.285     0.958
    -0.041     0.253     0.966
    -0.046     0.333     0.942
    -0.122     0.283     0.951
     0.003     0.319     0.948
    -0.053     0.235     0.971
    -0.089     0.440     0.894
    -0.020     0.275     0.961
    -0.035     0.336     0.941
    -0.011     0.441     0.898
    -0.107     0.293     0.950
    -0.024     0.342     0.940
    -0.074     0.266     0.961
     0.071     0.230     0.971
    -0.040     0.262     0.964
     0.020     0.321     0.947
    -0.040     0.253     0.967
    -0.015     0.197     0.980
    -0.009     0.225     0.974
    -0.068     0.278     0.958
    -0.101     0.259     0.961
    -0.051     0.250     0.967
     0.050     0.251     0.967
    -0.038     0.310     0.950
    -0.017     0.342     0.939
    -0.100     0.407     0.908
     0.083     0.294     0.952
     0.082     0.381     0.921
    -0.166     0.311     0.936
     0.010     0.351     0.936
    -0.076     0.319     0.945
    -0.050     0.253     0.966
    -0.027     0.351     0.936
    -0.040     0.314     0.949
     0.035     0.260     0.965
     0.019     0.361     0.932
    -0.034     0.307     0.951
    -0.109     0.252     0.962
    -0.074     0.292     0.954
    -0.069     0.224     0.972
    -0.055     0.191     0.980
    -0.067     0.233     0.970
     0.003     0.188     0.982
    -0.126     0.289     0.949
     0.021     0.293     0.956
    -0.106     0.207     0.973
    -0.007     0.313     0.950
    -0.027     0.250     0.968
     0.004     0.280     0.960
    -0.066     0.243     0.968
     0.011     0.370     0.929
    -0.117     0.265     0.957
    -0.021     0.285     0.958
     0.035     0.283     0.958
    -0.023     0.329     0.944
    -0.045     0.408     0.912
     0.019     0.229     0.973
     0.028     0.234     0.972
     0.081     0.227     0.971
     0.002     0.314     0.949
    -0.024     0.370     0.929
    -0.127     0.263     0.956
    -0.024     0.324     0.946
     0.019     0.289     0.957
    -0.074     0.266     0.961
    -0.015     0.411     0.911
    -0.087     0.213     0.973
    -0.124     0.297     0.947
    -0.013     0.302     0.953
    -0.005     0.298     0.955
    -0.040     0.325     0.945
    -0.066     0.290     0.955
    -0.081     0.306     0.949
     0.009     0.293     0.956
     0.008     0.282     0.959
    -0.087     0.294     0.952
     0.024     0.312     0.950
    -0.007     0.227     0.974
    -0.067     0.284     0.957
    -0.060     0.202     0.978
    -0.070     0.250     0.966
     0.045     0.330     0.943
     0.015     0.271     0.962
     0.122     0.263     0.957
    -0.023     0.359     0.933
    -0.086     0.255     0.963
    -0.178     0.250     0.952
     0.031     0.264     0.964
    -0.058     0.229     0.972
    -0.097     0.254     0.962
    -0.025     0.413     0.910
     0.039     0.304     0.952
    -0.042     0.328     0.944
     0.020     0.213     0.977
     0.009     0.212     0.977
    -0.023     0.296     0.955
    -0.039     0.271     0.962
     0.016     0.269     0.963
     0.115     0.316     0.942
     0.013     0.218     0.976
     0.010     0.319     0.948
     0.003     0.300     0.954
    -0.049     0.175     0.983
     0.022     0.234     0.972
    -0.000     0.311     0.951
    -0.022     0.317     0.948
    -0.033     0.257     0.966
     0.008     0.260     0.965
    -0.044     0.356     0.933
     0.068     0.348     0.935
    -0.084     0.313     0.946
    -0.026     0.247     0.969
    -0.038     0.233     0.972
     0.070     0.223     0.972
    -0.020     0.191     0.981
    -0.014     0.393     0.919
    -0.076     0.360     0.930
    -0.033     0.249     0.968
    -0.089     0.310     0.947
    -0.094     0.167     0.982
    -0.001     0.440     0.898
     0.037     0.346     0.938
    -0.080     0.346     0.935
     0.003     0.357     0.934
     0.075     0.229     0.970
     0.020     0.286     0.958
    -0.027     0.256     0.966
    -0.081     0.203     0.976
    -0.043     0.280     0.959
    -0.161     0.360     0.919
    -0.062     0.293     0.954
    -0.137     0.336     0.932
     0.034     0.358     0.933
     0.017     0.329     0.944
     0.108     0.248     0.963
    -0.085     0.365     0.927
     0.020     0.261     0.965
    -0.035     0.309     0.950
    -0.046     0.253     0.966
    -0.020     0.299     0.954
     0.118     0.292     0.949
     0.013     0.338     0.941
     0.072     0.328     0.942
    -0.108     0.336     0.936
    -0.132     0.236     0.963
    -0.014     0.378     0.926
    -0.046     0.232     0.972
     0.060     0.371     0.927
     0.064     0.310     0.949
    -0.058     0.257     0.965
    -0.022     0.363     0.931
    -0.075     0.344     0.936
    -0.054     0.242     0.969
    -0.105     0.213     0.971
    -0.059     0.309     0.949
     0.040     0.365     0.930
    -0.003     0.309     0.951
    -0.058     0.322     0.945
    -0.042     0.344     0.938
     0.069     0.312     0.948
     0.022     0.222     0.975
     0.001     0.329     0.944
     0.087     0.416     0.905
    -0.064     0.269     0.961
    -0.032     0.238     0.971
    -0.059     0.329     0.943
    -0.092     0.326     0.941
    -0.076     0.380     0.922
    -0.068     0.245     0.967
    -0.073     0.232     0.970
     0.037     0.267     0.963
    -0.063     0.203     0.977
    -0.036     0.357     0.933
    -0.083     0.324     0.943
     0.109     0.351     0.930
    -0.039     0.273     0.961
     0.048     0.256     0.966
    -0.074     0.213     0.974
    -0.047     0.352     0.935
    -0.071     0.307     0.949
    -0.054     0.231     0.972
    -0.007     0.381     0.925
    -0.026     0.232     0.972
    -0.161     0.377     0.912
    -0.033     0.261     0.965
    -0.066     0.239     0.969
     0.093     0.322     0.942
     0.006     0.271     0.963
    -0.057     0.266     0.962
     0.008     0.315     0.949
     0.089     0.276     0.957
     0.011     0.199     0.980
    -0.011     0.212     0.977
    -0.016     0.309     0.951
     0.034     0.267     0.963
    -0.085     0.400     0.913
    -0.109     0.193     0.975
     0.128     0.221     0.967
    -0.036     0.322     0.946
     0.014     0.289     0.957
    -0.085     0.253     0.964
     0.065     0.206     0.976
     0.028     0.400     0.916
     0.027     0.372     0.928
    -0.059     0.378     0.924
    -0.044     0.250     0.967
    -0.019     0.334     0.942
    -0.038     0.301     0.953
     0.007     0.354     0.935
    -0.068     0.426     0.902
    -0.076     0.326     0.942
     0.094     0.242     0.966
    -0.075     0.338     0.938
    -0.082     0.226     0.971
    -0.124     0.348     0.929
     0.082     0.222     0.972
    -0.097     0.305     0.947
     0.033     0.215     0.976
    -0.009     0.174     0.985
    -0.067     0.235     0.970
    -0.091     0.297     0.951
    -0.061     0.276     0.959
     0.081     0.319     0.944
     0.044     0.259     0.965
    -0.027     0.243     0.970
    -0.075     0.280     0.957
     0.030     0.311     0.950
    -0.041     0.304     0.952
    -0.051     0.284     0.957
    -0.055     0.352     0.935
     0.027     0.237     0.971
    -0.003     0.335     0.942
    -0.018     0.329     0.944
    -0.001     0.355     0.935
    -0.026     0.362     0.932
    -0.042     0.376     0.926
    -0.108     0.354     0.929
    -0.075     0.219     0.973
     0.001     0.296     0.955
     0.067     0.186     0.980
     0.075     0.302     0.950
    -0.003     0.313     0.950
     0.032     0.324     0.946
    -0.027     0.285     0.958
    -0.014     0.170     0.985
    -0.001     0.229     0.973
    -0.150     0.311     0.938
     0.008     0.356     0.934
    -0.004     0.397     0.918
     0.002     0.272     0.962
    -0.044     0.301     0.953
    -0.074     0.318     0.945
    -0.015     0.381     0.925
    -0.089     0.306     0.948
     0.007     0.259     0.966
    -0.022     0.331     0.944
     0.053     0.259     0.964
    -0.008     0.323     0.947
     0.035     0.328     0.944
     0.031     0.229     0.973
     0.038     0.353     0.935
    -0.066     0.184     0.981
     0.065     0.190     0.980
    -0.113     0.291     0.950
    -0.087     0.310     0.947
    -0.023     0.262     0.965
    -0.011     0.209     0.978
     0.020     0.262     0.965
    -0.096     0.306     0.947
    -0.061     0.297     0.953
     0.006     0.270     0.963
    -0.125     0.333     0.935
    -0.043     0.377     0.925
     0.101     0.340     0.935
    -0.038     0.261     0.965
    -0.099     0.324     0.941
     0.006     0.207     0.978
    -0.068     0.250     0.966
     0.008     0.400     0.917
     0.033     0.278     0.960
    -0.043     0.176     0.984
    -0.030     0.188     0.982
    -0.016     0.301     0.954
    -0.047     0.174     0.984
     0.001     0.425     0.905
     0.012     0.329     0.944
     0.019     0.333     0.943
     0.056     0.417     0.907
    -0.047     0.313     0.948
     0.025     0.287     0.958
    -0.068     0.341     0.938
    -0.001     0.308     0.951
    -0.026     0.237     0.971
     0.080     0.317     0.945
     0.048     0.317     0.947
     0.006     0.228     0.974
     0.065     0.254     0.965
    -0.180     0.293     0.939
    -0.085     0.323     0.942
     0.003     0.251     0.968
    -0.113     0.204     0.972
     0.050     0.278     0.959
    -0.033     0.191     0.981
    -0.064     0.335     0.940
    -0.082     0.267     0.960
    -0.054     0.316     0.947
     0.054     0.276     0.960
    -0.031     0.309     0.950
    -0.118     0.346     0.931
     0.002     0.267     0.964
    -0.046     0.286     0.957
    -0.134     0.319     0.938
    -0.043     0.295     0.954
    -0.028     0.216     0.976
    -0.087     0.347     0.934
    -0.038     0.154     0.987
    -0.018     0.222     0.975
     0.083     0.267     0.960
    -0.013     0.296     0.955
    -0.007     0.258     0.966
     0.070     0.203     0.977
    -0.026     0.242     0.970
     0.048     0.241     0.969
    -0.017     0.227     0.974
    -0.060     0.269     0.961
     0.097     0.280     0.955
    -0.081     0.272     0.959
    -0.012     0.272     0.962
    -0.082     0.251     0.965
     0.078     0.385     0.920
    -0.080     0.340     0.937
     0.004     0.372     0.928
    -0.017     0.236     0.972
     0.011     0.250     0.968
    -0.058     0.206     0.977
    -0.098     0.205     0.974
     0.092     0.377     0.921
    -0.048     0.270     0.962
    -0.069     0.236     0.969
    -0.057     0.287     0.956
    -0.027     0.339     0.940
    -0.035     0.286     0.958
     0.025     0.368     0.929
    -0.001     0.300     0.954
    -0.013     0.387     0.922
     0.029     0.277     0.961
    -0.014     0.417     0.909
     0.032     0.280     0.959
    -0.097     0.283     0.954
     0.065     0.312     0.948
    -0.034     0.243     0.969
     0.091     0.288     0.953
    -0.041     0.378     0.925
     0.099     0.324     0.941
    -0.016     0.369     0.929
    -0.133     0.389     0.911
    -0.029     0.308     0.951
    -0.101     0.286     0.953
    -0.043     0.276     0.960
    -0.164     0.359     0.919
     0.057     0.258     0.964
    -0.042     0.263     0.964
    -0.031     0.238     0.971
    -0.123     0.365     0.923
    -0.047     0.251     0.967
    -0.037     0.269     0.963
    -0.038     0.320     0.947
    -0.133     0.334     0.933
    -0.164     0.283     0.945
    -0.028     0.274     0.961
    -0.029     0.391     0.920
    -0.084     0.314     0.946
    -0.064     0.446     0.893
    -0.002     0.364     0.932
    -0.043     0.213     0.976
     0.101     0.267     0.958
     0.006     0.403     0.915
     0.096     0.317     0.944
    -0.104     0.297     0.949
    -0.049     0.306     0.951
     0.027     0.314     0.949
    -0.018     0.230     0.973
     0.008     0.286     0.958
    -0.004     0.338     0.941
    -0.011     0.281     0.960
    -0.099     0.326     0.940
    -0.015     0.347     0.938
     0.047     0.243     0.969
    -0.015     0.294     0.956
    -0.069     0.248     0.966
     0.073     0.254     0.965
    -0.137     0.212     0.968
    -0.081     0.309     0.947
    -0.066     0.404     0.912
    -0.036     0.367     0.929
    -0.064     0.389     0.919
     0.014     0.294     0.956
     0.033     0.264     0.964
    -0.101     0.295     0.950
    -0.057     0.240     0.969
    -0.021     0.324     0.946
    -0.029     0.230     0.973
    -0.013     0.312     0.950
     0.033     0.395     0.918
     0.027     0.279     0.960
     0.040     0.359     0.932
    -0.091     0.240     0.966
    -0.029     0.393     0.919
    -0.086     0.262     0.961
     0.023     0.432     0.902
    -0.115     0.301     0.947
    -0.034     0.299     0.954
    -0.021     0.277     0.961
    -0.044     0.257     0.966
    -0.055     0.260     0.964
     0.002     0.267     0.964
    -0.080     0.225     0.971
    -0.154     0.266     0.952
    -0.119     0.306     0.945
     0.007     0.393     0.919
    -0.032     0.267     0.963
    -0.063     0.283     0.957
    -0.032     0.331     0.943
    -0.109     0.243     0.964
    -0.108     0.258     0.960
     0.056     0.239     0.969
    -0.094     0.289     0.953
    -0.028     0.251     0.968
    -0.007     0.255     0.967
    -0.017     0.266     0.964
    -0.003     0.289     0.957
    -0.139     0.265     0.954
    -0.157     0.285     0.946
    -0.070     0.244     0.967
     0.049     0.281     0.958
    -0.093     0.231     0.969
    -0.110     0.363     0.925
    -0.013     0.346     0.938
     0.038     0.389     0.921
    -0.044     0.200     0.979
     0.006     0.192     0.981
     0.102     0.273     0.956
     0.004     0.322     0.947
     0.016     0.195     0.981
    -0.071     0.352     0.933
    -0.121     0.200     0.972
    -0.066     0.293     0.954
     0.010     0.336     0.942
    -0.092     0.320     0.943
     0.013     0.379     0.925
    -0.011     0.267     0.964
    -0.057     0.377     0.924
    -0.001     0.336     0.942
    -0.020     0.295     0.955
    -0.064     0.284     0.957
    -0.037     0.383     0.923
    -0.052     0.264     0.963
     0.001     0.253     0.967
     0.020     0.378     0.926
     0.084     0.241     0.967
    -0.028     0.293     0.956
     0.127     0.343     0.931
     0.042     0.256     0.966
    -0.001     0.337     0.941
    -0.012     0.325     0.945
     0.010     0.285     0.958
    -0.077     0.339     0.938
    -0.068     0.309     0.949
     0.137     0.292     0.947
    -0.018     0.297     0.955
    -0.208     0.260     0.943
     0.006     0.308     0.951
     0.000     0.243     0.970
     0.030     0.350     0.936
    -0.012     0.223     0.975
    -0.032     0.228     0.973
    -0.004     0.251     0.968
    -0.113     0.331     0.937
     0.005     0.387     0.922
    -0.069     0.411     0.909
    -0.011     0.320     0.947
    -0.058     0.261     0.964
    -0.023     0.136     0.990
    -0.053     0.350     0.935
    -0.002     0.195     0.981
    -0.055     0.292     0.955
     0.016     0.290     0.957
    -0.090     0.162     0.983
    -0.054     0.204     0.977
     0.069     0.305     0.950
    -0.009     0.301     0.954
     0.071     0.258     0.964
    -0.020     0.211     0.977
    -0.004     0.266     0.964
     0.004     0.360     0.933
    -0.078     0.269     0.960
    -0.048     0.266     0.963
     0.012     0.330     0.944
    -0.057     0.299     0.952
    -0.041     0.311     0.950
     0.018     0.312     0.950
    -0.015     0.206     0.978
    -0.068     0.242     0.968
    -0.004     0.304     0.953
    -0.063     0.300     0.952
     0.036     0.305     0.952
     0.126     0.361     0.924
    -0.067     0.230     0.971
    -0.111     0.258     0.960
    -0.016     0.293     0.956
     0.051     0.224     0.973
    -0.090     0.415     0.905
    -0.019     0.291     0.956
    -0.009     0.308     0.951
    -0.005     0.308     0.951
    -0.011     0.282     0.959
    -0.079     0.276     0.958
    -0.137     0.327     0.935
    -0.049     0.339     0.940
    -0.039     0.082     0.996
     0.029     0.213     0.977
    -0.122     0.265     0.957
     0.054     0.272     0.961
     0.026     0.280     0.960
    -0.019     0.289     0.957
    -0.101     0.301     0.948
    -0.025     0.200     0.980
    -0.119     0.268     0.956
    -0.130     0.313     0.941
    -0.110     0.370     0.922
    -0.114     0.402     0.908
     0.019     0.281     0.959
     0.025     0.357     0.934
    -0.034     0.320     0.947
    -0.013     0.308     0.951
    -0.094     0.304     0.948
     0.049     0.300     0.953
     0.029     0.337     0.941
    -0.093     0.324     0.941
    -0.043     0.231     0.972
    -0.026     0.328     0.944
    -0.062     0.330     0.942
    -0.002     0.358     0.934
     0.052     0.263     0.964
    -0.004     0.178     0.984
    -0.064     0.305     0.950
    -0.007     0.237     0.971
    -0.023     0.322     0.947
     0.053     0.301     0.952
    -0.152     0.158     0.976
    -0.015     0.239     0.971
    -0.067     0.337     0.939
    -0.067     0.374     0.925
    -0.006     0.291     0.957
    -0.018     0.191     0.981
    -0.063     0.392     0.918
     0.035     0.329     0.944
    -0.008     0.402     0.916
    -0.015     0.251     0.968
     0.005     0.338     0.941
    -0.080     0.152     0.985
     0.087     0.218     0.972
    -0.022     0.307     0.951
    -0.060     0.246     0.967
     0.013     0.262     0.965
    -0.060     0.264     0.963
    -0.126     0.230     0.965
    -0.059     0.226     0.972
    -0.070     0.224     0.972
     0.053     0.205     0.977
    -0.051     0.281     0.958
    -0.060     0.249     0.967
     0.090     0.326     0.941
     0.025     0.360     0.933
    -0.024     0.379     0.925
    -0.058     0.266     0.962
     0.031     0.345     0.938
    -0.031     0.286     0.958
     0.001     0.265     0.964
    -0.016     0.251     0.968
    -0.006     0.195     0.981
    -0.046     0.269     0.962
    -0.056     0.276     0.960
    -0.067     0.295     0.953
    -0.007     0.336     0.942
     0.001     0.267     0.964
    -0.038     0.193     0.981
    -0.031     0.288     0.957
    -0.105     0.234     0.967
     0.021     0.206     0.978
    -0.049     0.374     0.926
     0.001     0.292     0.956
    -0.010     0.316     0.949
     0.096     0.265     0.959
     0.019     0.344     0.939
     0.078     0.292     0.953
    -0.077     0.351     0.933
    -0.150     0.289     0.946
     0.015     0.358     0.934
    -0.083     0.336     0.938
    -0.061     0.281     0.958
    -0.045     0.332     0.942
     0.020     0.291     0.957
    -0.035     0.367     0.929
     0.094     0.225     0.970
    -0.061     0.241     0.969
    -0.028     0.242     0.970
     0.035     0.190     0.981
    -0.109     0.287     0.952
     0.034     0.365     0.931
    -0.017     0.173     0.985
    -0.014     0.237     0.971
     0.036     0.291     0.956
    -0.031     0.335     0.942
    -0.082     0.298     0.951
    -0.042     0.176     0.983
     0.021     0.343     0.939
    -0.093     0.283     0.955
    -0.004     0.346     0.938
     0.065     0.256     0.965
     0.026     0.326     0.945
    -0.162     0.265     0.951
    -0.114     0.313     0.943
     0.009     0.282     0.959
    -0.078     0.344     0.936
     0.003     0.238     0.971
    -0.083     0.307     0.948
    -0.156     0.320     0.934
    -0.006     0.305     0.952
     0.024     0.200     0.979
    -0.143     0.206     0.968
     0.041     0.149     0.988
     0.014     0.197     0.980
     0.009     0.310     0.951
