    -0.045     0.693     0.719
     0.145     0.693     0.706
    -0.038     0.817     0.575
     0.104     0.742     0.663
     0.183     0.747     0.640
     0.119     0.807     0.578
     0.263     0.727     0.634
     0.176     0.713     0.678
     0.044     0.822     0.567
     0.050     0.706     0.707
     0.183     0.760     0.623
     0.190     0.718     0.670
    -0.005     0.739     0.674
     0.192     0.708     0.680
     0.199     0.813     0.548
    -0.041     0.743     0.668
     0.235     0.751     0.616
     0.068     0.735     0.675
     0.122     0.754     0.645
     0.127     0.717     0.685
     0.036     0.731     0.682
     0.187     0.753     0.631
    -0.057     0.797     0.601
     0.030     0.707     0.706
     0.051     0.823     0.565
     0.150     0.766     0.625
     0.072     0.740     0.669
     0.023     0.734     0.679
     0.072     0.796     0.601
     0.369     0.714     0.594
     0.095     0.750     0.655
    -0.092     0.762     0.641
     0.222     0.851     0.476
     0.122     0.797     0.592
     0.083     0.714     0.695
     0.073     0.693     0.717
     0.059     0.773     0.631
     0.207     0.789     0.578
     0.222     0.728     0.649
     0.201     0.669     0.716
     0.099     0.779     0.619
     0.199     0.730     0.654
     0.046     0.814     0.579
     0.145     0.855     0.499
     0.056     0.838     0.543
     0.054     0.772     0.633
     0.229     0.758     0.611
    -0.002     0.739     0.674
     0.104     0.787     0.608
     0.127     0.652     0.747
     0.193     0.769     0.609
     0.100     0.748     0.656
    -0.162     0.746     0.646
    -0.036     0.684     0.728
    -0.080     0.642     0.763
     0.106     0.747     0.656
     0.103     0.670     0.736
     0.187     0.739     0.647
     0.170     0.707     0.686
     0.167     0.747     0.644
     0.102     0.702     0.705
     0.106     0.763     0.638
     0.010     0.696     0.718
     0.063     0.824     0.563
     0.143     0.669     0.729
     0.172     0.769     0.615
     0.164     0.678     0.717
     0.008     0.647     0.763
     0.063     0.757     0.651
     0.147     0.769     0.623
     0.187     0.744     0.642
     0.109     0.788     0.607
    -0.010     0.711     0.703
     0.143     0.773     0.619
     0.112     0.539     0.835
     0.174     0.730     0.661
     0.267     0.620     0.738
     0.050     0.728     0.684
     0.073     0.875     0.478
     0.044     0.688     0.725
     0.098     0.799     0.593
     0.097     0.828     0.552
     0.047     0.714     0.698
     0.098     0.674     0.732
     0.025     0.764     0.645
    -0.001     0.777     0.629
    -0.061     0.864     0.500
    -0.037     0.728     0.685
     0.123     0.808     0.577
     0.064     0.649     0.758
     0.169     0.786     0.595
     0.122     0.641     0.758
     0.144     0.794     0.590
     0.120     0.720     0.683
     0.088     0.745     0.661
     0.109     0.741     0.662
    -0.018     0.746     0.665
     0.129     0.794     0.593
     0.087     0.795     0.601
     0.004     0.751     0.660
     0.213     0.780     0.588
     0.005     0.742     0.671
     0.117     0.741     0.661
     0.072     0.695     0.715
     0.177     0.749     0.639
     0.077     0.761     0.644
     0.060     0.785     0.617
     0.037     0.757     0.652
     0.193     0.615     0.765
     0.095     0.781     0.617
     0.142     0.751     0.645
     0.028     0.763     0.646
    -0.077     0.769     0.635
     0.251     0.712     0.656
     0.208     0.682     0.701
     0.192     0.546     0.816
     0.082     0.685     0.724
     0.103     0.716     0.690
     0.039     0.648     0.761
     0.127     0.751     0.648
     0.207     0.793     0.573
     0.107     0.749     0.654
     0.343     0.641     0.687
     0.048     0.837     0.545
     0.123     0.823     0.555
    -0.049     0.795     0.604
     0.160     0.738     0.655
     0.184     0.785     0.592
     0.112     0.740     0.663
     0.025     0.746     0.666
     0.189     0.668     0.720
     0.150     0.750     0.644
     0.267     0.682     0.681
    -0.021     0.753     0.658
    -0.054     0.747     0.663
    -0.018     0.655     0.755
     0.036     0.838     0.544
     0.009     0.799     0.601
     0.103     0.709     0.698
     0.039     0.827     0.561
     0.022     0.717     0.697
    -0.022     0.732     0.681
     0.268     0.683     0.680
     0.033     0.833     0.553
     0.223     0.752     0.620
     0.166     0.672     0.721
     0.002     0.770     0.639
     0.118     0.669     0.734
     0.135     0.738     0.661
     0.081     0.781     0.619
     0.115     0.752     0.649
     0.036     0.796     0.604
     0.126     0.750     0.650
     0.232     0.727     0.647
     0.113     0.659     0.744
     0.149     0.754     0.640
     0.076     0.769     0.635
     0.140     0.842     0.521
     0.059     0.742     0.668
    -0.052     0.816     0.576
     0.029     0.638     0.769
     0.114     0.706     0.699
     0.041     0.775     0.631
     0.193     0.618     0.762
     0.135     0.760     0.636
     0.158     0.773     0.614
     0.055     0.775     0.630
     0.321     0.663     0.676
     0.088     0.745     0.662
     0.006     0.737     0.676
     0.059     0.738     0.672
     0.264     0.690     0.674
     0.003     0.760     0.650
     0.037     0.740     0.672
     0.195     0.738     0.646
     0.183     0.695     0.695
    -0.040     0.762     0.646
     0.217     0.793     0.569
    -0.003     0.749     0.663
     0.010     0.727     0.686
    -0.018     0.818     0.575
     0.208     0.799     0.565
    -0.017     0.772     0.635
     0.023     0.743     0.669
     0.070     0.803     0.592
     0.039     0.713     0.700
