     0.430     0.197     0.881
     0.701    -0.255     0.666
     0.314    -0.686     0.656
    -0.077    -0.679     0.730
     0.605    -0.049     0.795
     0.548    -0.425     0.721
     0.366    -0.075     0.928
     0.931    -0.043     0.363
     0.206    -0.565     0.799
     0.412    -0.801     0.434
     0.403     0.059     0.913
     0.119     0.424     0.898
     0.383    -0.709     0.592
     0.752     0.061     0.656
     0.342    -0.183     0.922
     0.425    -0.140     0.894
     0.290    -0.108     0.951
     0.743    -0.278     0.609
     0.111     0.123     0.986
     0.555    -0.353     0.753
     0.312     0.039     0.949
     0.313    -0.149     0.938
     0.525    -0.367     0.767
     0.640    -0.026     0.768
     0.186    -0.314     0.931
     0.310     0.536     0.785
     0.486    -0.210     0.848
     0.615    -0.112     0.780
     0.496    -0.271     0.825
     0.511    -0.597     0.619
     0.531     0.116     0.839
     0.430     0.304     0.850
     0.196    -0.243     0.950
     0.730    -0.337     0.594
     0.942     0.024     0.335
     0.368    -0.255     0.894
     0.460    -0.531     0.711
     0.506     0.361     0.784
     0.296    -0.375     0.879
     0.108    -0.053     0.993
     0.057    -0.023     0.998
     0.424    -0.041     0.905
     0.133    -0.180     0.975
     0.079    -0.135     0.988
     0.284    -0.518     0.807
     0.719    -0.293     0.631
    -0.305    -0.456     0.836
     0.227    -0.600     0.767
     0.018    -0.543     0.840
     0.500    -0.030     0.866
     0.336    -0.399     0.853
     0.439    -0.097     0.893
     0.657    -0.239     0.715
     0.235     0.003     0.972
     0.602    -0.236     0.763
     0.513    -0.181     0.839
     0.280    -0.510     0.813
     0.702    -0.037     0.711
     0.595    -0.535     0.600
     0.444    -0.460     0.769
     0.634    -0.155     0.758
     0.344    -0.343     0.874
     0.531    -0.024     0.847
     0.638    -0.391     0.663
     0.443    -0.114     0.889
     0.112    -0.616     0.780
     0.867     0.153     0.475
    -0.177    -0.640     0.748
    -0.077    -0.414     0.907
     0.758    -0.474     0.448
     0.637    -0.209     0.742
     0.616     0.349     0.706
     0.257    -0.222     0.941
     0.707     0.015     0.707
     0.712    -0.183     0.678
     0.794     0.383     0.472
     0.591    -0.609     0.529
     0.478    -0.297     0.827
     0.019     0.184     0.983
     0.532    -0.206     0.821
     0.599    -0.104     0.794
     0.388    -0.398     0.831
     0.476    -0.611     0.632
     0.117    -0.089     0.989
     0.107    -0.354     0.929
     0.615     0.064     0.786
     0.189    -0.271     0.944
     0.067    -0.180     0.981
     0.437    -0.692     0.574
     0.224    -0.362     0.905
     0.370    -0.310     0.876
     0.551    -0.160     0.819
     0.372    -0.478     0.796
     0.249    -0.800     0.546
     0.726    -0.417     0.546
     0.527    -0.267     0.807
     0.034    -0.654     0.756
     0.304    -0.093     0.948
     0.417     0.077     0.905
     0.497    -0.193     0.846
     0.375    -0.172     0.911
     0.059    -0.476     0.878
     0.194    -0.816     0.545
     0.631     0.221     0.744
     0.577    -0.380     0.723
     0.302    -0.254     0.919
     0.339    -0.454     0.824
     0.370    -0.003     0.929
     0.372    -0.505     0.779
     0.439    -0.688     0.578
     0.591    -0.196     0.782
     0.510    -0.322     0.798
     0.283    -0.351     0.893
     0.194     0.100     0.976
     0.181     0.560     0.809
     0.644    -0.357     0.677
     0.472    -0.389     0.791
     0.457    -0.460     0.761
     0.517    -0.421     0.746
     0.248     0.392     0.886
     0.545    -0.269     0.794
     0.357    -0.226     0.906
     0.292    -0.374     0.880
     0.383    -0.137     0.913
     0.687    -0.090     0.721
     0.348     0.262     0.900
     0.797     0.021     0.603
     0.769    -0.290     0.570
     0.290    -0.344     0.893
     0.444    -0.553     0.705
     0.858    -0.395     0.327
     0.445    -0.377     0.812
     0.302    -0.186     0.935
     0.199    -0.255     0.946
     0.402    -0.571     0.716
     0.431    -0.136     0.892
     0.501    -0.343     0.795
     0.303    -0.295     0.906
     0.412    -0.481     0.773
     0.804     0.265     0.532
     0.425    -0.150     0.893
     0.642     0.010     0.767
     0.372    -0.563     0.739
     0.457     0.296     0.839
     0.147    -0.428     0.891
    -0.143    -0.211     0.967
     0.617    -0.295     0.730
     0.050    -0.273     0.961
     0.646    -0.007     0.763
     0.744    -0.443     0.500
     0.906     0.226     0.358
     0.482    -0.610     0.628
     0.768     0.270     0.581
     0.216    -0.485     0.847
    -0.349    -0.285     0.893
     0.518    -0.267     0.813
     0.350    -0.141     0.926
     0.194     0.269     0.943
     0.166     0.179     0.970
     0.348    -0.460     0.817
     0.417    -0.752     0.511
     0.294    -0.603     0.742
     0.398    -0.370     0.840
     0.200     0.108     0.974
     0.389    -0.227     0.893
     0.708    -0.337     0.620
     0.262    -0.391     0.882
     0.409    -0.361     0.838
     0.352    -0.120     0.928
     0.581    -0.433     0.689
    -0.229     0.256     0.939
     0.478    -0.285     0.831
     0.522    -0.168     0.836
     0.684     0.094     0.724
     0.678    -0.267     0.685
     0.384    -0.247     0.890
     0.400    -0.091     0.912
     0.271    -0.554     0.787
     0.411    -0.702     0.582
     0.774     0.100     0.625
     0.053    -0.293     0.955
     0.748     0.164     0.643
     0.778    -0.199     0.596
     0.723     0.511     0.465
     0.080    -0.208     0.975
    -0.103    -0.037     0.994
     0.923     0.042     0.382
     0.629    -0.422     0.652
     0.328    -0.662     0.674
     0.301    -0.724     0.620
     0.554    -0.145     0.820
     0.246    -0.534     0.809
     0.584    -0.455     0.672
     0.148    -0.415     0.898
     0.305    -0.391     0.868
     0.507    -0.071     0.859
     0.740    -0.319     0.592
     0.078    -0.413     0.908
     0.001     0.274     0.962
     0.283    -0.239     0.929
     0.977    -0.200     0.072
     0.864    -0.255     0.434
    -0.138    -0.254     0.957
    -0.148     0.461     0.875
     0.695     0.025     0.718
     0.545     0.256     0.798
     0.130    -0.566     0.814
     0.238    -0.861     0.449
     0.166    -0.215     0.962
     0.172     0.003     0.985
     0.348     0.233     0.908
     0.198    -0.337     0.920
     0.750    -0.069     0.658
     0.087     0.069     0.994
     0.620     0.017     0.784
    -0.299    -0.142     0.944
     0.752     0.077     0.654
     0.266     0.017     0.964
     0.215    -0.291     0.932
     0.551    -0.125     0.825
     0.596    -0.178     0.783
     0.730    -0.104     0.676
     0.294    -0.114     0.949
     0.335    -0.177     0.925
    -0.093     0.348     0.933
     0.416    -0.142     0.898
     0.246    -0.329     0.912
     0.444    -0.209     0.872
     0.444    -0.015     0.896
     0.391     0.067     0.918
     0.130    -0.415     0.900
     0.363    -0.341     0.867
     0.269    -0.166     0.949
    -0.126    -0.281     0.951
     0.834    -0.305     0.461
     0.532    -0.373     0.760
     0.737     0.228     0.636
     0.764    -0.556     0.327
     0.606    -0.340     0.719
     0.153    -0.476     0.866
     0.192     0.078     0.978
     0.734     0.367     0.571
     0.875    -0.260     0.408
     0.483    -0.578     0.658
     0.702    -0.390     0.595
     0.445    -0.664     0.601
     0.640    -0.118     0.759
     0.172    -0.109     0.979
     0.359    -0.483     0.799
     0.190    -0.758     0.624
     0.450    -0.383     0.807
     0.575    -0.343     0.743
     0.135    -0.788     0.600
     0.367    -0.309     0.878
     0.322    -0.044     0.946
     0.644     0.067     0.762
     0.283    -0.143     0.948
     0.601    -0.482     0.637
     0.316    -0.525     0.790
     0.480    -0.382     0.790
     0.594    -0.255     0.763
     0.278    -0.073     0.958
     0.201     0.297     0.934
     0.412    -0.304     0.859
     0.832    -0.193     0.520
     0.656    -0.278     0.702
     0.415    -0.118     0.902
     0.899    -0.424     0.109
     0.695    -0.560     0.450
     0.494    -0.409     0.767
     0.681     0.082     0.728
     0.725     0.280     0.629
     0.191    -0.144     0.971
     0.665     0.278     0.693
     0.674    -0.459     0.579
     0.869    -0.074     0.490
     0.481    -0.860     0.170
     0.648    -0.015     0.762
    -0.008    -0.039     0.999
     0.398    -0.203     0.895
     0.122    -0.277     0.953
     0.108    -0.104     0.989
     0.340    -0.186     0.922
     0.701    -0.198     0.686
     0.516     0.137     0.845
     0.418    -0.285     0.862
     0.723    -0.178     0.667
     0.881     0.198     0.429
     0.619    -0.016     0.785
     0.573    -0.521     0.632
    -0.100     0.005     0.995
     0.888     0.262     0.378
     0.028    -0.212     0.977
     0.052    -0.467     0.883
     0.349     0.439     0.828
    -0.099    -0.499     0.861
     0.326    -0.273     0.905
     0.492    -0.667     0.559
     0.002    -0.610     0.793
     0.340    -0.250     0.907
     0.445    -0.256     0.858
     0.159     0.031     0.987
    -0.314     0.238     0.919
     0.142    -0.306     0.941
     0.609    -0.330     0.721
     0.387    -0.529     0.755
     0.087    -0.197     0.977
     0.438    -0.256     0.862
     0.373     0.376     0.848
     0.586     0.032     0.810
     0.258    -0.443     0.859
     0.284    -0.241     0.928
     0.754    -0.195     0.628
     0.079    -0.144     0.986
     0.309    -0.062     0.949
     0.163    -0.701     0.694
     0.007    -0.305     0.952
     0.250     0.261     0.932
     0.350    -0.769     0.534
     0.417    -0.236     0.878
     0.259    -0.189     0.947
     0.388     0.077     0.918
    -0.213    -0.261     0.942
     0.616     0.219     0.756
     0.422    -0.340     0.840
     0.060    -0.225     0.973
     0.378     0.088     0.922
     0.695    -0.528     0.487
     0.059    -0.372     0.926
     0.625     0.051     0.779
    -0.206    -0.509     0.836
     0.391    -0.179     0.903
     0.675     0.163     0.720
     0.382    -0.037     0.924
     0.206    -0.825     0.526
     0.515    -0.688     0.511
     0.159    -0.563     0.811
     0.059     0.123     0.991
     0.057     0.010     0.998
     0.528     0.008     0.849
     0.736     0.026     0.676
     0.484    -0.374     0.791
     0.659    -0.360     0.660
     0.497    -0.343     0.797
     0.367     0.053     0.929
    -0.030    -0.611     0.791
     0.954     0.074     0.290
     0.501     0.360     0.787
     0.642    -0.488     0.591
     0.339     0.035     0.940
     0.354    -0.429     0.831
     0.795    -0.076     0.601
     0.135    -0.075     0.988
     0.438    -0.511     0.740
     0.440    -0.181     0.880
     0.401     0.412     0.818
     0.588    -0.493     0.642
     0.614    -0.573     0.542
     0.525    -0.211     0.824
     0.266    -0.214     0.940
     0.673    -0.380     0.634
     0.070     0.092     0.993
     0.085     0.313     0.946
     0.292    -0.050     0.955
     0.230     0.151     0.961
     0.584    -0.155     0.797
     0.835    -0.150     0.529
     0.067    -0.585     0.808
     0.342    -0.511     0.789
     0.120    -0.216     0.969
    -0.172    -0.588     0.790
     0.310    -0.150     0.939
     0.667    -0.141     0.732
     0.048    -0.137     0.989
     0.550     0.299     0.780
    -0.189    -0.412     0.891
     0.265     0.242     0.934
     0.222     0.398     0.890
     0.422    -0.417     0.805
     0.579    -0.123     0.806
    -0.066    -0.328     0.942
     0.117     0.138     0.983
     0.204    -0.125     0.971
     0.529     0.336     0.779
     0.137    -0.576     0.806
     0.377    -0.063     0.924
     0.186    -0.537     0.823
     0.556    -0.256     0.791
     0.472    -0.057     0.880
     0.673    -0.267     0.690
     0.151    -0.409     0.900
     0.366    -0.472     0.802
     0.059    -0.795     0.604
     0.367    -0.708     0.604
     0.611    -0.368     0.701
     0.427    -0.262     0.865
     0.521     0.068     0.851
     0.499     0.237     0.834
     0.279    -0.082     0.957
     0.687    -0.179     0.704
     0.129     0.231     0.964
     0.063    -0.297     0.953
     0.386     0.357     0.851
     0.625    -0.324     0.710
     0.590     0.019     0.807
     0.885     0.173     0.433
     0.329    -0.333     0.884
     0.470    -0.282     0.837
     0.701    -0.067     0.710
     0.601    -0.177     0.779
     0.134    -0.736     0.663
     0.364    -0.285     0.887
     0.595     0.485     0.641
     0.417    -0.255     0.872
     0.191    -0.203     0.960
     0.473    -0.335     0.815
     0.412    -0.161     0.897
     0.693    -0.083     0.717
     0.618    -0.080     0.782
     0.498     0.368     0.785
     0.698     0.051     0.714
     0.538     0.142     0.831
     0.369    -0.099     0.924
     0.230     0.271     0.935
     0.649    -0.360     0.671
     0.094    -0.373     0.923
     0.288    -0.066     0.955
     0.309    -0.613     0.727
     0.392     0.025     0.920
     0.272     0.017     0.962
     0.309    -0.180     0.934
     0.499    -0.591     0.633
     0.424    -0.366     0.828
    -0.436    -0.125     0.891
     0.933     0.305     0.193
     0.377    -0.067     0.924
     0.483     0.221     0.847
     0.570     0.011     0.821
     0.431    -0.460     0.777
     0.575     0.030     0.817
     0.574    -0.199     0.795
     0.277    -0.259     0.925
     0.589     0.062     0.806
     0.599     0.124     0.791
     0.670    -0.277     0.689
     0.207    -0.076     0.975
     0.631    -0.376     0.679
     0.169     0.104     0.980
     0.365    -0.053     0.930
     0.421    -0.238     0.875
     0.431    -0.526     0.733
     0.440    -0.674     0.594
     0.393    -0.722     0.569
     0.340    -0.781     0.524
     0.228    -0.385     0.894
    -0.260    -0.073     0.963
     0.528    -0.368     0.766
     0.431     0.355     0.829
    -0.140    -0.195     0.971
     0.232    -0.491     0.840
     0.607    -0.001     0.795
     0.773     0.071     0.630
    -0.128    -0.262     0.957
     0.644    -0.326     0.692
     0.361    -0.231     0.904
     0.270    -0.156     0.950
     0.720    -0.266     0.641
     0.010    -0.259     0.966
     0.327    -0.132     0.936
     0.043    -0.264     0.963
    -0.079     0.057     0.995
     0.632    -0.610     0.477
     0.477     0.162     0.864
    -0.077    -0.288     0.955
     0.371    -0.372     0.851
     0.084     0.035     0.996
     0.373    -0.221     0.901
     0.631    -0.056     0.773
     0.674     0.264     0.690
     0.825     0.017     0.564
     0.567    -0.289     0.772
     0.522     0.040     0.852
     0.869    -0.381     0.317
     0.512    -0.337     0.790
     0.502     0.135     0.854
     0.108    -0.322     0.941
     0.251    -0.347     0.904
     0.604     0.036     0.796
     0.405    -0.290     0.867
     0.419    -0.404     0.813
     0.657    -0.057     0.752
    -0.022    -0.186     0.982
     0.551    -0.379     0.743
     0.463    -0.433     0.773
     0.548    -0.647     0.530
     0.849    -0.519     0.100
     0.308    -0.284     0.908
     0.675    -0.499     0.544
     0.649    -0.166     0.742
     0.534    -0.162     0.830
     0.161     0.088     0.983
     0.589    -0.104     0.801
     0.387     0.399     0.832
     0.759    -0.152     0.633
     0.777     0.204     0.595
     0.339    -0.301     0.891
     0.594     0.174     0.785
     0.797    -0.227     0.559
     0.752    -0.433     0.497
     0.402    -0.117     0.908
     0.498    -0.321     0.805
     0.293    -0.612     0.735
     0.127    -0.268     0.955
     0.506    -0.015     0.863
     0.202    -0.347     0.916
     0.748    -0.182     0.639
     0.818     0.172     0.549
     0.678     0.186     0.711
     0.077    -0.293     0.953
    -0.030    -0.302     0.953
     0.524    -0.048     0.850
     0.769    -0.028     0.639
     0.070    -0.197     0.978
    -0.056    -0.490     0.870
     0.683    -0.104     0.723
    -0.124     0.342     0.931
     0.140     0.419     0.897
    -0.030    -0.448     0.894
     0.464    -0.244     0.852
     0.325    -0.300     0.897
     0.435     0.051     0.899
     0.316    -0.417     0.852
     0.668    -0.360     0.652
     0.471    -0.262     0.842
     0.505     0.067     0.861
     0.294     0.053     0.954
     0.490    -0.517     0.702
     0.641    -0.375     0.670
     0.167    -0.504     0.848
     0.622    -0.322     0.714
     0.288    -0.332     0.898
     0.546    -0.512     0.664
    -0.143    -0.613     0.777
     0.680    -0.241     0.692
     0.220    -0.092     0.971
     0.388     0.007     0.922
     0.263    -0.132     0.956
     0.497     0.396     0.772
     0.714    -0.183     0.676
     0.802    -0.115     0.587
     0.404    -0.608     0.683
     0.448    -0.538     0.714
     0.610    -0.278     0.742
     0.546    -0.112     0.830
     0.233    -0.123     0.965
    -0.127    -0.263     0.956
    -0.105    -0.383     0.918
     0.548     0.103     0.830
     0.777    -0.189     0.600
     0.745    -0.342     0.573
     0.680    -0.260     0.686
     0.320     0.187     0.929
     0.165    -0.037     0.986
     0.641    -0.278     0.716
     0.539    -0.467     0.701
     0.594    -0.648     0.477
     0.216    -0.289     0.933
     0.254    -0.119     0.960
     0.162    -0.306     0.938
     0.317     0.016     0.948
     0.390    -0.739     0.549
     0.428    -0.177     0.886
     0.125    -0.044     0.991
     0.342    -0.519     0.784
     0.470    -0.502     0.726
     0.581    -0.156     0.799
     0.508    -0.139     0.850
     0.171     0.014     0.985
     0.636    -0.103     0.765
     0.598     0.080     0.797
    -0.290    -0.359     0.887
     0.279    -0.737     0.616
     0.589    -0.582     0.561
     0.511    -0.596     0.619
     0.624    -0.391     0.676
     0.010    -0.461     0.887
     0.479    -0.044     0.877
     0.432    -0.162     0.887
     0.220    -0.185     0.958
     0.359     0.408     0.840
     0.581    -0.499     0.643
     0.386     0.153     0.910
     0.668    -0.597     0.444
     0.353    -0.410     0.841
     0.504     0.436     0.746
     0.950     0.189     0.249
     0.531    -0.155     0.833
     0.502    -0.179     0.846
     0.610     0.414     0.676
    -0.356    -0.349     0.867
     0.417     0.294     0.860
     0.785    -0.247     0.568
     0.527     0.065     0.847
     0.333     0.198     0.922
     0.285    -0.101     0.953
     0.558    -0.005     0.830
     0.731    -0.035     0.682
     0.146    -0.095     0.985
     0.237     0.427     0.872
     0.747     0.045     0.663
     0.461     0.056     0.885
    -0.028    -0.142     0.989
     0.576     0.117     0.809
     0.195    -0.141     0.971
     0.191    -0.491     0.850
     0.014    -0.649     0.761
    -0.008     0.399     0.917
     0.229    -0.299     0.927
     0.635    -0.113     0.764
     0.391    -0.201     0.898
     0.172    -0.396     0.902
     0.594    -0.330     0.734
     0.482    -0.040     0.875
     0.513    -0.510     0.691
     0.330    -0.486     0.809
     0.525     0.470     0.709
     0.276     0.422     0.864
     0.255    -0.187     0.949
     0.151    -0.123     0.981
     0.917    -0.069     0.394
     0.708     0.148     0.690
     0.467    -0.038     0.884
     0.137    -0.263     0.955
     0.449    -0.103     0.887
     0.506    -0.410     0.759
     0.420    -0.010     0.907
     0.179    -0.059     0.982
     0.216     0.174     0.961
     0.389    -0.435     0.812
     0.242     0.203     0.949
     0.370     0.069     0.927
     0.221    -0.403     0.888
     0.218    -0.108     0.970
     0.463     0.284     0.840
     0.424     0.613     0.666
     0.552     0.162     0.818
     0.615     0.062     0.786
     0.691    -0.129     0.711
     0.285    -0.106     0.953
     0.040    -0.140     0.989
     0.698     0.048     0.715
     0.519    -0.314     0.795
     0.600    -0.030     0.800
     0.201     0.130     0.971
    -0.399    -0.582     0.708
     0.238    -0.276     0.931
    -0.245     0.274     0.930
     0.125    -0.565     0.816
     0.354    -0.214     0.910
     0.823    -0.509     0.253
     0.334    -0.090     0.938
     0.332     0.272     0.903
     0.338    -0.485     0.807
     0.172     0.036     0.984
     0.440    -0.645     0.625
     0.392    -0.237     0.889
     0.414    -0.820     0.396
     0.197    -0.425     0.884
     0.768    -0.546     0.336
     0.874    -0.187     0.448
     0.534    -0.436     0.724
     0.195    -0.349     0.917
     0.698    -0.370     0.613
     0.325     0.178     0.929
     0.258     0.048     0.965
     0.220     0.156     0.963
     0.256    -0.246     0.935
     0.251    -0.101     0.963
     0.641     0.108     0.760
     0.325    -0.275     0.905
     0.631    -0.664     0.400
     0.786    -0.074     0.614
     0.478    -0.397     0.784
     0.426    -0.404     0.810
     0.497    -0.343     0.797
     0.319    -0.168     0.933
     0.260    -0.250     0.933
     0.633     0.292     0.717
     0.138    -0.164     0.977
     0.652    -0.072     0.754
     0.473    -0.279     0.836
     0.334    -0.523     0.784
     0.451     0.107     0.886
     0.617    -0.537     0.575
     0.612     0.049     0.789
     0.123    -0.264     0.957
     0.466    -0.709     0.530
     0.530    -0.403     0.746
     0.229    -0.156     0.961
     0.225    -0.294     0.929
     0.119    -0.452     0.884
     0.465     0.380     0.799
     0.506     0.244     0.827
     0.484    -0.506     0.714
     0.571    -0.138     0.810
     0.092    -0.847     0.524
    -0.227    -0.238     0.945
     0.140    -0.343     0.929
     0.444    -0.352     0.824
     0.265     0.039     0.963
     0.842     0.160     0.515
     0.743     0.493     0.453
    -0.138    -0.734     0.665
     0.227    -0.730     0.645
     0.587    -0.580     0.564
     0.122    -0.475     0.872
     0.138    -0.187     0.973
     0.430    -0.247     0.868
     0.263    -0.183     0.947
     0.243    -0.340     0.909
     0.361    -0.469     0.806
     0.267    -0.554     0.788
     0.739    -0.266     0.619
     0.502     0.166     0.849
     0.515    -0.279     0.810
     0.599    -0.329     0.730
    -0.007    -0.610     0.792
     0.742     0.137     0.656
     0.347     0.156     0.925
     0.378    -0.259     0.889
     0.185     0.191     0.964
     0.487    -0.574     0.658
     0.404    -0.147     0.903
     0.373    -0.427     0.824
     0.303    -0.201     0.932
     0.065    -0.250     0.966
     0.594    -0.522     0.612
     0.166    -0.559     0.812
     0.399    -0.290     0.870
     0.481    -0.820     0.310
     0.284    -0.389     0.876
     0.489    -0.339     0.804
     0.736    -0.161     0.658
     0.447    -0.738     0.506
     0.732    -0.162     0.662
     0.201    -0.467     0.861
     0.565    -0.476     0.674
     0.210    -0.027     0.977
     0.288     0.223     0.931
     0.684     0.157     0.712
     0.352    -0.329     0.877
     0.495    -0.033     0.868
     0.625    -0.074     0.777
    -0.595    -0.465     0.656
     0.509    -0.250     0.824
     0.181    -0.466     0.866
     0.330    -0.022     0.944
     0.618    -0.035     0.785
     0.214    -0.513     0.831
     0.661    -0.669     0.340
     0.249    -0.251     0.936
     0.421     0.055     0.905
     0.554     0.089     0.828
     0.396    -0.420     0.817
     0.661    -0.244     0.710
    -0.347     0.001     0.938
     0.398    -0.419     0.816
     0.290    -0.089     0.953
     0.410    -0.277     0.869
     0.618    -0.659     0.429
     0.249    -0.270     0.930
     0.147    -0.217     0.965
     0.562     0.590     0.580
     0.234    -0.127     0.964
     0.070    -0.928     0.367
     0.392    -0.575     0.718
     0.749    -0.164     0.642
     0.607    -0.614     0.504
     0.638    -0.488     0.596
     0.554    -0.362     0.749
    -0.145    -0.937     0.317
     0.305    -0.546     0.780
     0.480     0.078     0.874
    -0.073    -0.218     0.973
     0.323     0.429     0.843
     0.545    -0.490     0.680
     0.501    -0.187     0.845
     0.631    -0.415     0.655
     0.598     0.136     0.790
     0.255     0.097     0.962
     0.563    -0.753     0.340
     0.106     0.160     0.981
     0.405    -0.186     0.895
     0.407     0.208     0.889
     0.764    -0.121     0.634
     0.318     0.243     0.916
     0.363    -0.367     0.856
    -0.024     0.145     0.989
     0.108     0.407     0.907
     0.877     0.188     0.442
     0.204    -0.177     0.963
    -0.163    -0.589     0.791
     0.171    -0.190     0.967
     0.654    -0.213     0.726
     0.594    -0.154     0.789
     0.380    -0.559     0.737
    -0.182    -0.730     0.659
     0.759    -0.353     0.548
    -0.177    -0.372     0.911
     0.079     0.030     0.996
     0.198    -0.293     0.935
     0.251    -0.249     0.935
     0.674    -0.408     0.616
    -0.111     0.236     0.965
     0.755    -0.110     0.646
     0.667    -0.148     0.730
     0.201    -0.394     0.897
     0.431    -0.017     0.902
     0.095     0.153     0.984
     0.730    -0.297     0.615
     0.452    -0.509     0.732
     0.267    -0.236     0.934
     0.673    -0.105     0.732
     0.200    -0.430     0.880
     0.535    -0.377     0.756
    -0.014     0.105     0.994
     0.659    -0.318     0.682
     0.733    -0.572     0.367
     0.450    -0.210     0.868
     0.318     0.155     0.935
     0.793    -0.288     0.537
     0.497    -0.528     0.689
     0.506     0.004     0.863
     0.694    -0.502     0.516
     0.182    -0.260     0.948
     0.435    -0.191     0.880
     0.430    -0.556     0.711
     0.565    -0.245     0.788
     0.385    -0.183     0.904
     0.283    -0.406     0.869
     0.583    -0.512     0.632
     0.673    -0.528     0.517
     0.456    -0.122     0.882
     0.486    -0.316     0.815
     0.395     0.179     0.901
    -0.005    -0.405     0.914
     0.245    -0.592     0.768
     0.699    -0.160     0.697
    -0.061    -0.767     0.638
    -0.027    -0.746     0.665
     0.761    -0.253     0.597
     0.076    -0.931     0.356
     0.435    -0.349     0.830
     0.462    -0.374     0.804
    -0.030    -0.267     0.963
     0.200    -0.420     0.885
     0.363    -0.540     0.759
     0.230    -0.042     0.972
    -0.223    -0.146     0.964
     0.072    -0.041     0.997
     0.318    -0.318     0.893
     0.570     0.333     0.752
     0.121    -0.437     0.891
     0.045    -0.050     0.998
     0.224     0.106     0.969
     0.174    -0.637     0.751
     0.548     0.124     0.827
     0.345     0.084     0.935
     0.091     0.303     0.949
     0.139     0.179     0.974
     0.363    -0.907     0.213
    -0.154    -0.028     0.988
     0.314    -0.458     0.832
     0.404    -0.270     0.874
     0.277     0.195     0.941
     0.641     0.185     0.745
     0.012     0.327     0.945
     0.087    -0.152     0.985
     0.385    -0.755     0.531
    -0.270     0.002     0.963
     0.460     0.265     0.847
     0.114    -0.574     0.811
     0.439    -0.513     0.738
    -0.139    -0.553     0.822
     0.348     0.258     0.901
     0.537     0.397     0.744
     0.667     0.219     0.712
     0.475    -0.392     0.788
     0.413    -0.255     0.875
     0.421     0.046     0.906
     0.666    -0.561     0.491
     0.566     0.065     0.822
     0.748    -0.262     0.610
     0.266    -0.105     0.958
     0.416    -0.357     0.836
     0.910     0.335     0.243
     0.471     0.371     0.800
     0.316    -0.323     0.892
     0.753    -0.463     0.467
     0.187     0.114     0.976
     0.075     0.037     0.997
     0.191    -0.167     0.967
     0.209    -0.117     0.971
     0.115    -0.466     0.877
     0.790    -0.120     0.601
    -0.218     0.339     0.915
    -0.333    -0.171     0.927
     0.304    -0.009     0.953
     0.195    -0.062     0.979
     0.298    -0.171     0.939
     0.518    -0.589     0.621
     0.249    -0.039     0.968
    -0.115    -0.169     0.979
     0.323     0.357     0.877
     0.126    -0.119     0.985
     0.459    -0.416     0.785
     0.409    -0.211     0.888
     0.113    -0.478     0.871
     0.423    -0.290     0.859
     0.544     0.169     0.822
     0.378    -0.131     0.916
     0.580    -0.342     0.740
     0.391    -0.172     0.904
     0.020    -0.267     0.963
     0.462    -0.092     0.882
     0.712     0.288     0.640
     0.192    -0.703     0.685
     0.371     0.039     0.928
     0.326    -0.618     0.715
     0.486    -0.435     0.758
     0.083     0.040     0.996
     0.415    -0.005     0.910
     0.499    -0.158     0.852
     0.606    -0.738     0.297
    -0.073     0.477     0.876
     0.685    -0.532     0.498
     0.486    -0.376     0.789
     0.396    -0.329     0.857
     0.410     0.227     0.883
     0.615     0.126     0.779
     0.167    -0.093     0.981
     0.255    -0.557     0.790
     0.789    -0.085     0.608
    -0.160    -0.393     0.905
     0.418    -0.338     0.843
     0.541     0.096     0.835
     0.500     0.231     0.835
     0.545     0.057     0.836
     0.069    -0.322     0.944
    -0.040     0.093     0.995
     0.258     0.526     0.810
     0.441    -0.565     0.697
     0.278     0.255     0.926
     0.160    -0.227     0.961
     0.634    -0.241     0.734
     0.460    -0.028     0.887
     0.552     0.073     0.831
     0.331    -0.804     0.494
     0.677     0.092     0.730
     0.507     0.136     0.851
     0.837    -0.485     0.253
     0.396     0.110     0.912
     0.780    -0.027     0.625
     0.247    -0.477     0.843
     0.307    -0.417     0.856
     0.233    -0.674     0.701
    -0.166    -0.499     0.850
     0.388     0.052     0.920
     0.405     0.561     0.722
     0.348    -0.317     0.882
     0.145    -0.547     0.824
     0.600    -0.765     0.233
     0.479    -0.217     0.850
     0.412     0.001     0.911
     0.646     0.181     0.741
     0.450     0.072     0.890
     0.784     0.058     0.619
     0.193    -0.091     0.977
     0.631     0.188     0.753
     0.791    -0.297     0.535
     0.385    -0.188     0.904
     0.583    -0.207     0.785
    -0.063     0.145     0.987
     0.711    -0.022     0.703
     0.396    -0.016     0.918
     0.550    -0.153     0.821
     0.515    -0.734     0.443
     0.912    -0.219     0.347
     0.410    -0.293     0.864
     0.576     0.152     0.803
     0.865    -0.425     0.268
     0.549     0.074     0.833
     0.725     0.214     0.655
     0.282    -0.057     0.958
     0.665    -0.399     0.632
     0.237     0.080     0.968
     0.465     0.158     0.871
     0.080    -0.199     0.977
     0.511    -0.385     0.769
     0.192    -0.195     0.962
    -0.056    -0.251     0.966
     0.389     0.028     0.921
     0.228    -0.527     0.819
     0.154     0.061     0.986
     0.328    -0.519     0.790
     0.179    -0.256     0.950
     0.502    -0.040     0.864
     0.527    -0.325     0.785
     0.057    -0.256     0.965
     0.507    -0.553     0.661
     0.480    -0.494     0.725
     0.747    -0.340     0.571
     0.251    -0.704     0.664
     0.595    -0.407     0.694
     0.462     0.017     0.887
     0.654    -0.365     0.662
     0.514    -0.110     0.851
     0.316     0.203     0.927
     0.378    -0.297     0.877
     0.253    -0.162     0.954
     0.135    -0.091     0.987
     0.314     0.392     0.865
     0.554    -0.351     0.755
     0.651     0.157     0.743
     0.190    -0.453     0.871
     0.864     0.029     0.502
     0.270     0.033     0.962
     0.150    -0.712     0.686
     0.069    -0.604     0.794
     0.538    -0.386     0.749
     0.656     0.504     0.562
     0.465    -0.316     0.827
     0.527     0.140     0.838
     0.181     0.191     0.965
     0.971    -0.077     0.227
     0.317    -0.213     0.924
     0.670    -0.255     0.698
     0.405    -0.090     0.910
     0.782     0.484     0.392
     0.119    -0.197     0.973
     0.324    -0.301     0.897
     0.203    -0.118     0.972
     0.317    -0.773     0.549
     0.436     0.258     0.862
     0.657    -0.326     0.679
    -0.071    -0.227     0.971
     0.735     0.106     0.670
     0.155    -0.464     0.872
     0.235    -0.545     0.804
    -0.056     0.174     0.983
     0.569    -0.249     0.784
    -0.109     0.407     0.907
     0.630    -0.653     0.419
     0.601    -0.183     0.778
     0.273     0.365     0.890
     0.646    -0.251     0.721
     0.259     0.522     0.813
     0.678    -0.082     0.730
     0.342    -0.710     0.616
     0.189    -0.521     0.832
     0.293    -0.344     0.892
     0.781    -0.138     0.609
     0.388    -0.369     0.844
     0.424    -0.020     0.906
     0.521    -0.477     0.707
     0.336    -0.047     0.941
     0.409    -0.318     0.855
     0.569    -0.256     0.782
     0.206    -0.291     0.934
     0.464    -0.714     0.525
     0.406    -0.279     0.871
     0.521    -0.257     0.814
    -0.048     0.138     0.989
     0.427     0.355     0.832
    -0.030    -0.295     0.955
     0.890     0.145     0.431
     0.311     0.227     0.923
     0.740     0.114     0.663
     0.819    -0.317     0.479
     0.198    -0.491     0.848
     0.443    -0.115     0.889
     0.492    -0.701     0.516
     0.740    -0.518     0.428
     0.433    -0.340     0.835
     0.670    -0.252     0.699
     0.195    -0.223     0.955
     0.265    -0.302     0.916
     0.608    -0.384     0.695
     0.066    -0.700     0.711
     0.153     0.161     0.975
     0.398     0.210     0.893
     0.141    -0.371     0.918
     0.361    -0.464     0.809
     0.435    -0.390     0.812
     0.409    -0.044     0.911
     0.286    -0.498     0.819
     0.229    -0.431     0.873
     0.283    -0.462     0.841
     0.174    -0.210     0.962
     0.501     0.065     0.863
     0.399     0.072     0.914
     0.314    -0.106     0.943
     0.393    -0.188     0.900
     0.738    -0.116     0.665
     0.007    -0.571     0.821
     0.104    -0.166     0.981
     0.946    -0.023     0.325
     0.056    -0.605     0.794
     0.536    -0.245     0.808
     0.235    -0.474     0.848
     0.716     0.014     0.698
     0.684    -0.309     0.661
     0.545    -0.143     0.826
     0.222    -0.205     0.953
     0.341    -0.001     0.940
     0.418    -0.045     0.907
     0.235    -0.373     0.898
     0.279    -0.377     0.883
     0.732     0.240     0.637
     0.427    -0.034     0.904
     0.408    -0.093     0.908
     0.502    -0.332     0.799
     0.730    -0.190     0.657
     0.384     0.045     0.922
     0.646     0.329     0.689
    -0.154     0.095     0.984
     0.026    -0.256     0.966
     0.511     0.110     0.853
     0.464     0.004     0.886
     0.297    -0.112     0.948
     0.204    -0.368     0.907
     0.335    -0.051     0.941
     0.002    -0.233     0.972
    -0.099     0.097     0.990
     0.525    -0.368     0.768
     0.276    -0.348     0.896
     0.035    -0.499     0.866
     0.249    -0.454     0.856
     0.467    -0.006     0.884
     0.477    -0.745     0.466
     0.658    -0.015     0.753
     0.594    -0.509     0.623
     0.482    -0.409     0.775
    -0.048     0.002     0.999
     0.819    -0.277     0.502
     0.434    -0.290     0.853
     0.318    -0.443     0.838
     0.796    -0.187     0.575
     0.246     0.169     0.954
     0.676    -0.087     0.732
     0.283     0.199     0.938
     0.249    -0.272     0.929
    -0.094     0.259     0.961
     0.352    -0.616     0.705
     0.289    -0.051     0.956
     0.491     0.021     0.871
     0.672    -0.198     0.714
     0.268     0.287     0.920
     0.389    -0.163     0.907
     0.543    -0.139     0.828
     0.411    -0.563     0.717
     0.864     0.276     0.422
     0.459     0.072     0.885
     0.688    -0.487     0.538
     0.362    -0.462     0.810
     0.850    -0.336     0.406
     0.611    -0.601     0.515
     0.549     0.027     0.836
     0.695    -0.387     0.606
     0.897     0.054     0.438
     0.241    -0.559     0.793
     0.730    -0.286     0.621
     0.258    -0.262     0.930
     0.336    -0.591     0.733
     0.522     0.561     0.642
     0.370    -0.184     0.911
     0.796    -0.424     0.433
     0.259    -0.449     0.855
     0.515    -0.596     0.616
     0.601    -0.323     0.731
     0.356    -0.462     0.813
     0.438    -0.838     0.326
     0.218    -0.349     0.911
     0.876    -0.057     0.479
     0.613    -0.046     0.789
     0.819    -0.139     0.557
     0.331    -0.258     0.908
     0.180    -0.741     0.647
    -0.047    -0.064     0.997
     0.525     0.062     0.849
     0.235    -0.222     0.946
     0.523    -0.393     0.756
     0.306     0.065     0.950
     0.462    -0.463     0.757
     0.299     0.238     0.924
     0.527    -0.305     0.793
     0.524    -0.665     0.532
     0.466    -0.371     0.804
     0.608    -0.404     0.683
     0.447    -0.191     0.874
     0.694     0.264     0.670
     0.787    -0.153     0.598
     0.333    -0.087     0.939
     0.559    -0.203     0.804
     0.354    -0.168     0.920
     0.189    -0.582     0.791
     0.933    -0.074     0.353
     0.174    -0.290     0.941
     0.381     0.138     0.914
     0.248    -0.530     0.811
     0.377     0.019     0.926
     0.457    -0.432     0.778
    -0.070    -0.243     0.967
     0.376    -0.433     0.819
     0.247    -0.498     0.831
    -0.262    -0.653     0.711
     0.425    -0.148     0.893
     0.388    -0.425     0.818
     0.221    -0.323     0.920
     0.325    -0.317     0.891
     0.612     0.341     0.714
     0.686     0.003     0.728
     0.755    -0.041     0.654
     0.394    -0.421     0.817
     0.519     0.130     0.845
     0.634    -0.017     0.773
     0.435     0.065     0.898
     0.486    -0.775     0.403
     0.399    -0.353     0.846
     0.253    -0.046     0.966
     0.198    -0.456     0.867
    -0.135    -0.046     0.990
     0.614    -0.718     0.327
     0.268    -0.611     0.745
     0.550     0.068     0.832
     0.138    -0.444     0.886
     0.589    -0.454     0.669
     0.421    -0.381     0.823
    -0.232    -0.441     0.867
     0.168    -0.176     0.970
     0.483    -0.110     0.869
     0.201    -0.181     0.963
     0.298    -0.513     0.805
     0.142     0.029     0.989
     0.673    -0.123     0.729
     0.525    -0.159     0.836
     0.577    -0.235     0.782
     0.458    -0.457     0.763
     0.481    -0.241     0.843
     0.170    -0.165     0.972
     0.767     0.020     0.642
     0.195    -0.661     0.724
     0.896    -0.119     0.428
     0.641    -0.057     0.766
     0.489     0.010     0.872
     0.194    -0.315     0.929
     0.219     0.039     0.975
     0.840    -0.160     0.518
    -0.095    -0.313     0.945
     0.336    -0.530     0.779
     0.265    -0.060     0.962
     0.338    -0.215     0.916
     0.097    -0.342     0.935
     0.116    -0.005     0.993
     0.652    -0.185     0.735
     0.673    -0.704     0.226
     0.607     0.240     0.758
     0.428     0.026     0.903
     0.409     0.225     0.884
     0.711    -0.243     0.660
     0.619    -0.011     0.785
     0.636    -0.137     0.760
     0.460    -0.481     0.746
     0.360    -0.695     0.622
     0.204    -0.512     0.834
     0.592    -0.006     0.806
    -0.120    -0.264     0.957
     0.258    -0.371     0.892
     0.727     0.142     0.672
     0.506    -0.667     0.547
     0.703     0.127     0.700
     0.263    -0.152     0.953
     0.070    -0.114     0.991
     0.349    -0.388     0.853
     0.436    -0.055     0.898
     0.300    -0.098     0.949
     0.115    -0.091     0.989
     0.675    -0.102     0.731
     0.240    -0.583     0.776
     0.433    -0.299     0.851
     0.086    -0.279     0.956
    -0.135    -0.631     0.764
     0.338    -0.699     0.630
     0.201     0.110     0.973
    -0.426    -0.144     0.893
     0.484     0.234     0.843
     0.604    -0.141     0.784
     0.546    -0.073     0.835
     0.170    -0.322     0.931
     0.366    -0.198     0.909
     0.399    -0.314     0.861
     0.371    -0.170     0.913
    -0.011    -0.115     0.993
     0.182    -0.424     0.887
    -0.016    -0.135     0.991
     0.368    -0.525     0.768
    -0.147    -0.363     0.920
     0.383     0.119     0.916
     0.545    -0.511     0.665
     0.264    -0.091     0.960
     0.717    -0.203     0.667
     0.520    -0.026     0.854
    -0.108    -0.181     0.977
     0.432    -0.562     0.706
     0.117     0.211     0.971
     0.730     0.000     0.684
     0.385     0.299     0.873
     0.149    -0.144     0.978
     0.533    -0.113     0.839
     0.748     0.115     0.654
     0.336    -0.438     0.834
     0.429    -0.246     0.869
     0.064    -0.070     0.996
     0.410    -0.671     0.617
     0.677    -0.386     0.627
     0.545    -0.570     0.615
     0.918    -0.107     0.382
     0.584     0.326     0.744
     0.155    -0.261     0.953
     0.392    -0.746     0.538
    -0.271     0.254     0.929
     0.653     0.637     0.409
     0.239    -0.267     0.934
     0.247    -0.348     0.905
     0.567    -0.305     0.765
     0.271    -0.182     0.945
     0.428    -0.422     0.799
     0.688     0.032     0.725
     0.025    -0.379     0.925
     0.076    -0.853     0.516
     0.384     0.061     0.921
     0.223    -0.389     0.894
     0.394    -0.576     0.717
     0.506    -0.214     0.835
     0.733    -0.214     0.646
     0.351    -0.150     0.924
     0.575    -0.445     0.687
     0.383     0.027     0.924
     0.183    -0.020     0.983
     0.245     0.553     0.796
     0.487    -0.537     0.688
     0.498    -0.091     0.862
     0.466     0.011     0.884
     0.743    -0.148     0.652
     0.358    -0.143     0.923
     0.280    -0.215     0.936
     0.227    -0.216     0.950
     0.658     0.188     0.729
     0.649     0.088     0.755
     0.386    -0.635     0.669
     0.621     0.204     0.757
     0.325    -0.644     0.693
     0.757    -0.440     0.483
     0.032    -0.621     0.783
     0.646     0.057     0.761
     0.610    -0.687     0.395
     0.696    -0.600     0.393
     0.276    -0.727     0.629
    -0.074    -0.187     0.980
     0.521    -0.140     0.842
    -0.014    -0.916     0.400
     0.358    -0.441     0.823
     0.704    -0.390     0.593
    -0.072    -0.839     0.540
     0.407     0.317     0.857
     0.197    -0.042     0.980
     0.497    -0.493     0.714
     0.120    -0.582     0.804
     0.322    -0.125     0.939
     0.393     0.153     0.907
     0.178    -0.138     0.974
     0.119    -0.607     0.786
     0.250     0.094     0.964
     0.192    -0.457     0.869
     0.378    -0.178     0.908
     0.523    -0.296     0.799
    -0.065    -0.358     0.931
     0.220    -0.246     0.944
     0.334    -0.494     0.803
     0.338    -0.618     0.710
     0.676    -0.591     0.440
     0.016    -0.466     0.884
     0.252    -0.228     0.941
     0.137    -0.510     0.849
     0.384    -0.834     0.397
    -0.181    -0.630     0.755
     0.462     0.193     0.866
     0.424    -0.571     0.703
     0.587    -0.340     0.735
     0.164    -0.416     0.894
     0.167     0.047     0.985
     0.203    -0.381     0.902
    -0.038     0.281     0.959
     0.036    -0.518     0.854
    -0.073    -0.335     0.939
     0.370     0.120     0.921
     0.334    -0.520     0.786
     0.029     0.517     0.855
     0.189     0.114     0.975
     0.087     0.313     0.946
     0.754     0.041     0.656
    -0.150    -0.507     0.849
     0.075    -0.132     0.988
     0.664    -0.012     0.747
     0.704    -0.191     0.683
     0.521    -0.325     0.789
     0.120    -0.108     0.987
     0.149    -0.268     0.952
     0.453    -0.293     0.842
     0.695     0.122     0.709
     0.335    -0.537     0.774
     0.695    -0.183     0.695
     0.134    -0.207     0.969
     0.651    -0.394     0.649
     0.384    -0.226     0.895
     0.528     0.172     0.831
     0.233    -0.117     0.965
     0.494    -0.143     0.858
    -0.143     0.326     0.934
     0.018    -0.155     0.988
     0.593     0.061     0.803
     0.703    -0.239     0.670
     0.605    -0.115     0.788
     0.223    -0.415     0.882
     0.711    -0.621     0.331
     0.294    -0.224     0.929
     0.281    -0.063     0.958
     0.375     0.046     0.926
     0.948     0.165     0.271
     0.720    -0.372     0.585
     0.270    -0.416     0.868
     0.080     0.100     0.992
     0.687     0.188     0.702
     0.525     0.031     0.851
     0.636    -0.281     0.719
     0.555    -0.087     0.827
     0.429     0.276     0.860
     0.743    -0.404     0.534
     0.524    -0.521     0.674
     0.207    -0.124     0.970
     0.261    -0.253     0.932
    -0.247    -0.296     0.923
    -0.060    -0.745     0.664
     0.500    -0.227     0.836
     0.455    -0.067     0.888
    -0.285    -0.227     0.931
     0.268     0.592     0.760
     0.644     0.455     0.614
     0.175    -0.441     0.880
     0.620     0.054     0.782
     0.448     0.016     0.894
     0.671    -0.411     0.617
     0.159    -0.342     0.926
     0.481    -0.218     0.849
     0.150    -0.411     0.899
     0.303     0.054     0.951
     0.008    -0.467     0.884
     0.423    -0.193     0.885
     0.626    -0.463     0.627
     0.523     0.177     0.833
     0.081     0.134     0.988
     0.480    -0.067     0.874
     0.486    -0.395     0.779
     0.401     0.124     0.908
     0.647    -0.315     0.695
     0.419     0.109     0.901
     0.628    -0.506     0.591
     0.630    -0.513     0.583
     0.495     0.079     0.865
     0.932     0.139     0.336
     0.342    -0.244     0.907
     0.575     0.075     0.815
