     0.629     0.266     0.730
     0.207    -0.144     0.968
     0.675     0.523     0.520
     0.508     0.327     0.797
     0.776     0.135     0.616
     0.850    -0.004     0.526
     0.763    -0.101     0.639
     0.392     0.161     0.906
     0.788     0.567     0.240
     0.144     0.911     0.386
     0.807     0.202     0.554
     0.162     0.964     0.212
     0.066     0.652     0.755
     0.528     0.616     0.585
     0.525     0.478     0.704
     0.700     0.201     0.685
     0.485    -0.132     0.864
     0.852     0.455     0.259
     0.673     0.620     0.403
     0.730     0.585     0.353
     0.605     0.285     0.743
     0.742     0.432     0.513
     0.590     0.741     0.320
     0.587     0.126     0.800
     0.133     0.024     0.991
     0.484     0.398     0.779
     0.881     0.314     0.353
     0.407     0.382     0.830
     0.328     0.110     0.938
     0.459     0.705     0.540
     0.532     0.545     0.648
     0.612     0.570     0.548
     0.532     0.624     0.572
     0.540     0.477     0.693
     0.163     0.261     0.952
     0.800     0.494     0.340
     0.262     0.904     0.338
     0.460     0.425     0.780
     0.175     0.760     0.626
    -0.003     0.729     0.685
     0.709     0.497     0.500
     0.588     0.617     0.522
     0.464     0.405     0.788
     0.680     0.619     0.392
     0.045     0.954     0.295
     0.776     0.605     0.177
     0.579     0.729     0.365
    -0.074     0.825     0.561
     0.694     0.688     0.212
     0.373     0.481     0.793
     0.495     0.746     0.446
     0.541     0.093     0.836
     0.344     0.817     0.464
     0.323    -0.057     0.945
     0.396     0.766     0.507
     0.475     0.596     0.647
     0.689    -0.105     0.718
     0.819     0.497     0.288
     0.912     0.337     0.233
     0.544     0.545     0.637
     0.284     0.911     0.299
     0.308     0.106     0.945
     0.236     0.813     0.532
     0.461     0.406     0.789
     0.310     0.179     0.934
     0.665     0.372     0.647
     0.386     0.673     0.632
     0.786     0.541     0.300
     0.286     0.376     0.881
     0.807     0.408     0.426
     0.340     0.487     0.805
     0.874     0.001     0.487
     0.074     0.205     0.976
     0.404     0.647     0.646
     0.689     0.081     0.720
     0.313     0.346     0.884
     0.598     0.331     0.730
     0.337     0.932    -0.132
     0.696     0.392     0.601
     0.522     0.713     0.468
     0.280     0.291     0.915
     0.652     0.533     0.540
     0.411     0.645     0.644
     0.550     0.555     0.624
     0.428     0.375     0.822
    -0.097     0.612     0.785
     0.509     0.596     0.621
     0.807     0.582     0.101
     0.771     0.352     0.531
     0.662     0.716     0.221
     0.681     0.165     0.714
     0.272     0.530     0.803
     0.339     0.212     0.916
     0.388     0.755     0.528
     0.602     0.738     0.305
     0.671     0.052     0.740
     0.398     0.729     0.558
     0.364     0.638     0.679
     0.578     0.140     0.804
     0.428     0.769     0.474
     0.211     0.103     0.972
     0.698     0.615     0.367
     0.598     0.261     0.757
     0.553     0.486     0.677
     0.336     0.739     0.584
     0.725     0.607     0.326
     0.657     0.495     0.568
     0.272     0.751     0.601
     0.834     0.335     0.439
     0.824     0.231     0.518
     0.652     0.399     0.645
     0.343     0.326     0.881
     0.563     0.539     0.626
     0.412     0.456     0.789
     0.451     0.644     0.618
     0.788     0.417     0.453
     0.554     0.657     0.511
     0.488     0.451     0.748
     0.739     0.445     0.505
     0.475     0.614     0.630
     0.062     0.778     0.625
     0.635     0.740     0.222
     0.509     0.018     0.861
     0.709     0.044     0.704
     0.768     0.173     0.616
     0.274     0.485     0.830
     0.741     0.560     0.369
     0.495     0.422     0.760
     0.628    -0.107     0.771
     0.667     0.468     0.580
     0.513     0.398     0.761
     0.585     0.306     0.751
     0.689     0.224     0.689
    -0.051     0.480     0.876
     0.769     0.473     0.431
     0.729     0.231     0.644
     0.911     0.213     0.353
     0.424     0.452     0.785
     0.557     0.735     0.386
     0.899     0.409     0.159
     0.592     0.329     0.736
     0.169     0.566     0.807
     0.403     0.705     0.583
     0.671     0.343     0.657
     0.682     0.371     0.630
     0.741     0.258     0.620
     0.208     0.370     0.906
     0.814     0.484     0.321
     0.131     0.270     0.954
     0.810     0.113     0.575
     0.805     0.498     0.322
     0.536     0.177     0.826
     0.415     0.598     0.685
    -0.023     0.889     0.457
     0.401     0.791     0.462
     0.171     0.837     0.520
     0.467     0.392     0.793
     0.326     0.470     0.820
     0.400     0.422     0.813
     0.435    -0.020     0.900
     0.879     0.123     0.461
     0.375     0.194     0.906
     0.788     0.030     0.615
     0.259     0.497     0.828
     0.894     0.111     0.434
     0.435    -0.019     0.900
     0.618     0.274     0.737
     0.328     0.095     0.940
     0.520     0.558     0.647
     0.402     0.560     0.724
     0.789     0.525     0.320
     0.403     0.722     0.563
     0.419     0.768     0.485
     0.463     0.713     0.527
     0.756     0.263     0.599
     0.743     0.398     0.538
     0.546     0.709     0.446
     0.845     0.232     0.481
     0.711     0.426     0.560
     0.669     0.715     0.201
     0.346     0.538     0.769
     0.345     0.456     0.821
     0.978    -0.066     0.198
     0.625     0.500     0.599
     0.868    -0.155     0.471
     0.222     0.348     0.911
     0.757     0.413     0.506
     0.473     0.698     0.537
    -0.059     0.809     0.585
     0.677     0.063     0.734
     0.453     0.888     0.084
     0.584     0.179     0.792
     0.865     0.451     0.219
     0.640     0.686     0.347
     0.620     0.300     0.725
     0.088     0.196     0.977
     0.783    -0.282     0.555
     0.612     0.563     0.554
     0.812     0.359     0.460
     0.315    -0.271     0.909
     0.325     0.602     0.729
    -0.133     0.662     0.737
     0.741    -0.022     0.672
     0.317     0.709     0.630
     0.618     0.461     0.637
     0.610     0.543     0.576
     0.516     0.449     0.730
     0.496     0.694     0.522
     0.515     0.765     0.388
     0.245     0.846     0.473
     0.406     0.600     0.689
     0.756     0.314     0.574
     0.284    -0.280     0.917
     0.527     0.364     0.767
     0.837     0.350     0.421
     0.581     0.796     0.168
     0.283     0.861     0.424
     0.226     0.483     0.846
     0.680     0.467     0.565
     0.774     0.409     0.484
     0.551     0.295     0.781
     0.626     0.377     0.683
     0.406    -0.134     0.904
     0.472     0.421     0.775
     0.625     0.626     0.466
     0.418     0.375     0.827
     0.186     0.537     0.823
     0.146     0.560     0.816
     0.562     0.551     0.617
     0.483     0.483     0.730
     0.512     0.849    -0.132
     0.369     0.749     0.550
     0.888     0.342     0.307
     0.481     0.715     0.508
     0.428     0.613     0.664
     0.211    -0.099     0.972
     0.673     0.513     0.533
     0.853     0.461     0.243
     0.569     0.702     0.428
     0.263     0.716     0.646
     0.489     0.845     0.217
     0.454     0.376     0.808
     0.646     0.672     0.361
     0.461     0.456     0.761
     0.883     0.077     0.464
     0.495     0.617     0.612
     0.438     0.545     0.715
     0.513     0.765     0.391
     0.704     0.680     0.205
     0.699     0.674     0.238
     0.162     0.677     0.718
     0.469     0.728     0.500
     0.879     0.184     0.439
     0.953     0.115     0.281
     0.514     0.419     0.748
     0.598     0.793     0.117
     0.791     0.377     0.483
     0.572     0.700     0.428
     0.483     0.470     0.739
     0.552     0.717     0.426
     0.105     0.500     0.860
     0.579     0.760     0.296
     0.686     0.271     0.675
     0.836     0.515     0.190
     0.423     0.407     0.810
     0.598     0.514     0.615
     0.513     0.335     0.791
     0.616     0.762     0.201
     0.226     0.703     0.674
     0.472     0.567     0.675
     0.663     0.562     0.495
     0.200     0.463     0.863
     0.690     0.468     0.552
     0.798     0.230     0.556
     0.672     0.683     0.286
     0.543     0.378     0.749
     0.367     0.773     0.517
     0.489     0.703     0.517
     0.675     0.426     0.602
     0.618    -0.128     0.775
     0.550     0.774     0.314
     0.575     0.663     0.480
     0.776     0.412     0.477
     0.713     0.687     0.141
     0.632     0.754     0.178
     0.791     0.553     0.261
     0.597    -0.213     0.773
     0.820     0.471     0.323
     0.802     0.391     0.453
     0.745     0.454     0.488
     0.580     0.376     0.723
     0.252     0.594     0.764
     0.555     0.631     0.542
     0.739     0.170     0.652
     0.579     0.412     0.704
     0.246     0.720     0.649
     0.596     0.648     0.475
     0.194     0.587     0.786
     0.546     0.437     0.715
     0.459     0.790     0.406
     0.663     0.190     0.724
     0.565    -0.121     0.816
     0.292     0.273     0.917
     0.792     0.428     0.435
     0.219     0.690     0.690
     0.427     0.594     0.682
     0.480     0.559     0.676
     0.710     0.230     0.665
     0.480     0.775     0.411
     0.241     0.545     0.803
     0.748     0.372     0.550
     0.369     0.419     0.829
     0.628     0.538     0.562
     0.725     0.433     0.535
     0.437     0.740     0.512
     0.341     0.939     0.037
     0.546     0.616     0.568
     0.474     0.660     0.583
     0.326     0.592     0.737
     0.768     0.638     0.062
     0.774     0.442     0.453
     0.367     0.155     0.917
     0.878     0.425     0.218
     0.510     0.047     0.859
     0.784    -0.192     0.590
     0.627     0.443     0.641
     0.576     0.191     0.795
     0.227     0.275     0.934
     0.630     0.644     0.435
     0.377     0.800     0.466
     0.109     0.510     0.853
     0.566     0.768     0.298
     0.627     0.676     0.386
     0.413     0.828     0.379
     0.208     0.546     0.812
     0.716     0.685     0.134
     0.189     0.377     0.907
     0.362     0.360     0.860
     0.857     0.237     0.457
    -0.013     0.364     0.931
     0.623     0.673     0.398
     0.509     0.815     0.277
     0.409     0.383     0.828
     0.308     0.612     0.728
     0.775     0.497     0.390
     0.776     0.201     0.597
     0.853     0.178     0.490
     0.709     0.413     0.572
     0.556     0.611     0.563
    -0.285     0.903     0.320
     0.463     0.752     0.468
     0.846     0.106     0.523
     0.794     0.320     0.517
     0.822     0.519     0.233
     0.340     0.581     0.739
     0.341     0.786     0.515
     0.535     0.122     0.836
     0.577     0.761     0.298
     0.949     0.274     0.158
     0.562     0.115     0.819
     0.708     0.460     0.536
     0.414     0.793     0.448
     0.420     0.665     0.618
     0.223    -0.230     0.947
     0.702     0.651     0.288
     0.721     0.407     0.561
     0.534     0.817     0.217
     0.748     0.257     0.612
     0.671     0.455     0.586
     0.530     0.291     0.796
     0.511     0.815     0.273
     0.581     0.299     0.757
     0.581     0.654     0.485
     0.750     0.316     0.582
     0.578     0.527     0.623
     0.837     0.237     0.494
     0.964    -0.170     0.204
     0.610     0.429     0.666
     0.778     0.625    -0.066
     0.155     0.494     0.856
     0.364     0.931    -0.032
     0.315     0.840     0.442
     0.911     0.303     0.280
     0.570     0.555     0.605
     0.639     0.282     0.716
     0.695     0.560     0.451
     0.447     0.400     0.800
     0.395     0.352     0.849
     0.308     0.625     0.717
     0.399     0.129     0.908
     0.722     0.118     0.682
     0.231     0.413     0.881
     0.269     0.580     0.769
     0.323     0.051     0.945
     0.227     0.389     0.893
     0.493     0.510     0.705
     0.414     0.735     0.537
     0.749     0.207     0.629
     0.134     0.087     0.987
     0.700     0.409     0.585
     0.382     0.042     0.923
     0.686     0.511     0.517
    -0.047     0.264     0.963
     0.570     0.138     0.810
     0.697     0.294     0.654
     0.304     0.872     0.384
     0.433     0.211     0.876
     0.743     0.524     0.417
     0.665     0.376     0.645
     0.332     0.717     0.613
     0.153     0.324     0.934
     0.741     0.235     0.628
     0.483     0.704     0.521
     0.725     0.162     0.670
     0.341     0.546     0.765
     0.806     0.329     0.492
     0.485     0.496     0.721
     0.683     0.533     0.500
     0.454     0.608     0.651
     0.534     0.230     0.814
     0.605     0.456     0.652
     0.416     0.447     0.792
     0.176     0.526     0.832
     0.306     0.762     0.570
     0.911     0.365     0.191
     0.252     0.591     0.766
     0.572     0.750     0.332
     0.752     0.656     0.065
     0.474     0.047     0.879
     0.745     0.452     0.490
     0.512     0.538     0.670
     0.743     0.427     0.516
     0.494     0.291     0.820
     0.497     0.400     0.770
     0.447     0.426     0.787
     0.925     0.031     0.380
     0.897     0.304     0.320
     0.435     0.067     0.898
     0.597     0.014     0.802
     0.417     0.493     0.763
     0.313     0.665     0.678
     0.736     0.461     0.495
     0.860     0.270     0.433
     0.580     0.378     0.721
     0.609     0.121     0.784
     0.282     0.506     0.815
     0.493     0.556     0.669
     0.503     0.058     0.863
     0.539     0.626     0.563
     0.584    -0.123     0.803
     0.401     0.707     0.582
     0.839     0.312     0.446
     0.710    -0.154     0.687
     0.227     0.590     0.775
     0.265     0.777     0.571
     0.744     0.427     0.514
     0.370     0.323     0.871
     0.724     0.445     0.528
     0.752     0.078     0.655
     0.782     0.214     0.585
     0.671     0.679     0.298
     0.080     0.746     0.661
     0.209     0.384     0.899
     0.543     0.598     0.590
     0.698     0.597     0.397
     0.490     0.646     0.586
     0.195     0.808     0.555
    -0.143     0.724     0.675
     0.507     0.451     0.735
     0.373     0.655     0.657
     0.372     0.479     0.795
     0.172     0.852     0.495
     0.662     0.501     0.557
     0.120     0.849     0.514
     0.598     0.241     0.764
     0.621     0.766    -0.168
     0.468     0.694     0.547
     0.762     0.587     0.272
     0.393     0.698     0.598
     0.230     0.886     0.402
     0.862     0.448     0.239
     0.263     0.363     0.894
     0.088     0.411     0.907
     0.564     0.643     0.518
     0.467     0.466     0.751
     0.495     0.128     0.860
     0.506     0.377     0.776
     0.687     0.328     0.648
     0.787     0.495     0.368
     0.567     0.517     0.641
     0.702     0.591     0.396
     0.164     0.805     0.570
     0.293     0.112     0.950
     0.873     0.119     0.472
     0.386     0.523     0.760
     0.599     0.495     0.629
     0.158     0.543     0.824
     0.322     0.327     0.889
     0.464     0.641     0.612
     0.659     0.194     0.727
     0.730     0.530     0.431
     0.257     0.251     0.933
     0.578     0.714     0.395
     0.787     0.580     0.212
    -0.007     0.923     0.385
     0.490    -0.060     0.869
     0.106     0.628     0.771
     0.448     0.483     0.752
     0.575     0.600     0.556
     0.551    -0.015     0.834
     0.383     0.756     0.531
     0.766     0.269     0.584
     0.620     0.668     0.410
     0.129     0.565     0.815
     0.890     0.262     0.373
     0.932     0.361     0.014
     0.423     0.576     0.700
     0.229     0.650     0.724
     0.625     0.098     0.775
     0.188     0.407     0.894
     0.467     0.461     0.754
     0.388     0.919     0.076
     0.730     0.451     0.514
     0.615     0.166     0.771
     0.800    -0.423     0.425
     0.248     0.270     0.930
     0.665     0.460     0.589
     0.281     0.221     0.934
     0.543     0.427     0.723
     0.482     0.603     0.635
     0.838     0.422     0.346
     0.223     0.872     0.435
     0.405     0.068     0.912
     0.572     0.174     0.802
     0.896     0.156     0.415
     0.439     0.895     0.081
     0.547     0.789     0.279
     0.682     0.703     0.201
     0.598     0.456     0.659
     0.690     0.573     0.442
     0.777     0.519     0.357
     0.268     0.477     0.837
     0.679     0.343     0.649
     0.673     0.400     0.623
     0.844     0.114     0.524
     0.622    -0.299     0.723
     0.463     0.687     0.560
     0.690     0.469     0.551
     0.388     0.501     0.774
     0.745     0.549     0.379
     0.447     0.034     0.894
     0.055     0.206     0.977
     0.363     0.626     0.690
     0.655     0.151     0.740
     0.144     0.956     0.255
     0.440     0.337     0.832
     0.343     0.888     0.305
     0.642     0.521     0.563
     0.680     0.414     0.605
     0.487     0.649     0.585
     0.786     0.306     0.538
     0.445     0.575     0.686
