     0.163    -0.862    -0.481
     0.042    -0.865    -0.499
     0.040    -0.860    -0.509
     0.167    -0.732    -0.661
     0.019    -0.840    -0.543
     0.095    -0.937    -0.336
     0.046    -0.805    -0.591
     0.030    -0.854    -0.519
     0.164    -0.915    -0.369
     0.080    -0.784    -0.615
     0.028    -0.870    -0.492
    -0.008    -0.684    -0.730
    -0.197    -0.837    -0.510
     0.209    -0.845    -0.492
     0.109    -0.789    -0.605
     0.095    -0.784    -0.614
     0.076    -0.886    -0.457
     0.145    -0.837    -0.527
    -0.197    -0.757    -0.622
     0.003    -0.758    -0.653
     0.087    -0.884    -0.460
     0.130    -0.876    -0.464
     0.180    -0.826    -0.534
     0.057    -0.835    -0.548
    -0.026    -0.835    -0.550
     0.119    -0.868    -0.482
    -0.038    -0.890    -0.453
     0.180    -0.847    -0.500
    -0.022    -0.891    -0.454
     0.079    -0.774    -0.629
     0.120    -0.848    -0.516
     0.236    -0.765    -0.600
    -0.004    -0.828    -0.560
    -0.038    -0.790    -0.612
     0.007    -0.774    -0.633
     0.078    -0.790    -0.608
     0.183    -0.794    -0.580
    -0.055    -0.798    -0.600
     0.088    -0.883    -0.461
     0.194    -0.783    -0.591
    -0.083    -0.759    -0.646
     0.067    -0.878    -0.474
     0.028    -0.758    -0.652
    -0.004    -0.817    -0.577
     0.086    -0.878    -0.472
     0.108    -0.829    -0.548
     0.051    -0.791    -0.610
    -0.035    -0.869    -0.493
     0.046    -0.785    -0.618
     0.160    -0.845    -0.511
     0.095    -0.830    -0.550
     0.182    -0.839    -0.513
    -0.039    -0.789    -0.613
     0.037    -0.703    -0.710
     0.108    -0.894    -0.435
     0.052    -0.914    -0.402
    -0.090    -0.806    -0.585
     0.046    -0.827    -0.560
    -0.013    -0.816    -0.578
     0.144    -0.844    -0.516
     0.104    -0.900    -0.424
     0.097    -0.773    -0.627
     0.118    -0.759    -0.640
     0.131    -0.808    -0.575
     0.267    -0.767    -0.584
     0.048    -0.762    -0.646
    -0.005    -0.771    -0.637
     0.055    -0.734    -0.677
     0.084    -0.860    -0.503
     0.058    -0.824    -0.563
     0.099    -0.814    -0.573
     0.148    -0.799    -0.582
     0.046    -0.837    -0.545
     0.038    -0.829    -0.558
    -0.005    -0.889    -0.457
    -0.133    -0.883    -0.450
    -0.172    -0.872    -0.458
     0.064    -0.867    -0.494
     0.075    -0.862    -0.501
    -0.013    -0.801    -0.599
     0.140    -0.811    -0.568
     0.105    -0.810    -0.577
     0.210    -0.741    -0.638
    -0.044    -0.736    -0.676
     0.145    -0.795    -0.588
     0.056    -0.831    -0.554
    -0.017    -0.889    -0.458
     0.125    -0.850    -0.512
    -0.094    -0.878    -0.470
    -0.042    -0.918    -0.395
     0.198    -0.764    -0.614
     0.216    -0.822    -0.527
     0.049    -0.797    -0.602
     0.003    -0.856    -0.518
     0.091    -0.886    -0.454
     0.134    -0.770    -0.623
     0.129    -0.845    -0.518
    -0.082    -0.790    -0.608
     0.063    -0.887    -0.458
     0.093    -0.786    -0.611
    -0.030    -0.835    -0.550
     0.086    -0.766    -0.637
     0.200    -0.806    -0.557
     0.051    -0.894    -0.445
     0.054    -0.852    -0.521
     0.218    -0.726    -0.652
     0.129    -0.845    -0.519
     0.027    -0.892    -0.451
     0.189    -0.780    -0.596
    -0.126    -0.810    -0.573
    -0.021    -0.855    -0.518
     0.095    -0.837    -0.539
     0.354    -0.717    -0.600
     0.062    -0.918    -0.392
     0.001    -0.792    -0.610
     0.127    -0.860    -0.494
     0.130    -0.789    -0.601
     0.016    -0.756    -0.655
    -0.059    -0.787    -0.614
     0.171    -0.835    -0.523
     0.008    -0.896    -0.444
     0.077    -0.752    -0.655
     0.022    -0.812    -0.584
     0.156    -0.808    -0.568
    -0.174    -0.820    -0.545
    -0.317    -0.838    -0.445
    -0.025    -0.767    -0.641
     0.176    -0.914    -0.366
     0.249    -0.763    -0.596
     0.017    -0.822    -0.570
     0.053    -0.927    -0.371
    -0.120    -0.843    -0.525
    -0.005    -0.864    -0.503
     0.082    -0.778    -0.623
     0.149    -0.775    -0.615
    -0.075    -0.796    -0.601
    -0.022    -0.815    -0.580
     0.023    -0.853    -0.521
     0.096    -0.865    -0.492
    -0.004    -0.832    -0.555
    -0.107    -0.775    -0.623
    -0.010    -0.883    -0.470
     0.057    -0.869    -0.492
    -0.190    -0.727    -0.660
     0.020    -0.785    -0.619
    -0.033    -0.814    -0.580
    -0.055    -0.793    -0.607
     0.118    -0.769    -0.629
     0.171    -0.795    -0.582
    -0.037    -0.726    -0.687
     0.045    -0.899    -0.436
     0.080    -0.784    -0.615
    -0.022    -0.892    -0.451
     0.052    -0.775    -0.630
     0.068    -0.947    -0.313
     0.126    -0.807    -0.577
     0.191    -0.784    -0.590
     0.078    -0.790    -0.608
    -0.023    -0.814    -0.581
     0.081    -0.846    -0.527
     0.036    -0.867    -0.497
     0.211    -0.767    -0.605
    -0.079    -0.836    -0.542
    -0.077    -0.780    -0.622
     0.067    -0.845    -0.531
     0.125    -0.832    -0.541
     0.055    -0.842    -0.537
     0.193    -0.830    -0.524
     0.069    -0.693    -0.718
     0.158    -0.750    -0.643
     0.075    -0.759    -0.646
    -0.071    -0.782    -0.620
     0.160    -0.739    -0.654
     0.036    -0.806    -0.591
     0.018    -0.822    -0.569
    -0.067    -0.867    -0.494
     0.014    -0.897    -0.442
     0.001    -0.833    -0.553
     0.172    -0.757    -0.631
     0.156    -0.808    -0.568
     0.140    -0.849    -0.509
     0.018    -0.883    -0.468
     0.014    -0.808    -0.589
     0.038    -0.797    -0.602
     0.091    -0.807    -0.583
     0.186    -0.899    -0.395
     0.166    -0.890    -0.425
     0.150    -0.886    -0.438
     0.143    -0.780    -0.610
     0.112    -0.890    -0.442
     0.028    -0.836    -0.548
     0.249    -0.837    -0.487
     0.010    -0.729    -0.685
     0.026    -0.940    -0.339
    -0.080    -0.904    -0.420
    -0.014    -0.843    -0.538
     0.082    -0.828    -0.555
    -0.095    -0.791    -0.604
     0.169    -0.720    -0.673
     0.066    -0.786    -0.615
    -0.081    -0.772    -0.630
     0.120    -0.879    -0.462
    -0.089    -0.866    -0.492
    -0.005    -0.826    -0.563
     0.106    -0.806    -0.582
    -0.116    -0.807    -0.580
     0.107    -0.836    -0.539
     0.161    -0.700    -0.696
     0.165    -0.751    -0.640
     0.121    -0.860    -0.495
     0.113    -0.849    -0.516
    -0.153    -0.851    -0.502
     0.134    -0.848    -0.512
    -0.055    -0.820    -0.569
     0.174    -0.833    -0.525
    -0.005    -0.842    -0.540
     0.244    -0.791    -0.561
     0.181    -0.892    -0.413
     0.040    -0.806    -0.590
    -0.130    -0.830    -0.543
     0.205    -0.880    -0.428
     0.026    -0.764    -0.644
     0.001    -0.864    -0.504
     0.000    -0.678    -0.735
    -0.008    -0.851    -0.525
     0.063    -0.898    -0.436
     0.156    -0.928    -0.338
    -0.090    -0.876    -0.475
    -0.012    -0.834    -0.551
     0.180    -0.807    -0.562
     0.310    -0.775    -0.551
     0.087    -0.816    -0.571
     0.090    -0.757    -0.647
     0.122    -0.864    -0.488
     0.048    -0.829    -0.558
     0.171    -0.720    -0.673
    -0.117    -0.880    -0.460
    -0.160    -0.781    -0.604
     0.160    -0.748    -0.644
     0.065    -0.786    -0.615
     0.102    -0.796    -0.596
    -0.048    -0.804    -0.593
    -0.048    -0.837    -0.546
     0.152    -0.856    -0.494
    -0.009    -0.767    -0.641
     0.062    -0.879    -0.472
     0.029    -0.918    -0.395
    -0.009    -0.861    -0.509
     0.157    -0.814    -0.559
    -0.059    -0.934    -0.352
     0.071    -0.821    -0.566
     0.099    -0.782    -0.615
    -0.004    -0.829    -0.560
     0.084    -0.805    -0.587
     0.014    -0.843    -0.537
    -0.112    -0.875    -0.471
    -0.001    -0.848    -0.529
     0.147    -0.859    -0.491
     0.023    -0.750    -0.661
    -0.007    -0.800    -0.600
     0.101    -0.833    -0.543
     0.087    -0.742    -0.665
     0.064    -0.793    -0.605
     0.101    -0.863    -0.494
    -0.096    -0.849    -0.519
     0.065    -0.827    -0.558
     0.011    -0.841    -0.540
    -0.081    -0.848    -0.524
     0.180    -0.811    -0.557
     0.111    -0.838    -0.535
     0.045    -0.805    -0.592
     0.045    -0.830    -0.556
     0.069    -0.875    -0.479
     0.091    -0.680    -0.728
    -0.067    -0.814    -0.576
     0.096    -0.837    -0.539
     0.266    -0.799    -0.539
    -0.009    -0.755    -0.655
     0.103    -0.733    -0.672
     0.007    -0.897    -0.443
     0.117    -0.843    -0.525
     0.007    -0.851    -0.526
     0.279    -0.708    -0.649
     0.092    -0.894    -0.439
     0.171    -0.783    -0.598
     0.117    -0.839    -0.532
    -0.134    -0.805    -0.578
    -0.202    -0.787    -0.583
     0.141    -0.738    -0.660
    -0.005    -0.839    -0.544
     0.008    -0.837    -0.548
     0.007    -0.672    -0.741
     0.068    -0.839    -0.540
     0.099    -0.825    -0.557
     0.174    -0.814    -0.554
     0.118    -0.821    -0.559
    -0.016    -0.867    -0.499
     0.026    -0.849    -0.528
     0.121    -0.821    -0.558
     0.265    -0.762    -0.591
    -0.044    -0.781    -0.623
     0.007    -0.880    -0.475
     0.024    -0.874    -0.485
    -0.028    -0.760    -0.649
     0.133    -0.797    -0.590
     0.034    -0.878    -0.478
     0.016    -0.844    -0.536
    -0.037    -0.791    -0.611
     0.166    -0.908    -0.386
    -0.012    -0.922    -0.386
     0.010    -0.784    -0.620
