     0.704    -0.366     0.609
     0.769    -0.296     0.566
     0.639    -0.238     0.732
     0.699    -0.390     0.600
     0.780    -0.334     0.530
     0.557     0.068     0.827
     0.447    -0.409     0.796
     0.739    -0.342     0.580
     0.793     0.014     0.609
     0.748    -0.116     0.654
     0.760    -0.301     0.577
     0.801    -0.065     0.595
     0.720    -0.094     0.687
     0.643    -0.337     0.688
     0.757     0.020     0.654
     0.643    -0.419     0.641
     0.929    -0.222     0.295
     0.687    -0.141     0.713
     0.815    -0.301     0.495
     0.880    -0.031     0.474
     0.807    -0.127     0.576
     0.738    -0.354     0.575
     0.805    -0.139     0.576
     0.855    -0.177     0.488
     0.787    -0.045     0.615
     0.795    -0.035     0.605
     0.885    -0.322     0.336
     0.661    -0.290     0.692
     0.797    -0.368     0.479
     0.604    -0.259     0.753
     0.617    -0.113     0.779
     0.829    -0.003     0.559
     0.745    -0.371     0.555
     0.840    -0.196     0.506
     0.784    -0.305     0.541
     0.609    -0.152     0.779
     0.669    -0.511     0.540
     0.805    -0.378     0.458
     0.769    -0.248     0.589
     0.750    -0.188     0.635
     0.679     0.035     0.734
     0.822    -0.118     0.558
     0.840    -0.032     0.541
     0.718    -0.287     0.634
     0.926    -0.168     0.338
     0.802     0.016     0.597
     0.665    -0.191     0.722
     0.851    -0.248     0.463
     0.866    -0.060     0.496
     0.934    -0.208     0.291
     0.826     0.160     0.540
     0.860    -0.154     0.487
     0.642    -0.591     0.488
     0.786    -0.224     0.576
     0.812    -0.297     0.503
     0.679    -0.374     0.631
     0.888    -0.127     0.443
     0.725    -0.248     0.642
     0.643    -0.378     0.666
     0.710    -0.031     0.704
     0.695    -0.214     0.687
     0.807    -0.088     0.584
     0.938    -0.033     0.346
     0.727     0.007     0.686
     0.804     0.008     0.595
     0.781    -0.019     0.624
     0.793    -0.341     0.505
     0.640    -0.186     0.746
     0.752    -0.098     0.652
     0.795    -0.050     0.605
     0.804    -0.382     0.456
     0.747    -0.217     0.629
     0.773    -0.242     0.586
     0.801     0.050     0.597
     0.689    -0.137     0.711
     0.796    -0.084     0.599
     0.776    -0.183     0.603
     0.856    -0.230     0.463
     0.670    -0.380     0.638
     0.633    -0.321     0.704
     0.751    -0.249     0.611
     0.738    -0.187     0.648
     0.784    -0.072     0.617
     0.780    -0.177     0.600
     0.701    -0.145     0.698
     0.793    -0.341     0.505
     0.646    -0.136     0.751
     0.774    -0.033     0.632
     0.621    -0.261     0.739
     0.781    -0.340     0.524
     0.896     0.128     0.425
     0.896    -0.276     0.349
     0.645    -0.276     0.713
     0.767    -0.229     0.599
     0.733    -0.015     0.680
     0.805    -0.037     0.592
     0.710     0.109     0.696
     0.694    -0.279     0.663
     0.688    -0.313     0.655
     0.793    -0.144     0.591
     0.689     0.040     0.724
     0.616    -0.036     0.787
     0.715    -0.204     0.669
     0.826    -0.137     0.547
     0.784     0.097     0.614
     0.972    -0.021     0.234
     0.863    -0.127     0.489
     0.823    -0.424     0.378
     0.838    -0.183     0.515
     0.829    -0.239     0.506
     0.868    -0.116     0.483
     0.637    -0.108     0.763
     0.834    -0.299     0.465
     0.926    -0.159     0.343
     0.823    -0.280     0.494
     0.658    -0.403     0.636
     0.709    -0.036     0.704
     0.902    -0.047     0.429
     0.776    -0.274     0.568
     0.855    -0.303     0.421
     0.781     0.063     0.621
     0.507    -0.328     0.797
     0.869    -0.110     0.482
     0.862    -0.149     0.484
     0.867    -0.008     0.497
     0.538    -0.326     0.777
     0.753    -0.006     0.658
     0.619    -0.518     0.590
     0.883    -0.078     0.462
     0.780    -0.293     0.553
     0.930    -0.138     0.341
     0.730    -0.093     0.677
     0.678    -0.364     0.639
     0.766    -0.056     0.640
     0.734    -0.357     0.577
     0.640    -0.389     0.662
     0.746     0.111     0.657
     0.648    -0.104     0.754
     0.712    -0.384     0.588
     0.664    -0.285     0.691
     0.736    -0.239     0.633
     0.830     0.020     0.558
     0.782    -0.163     0.602
     0.785    -0.183     0.591
     0.705    -0.394     0.590
     0.568    -0.042     0.822
     0.711    -0.256     0.655
     0.791    -0.130     0.598
     0.754    -0.010     0.657
     0.784    -0.338     0.520
     0.723    -0.488     0.489
     0.845    -0.110     0.523
     0.729    -0.475     0.493
     0.673    -0.220     0.706
     0.847    -0.127     0.516
     0.584    -0.165     0.795
     0.752    -0.119     0.648
     0.708    -0.296     0.641
     0.698    -0.330     0.636
     0.806    -0.238     0.541
     0.812    -0.331     0.481
     0.798    -0.035     0.601
     0.809    -0.061     0.585
     0.758    -0.363     0.542
     0.855    -0.189     0.483
     0.694    -0.292     0.659
     0.795    -0.145     0.589
     0.815    -0.242     0.526
     0.628     0.075     0.775
     0.659    -0.278     0.699
     0.672    -0.323     0.667
     0.812     0.078     0.578
     0.695    -0.625     0.356
     0.732    -0.237     0.638
     0.734    -0.364     0.574
     0.835    -0.263     0.484
     0.831    -0.239     0.503
     0.856    -0.011     0.517
     0.666    -0.427     0.612
     0.631    -0.604     0.486
     0.718    -0.292     0.631
     0.652    -0.325     0.685
     0.792    -0.157     0.591
     0.818    -0.286     0.499
     0.845    -0.133     0.518
     0.855    -0.139     0.499
     0.707    -0.269     0.654
     0.725    -0.401     0.560
     0.785    -0.043     0.618
     0.856    -0.267     0.442
     0.881    -0.346     0.323
     0.753    -0.257     0.606
     0.792    -0.177     0.584
     0.795    -0.172     0.581
     0.794    -0.247     0.556
     0.746    -0.249     0.618
     0.734    -0.103     0.672
     0.626    -0.201     0.754
     0.820    -0.289     0.494
     0.842    -0.073     0.535
     0.904    -0.290     0.314
     0.766    -0.405     0.499
     0.683    -0.299     0.666
     0.847    -0.181     0.499
     0.800    -0.223     0.557
     0.904    -0.306     0.298
     0.792    -0.224     0.568
     0.796    -0.295     0.529
     0.589    -0.370     0.718
     0.932    -0.144     0.332
     0.847    -0.227     0.481
     0.814    -0.123     0.567
     0.876    -0.179     0.449
     0.821    -0.255     0.511
     0.781    -0.196     0.593
     0.910    -0.180     0.374
     0.632    -0.053     0.773
     0.748    -0.281     0.601
     0.548    -0.148     0.823
     0.814    -0.234     0.531
     0.784    -0.349     0.514
     0.750    -0.196     0.632
     0.726    -0.275     0.631
     0.870    -0.239     0.431
     0.685    -0.064     0.726
     0.805    -0.453     0.383
     0.737    -0.387     0.554
     0.695    -0.508     0.509
     0.753    -0.291     0.590
     0.769    -0.307     0.560
     0.782    -0.248     0.571
     0.812    -0.190     0.552
     0.699    -0.407     0.588
     0.742    -0.153     0.653
     0.621    -0.363     0.694
     0.702    -0.393     0.594
     0.744    -0.068     0.665
     0.711     0.006     0.703
     0.463    -0.217     0.859
     0.748    -0.026     0.663
     0.750    -0.182     0.636
     0.718     0.007     0.696
     0.788     0.029     0.615
     0.912    -0.162     0.377
     0.821    -0.441     0.363
     0.805    -0.228     0.548
     0.742    -0.304     0.597
     0.921    -0.040     0.387
     0.810    -0.319     0.491
     0.722    -0.366     0.587
     0.800    -0.322     0.505
     0.860    -0.177     0.478
     0.648    -0.412     0.641
     0.807    -0.036     0.589
     0.702    -0.434     0.565
     0.833    -0.098     0.544
     0.701    -0.452     0.552
     0.716    -0.095     0.692
     0.547    -0.443     0.710
     0.866    -0.133     0.482
     0.755    -0.073     0.652
     0.703     0.060     0.709
     0.894     0.018     0.449
     0.650    -0.279     0.707
     0.893    -0.311     0.324
     0.634    -0.315     0.707
     0.779    -0.277     0.562
     0.839    -0.167     0.517
     0.853    -0.152     0.500
     0.741    -0.404     0.537
     0.791    -0.264     0.553
     0.786    -0.210     0.581
     0.693    -0.193     0.695
     0.697    -0.375     0.611
     0.803    -0.411     0.433
     0.733    -0.288     0.616
     0.840    -0.351     0.414
     0.766     0.112     0.633
     0.549    -0.191     0.814
     0.805    -0.166     0.570
     0.809    -0.056     0.585
     0.753    -0.125     0.646
     0.599    -0.072     0.798
     0.664    -0.343     0.664
     0.731    -0.359     0.581
     0.701    -0.099     0.707
     0.706    -0.157     0.691
     0.732    -0.063     0.678
     0.780    -0.246     0.576
     0.919    -0.054     0.391
     0.802    -0.275     0.531
     0.810    -0.241     0.534
     0.787    -0.275     0.553
     0.838    -0.338     0.429
     0.860    -0.089     0.502
     0.821    -0.426     0.380
     0.775    -0.378     0.507
     0.622    -0.147     0.769
     0.645    -0.379     0.663
     0.762    -0.446     0.470
     0.652    -0.304     0.695
     0.886    -0.079     0.458
     0.593    -0.474     0.651
     0.859    -0.218     0.463
     0.670    -0.245     0.701
     0.699     0.030     0.715
     0.838    -0.280     0.468
     0.750    -0.018     0.662
     0.715    -0.243     0.656
     0.813     0.011     0.582
     0.762    -0.111     0.638
     0.906    -0.067     0.419
     0.679    -0.008     0.734
     0.691    -0.159     0.705
     0.638    -0.511     0.577
     0.625    -0.187     0.758
     0.631    -0.234     0.740
     0.706    -0.143     0.694
     0.889    -0.092     0.450
     0.768    -0.367     0.525
     0.686    -0.255     0.682
     0.878    -0.026     0.478
     0.667    -0.203     0.716
     0.717    -0.084     0.692
     0.637    -0.474     0.608
     0.772    -0.331     0.542
     0.660    -0.523     0.540
     0.784    -0.174     0.596
     0.572    -0.244     0.783
     0.811    -0.105     0.575
     0.868    -0.264     0.420
     0.705    -0.295     0.646
     0.738    -0.078     0.671
     0.687    -0.490     0.537
     0.650    -0.238     0.722
     0.838    -0.121     0.532
     0.721    -0.467     0.512
     0.648    -0.378     0.661
     0.727    -0.410     0.550
     0.602    -0.017     0.798
     0.687    -0.343     0.641
     0.606    -0.267     0.749
     0.823    -0.056     0.565
     0.707    -0.258     0.659
     0.712    -0.180     0.679
     0.821    -0.194     0.537
     0.649    -0.224     0.727
     0.825    -0.238     0.512
     0.768    -0.274     0.579
     0.748    -0.128     0.652
     0.711    -0.059     0.701
     0.662    -0.200     0.722
     0.739    -0.447     0.505
     0.602    -0.165     0.781
     0.794    -0.078     0.603
     0.801    -0.183     0.570
     0.789    -0.177     0.589
     0.723    -0.135     0.678
     0.654    -0.159     0.739
     0.909     0.092     0.406
     0.771    -0.252     0.585
     0.665    -0.056     0.744
     0.847    -0.290     0.445
     0.791    -0.029     0.611
     0.816    -0.141     0.560
     0.834    -0.118     0.540
     0.848    -0.116     0.518
     0.717    -0.324     0.617
     0.776    -0.249     0.579
     0.594    -0.249     0.765
     0.898    -0.028     0.440
     0.840    -0.176     0.513
     0.713    -0.041     0.700
     0.701    -0.365     0.613
     0.720    -0.201     0.664
     0.763    -0.275     0.585
     0.873    -0.094     0.478
     0.653    -0.425     0.627
     0.545    -0.354     0.760
     0.772    -0.234     0.591
     0.705    -0.263     0.659
     0.716     0.165     0.679
     0.716    -0.299     0.630
     0.572    -0.508     0.644
     0.798    -0.068     0.598
     0.641    -0.392     0.660
     0.835    -0.309     0.456
     0.726    -0.306     0.615
     0.812    -0.007     0.584
     0.854    -0.092     0.513
     0.754    -0.119     0.646
     0.795    -0.198     0.573
     0.846    -0.085     0.526
     0.707    -0.227     0.670
     0.752    -0.308     0.583
     0.640    -0.237     0.731
     0.678    -0.109     0.727
     0.807    -0.161     0.568
     0.825    -0.400     0.399
     0.729    -0.274     0.627
     0.902    -0.066     0.426
     0.631    -0.232     0.741
     0.924    -0.019     0.382
     0.718    -0.017     0.696
     0.677    -0.384     0.627
     0.857    -0.129     0.499
     0.569    -0.067     0.820
     0.594    -0.209     0.777
     0.840    -0.232     0.491
     0.640     0.014     0.768
     0.711    -0.194     0.676
     0.789    -0.176     0.589
     0.766    -0.265     0.586
     0.880    -0.185     0.438
     0.812    -0.114     0.572
     0.784    -0.304     0.542
     0.883    -0.132     0.450
     0.717    -0.063     0.694
     0.625    -0.396     0.673
     0.694    -0.247     0.676
     0.818    -0.034     0.574
     0.710    -0.156     0.687
     0.797    -0.299     0.525
     0.769    -0.182     0.612
     0.808    -0.203     0.553
     0.708    -0.305     0.637
     0.676    -0.316     0.666
     0.729    -0.189     0.658
     0.823    -0.057     0.564
     0.837    -0.087     0.540
     0.810    -0.037     0.586
     0.613    -0.524     0.592
     0.656    -0.119     0.745
     0.555    -0.232     0.799
     0.755    -0.458     0.468
     0.569    -0.183     0.801
     0.723    -0.504     0.473
     0.757    -0.252     0.602
     0.811    -0.276     0.517
     0.526    -0.345     0.777
     0.763    -0.239     0.601
     0.616    -0.209     0.759
     0.855    -0.082     0.512
     0.771    -0.223     0.596
     0.638    -0.193     0.745
     0.684    -0.518     0.513
     0.829    -0.169     0.533
     0.859    -0.157     0.488
     0.671    -0.299     0.679
     0.695    -0.316     0.646
     0.710    -0.374     0.597
     0.590    -0.208     0.780
     0.843    -0.112     0.526
     0.794     0.004     0.608
     0.706     0.073     0.704
     0.813    -0.198     0.548
     0.895    -0.003     0.446
     0.674    -0.206     0.709
     0.618    -0.280     0.735
     0.664    -0.357     0.657
     0.589    -0.085     0.803
     0.778    -0.359     0.515
     0.842    -0.249     0.479
     0.799    -0.189     0.571
     0.675    -0.240     0.698
     0.826    -0.184     0.532
     0.861    -0.278     0.425
     0.788    -0.325     0.523
     0.807    -0.421     0.414
     0.860     0.027     0.509
     0.886    -0.238     0.397
     0.743     0.001     0.669
     0.767    -0.440     0.467
     0.725    -0.185     0.663
     0.806    -0.039     0.591
     0.577    -0.198     0.793
     0.692    -0.267     0.670
     0.797    -0.022     0.604
     0.768    -0.077     0.635
     0.835    -0.040     0.549
     0.807    -0.162     0.568
     0.861    -0.040     0.508
     0.809    -0.417     0.414
     0.823     0.126     0.554
     0.814    -0.134     0.565
     0.855    -0.252     0.454
     0.632    -0.422     0.650
     0.733    -0.022     0.680
     0.842    -0.101     0.530
     0.811    -0.246     0.531
     0.843    -0.290     0.453
     0.859    -0.129     0.495
     0.783    -0.337     0.523
     0.860    -0.076     0.505
     0.667    -0.454     0.590
     0.875    -0.207     0.438
     0.730    -0.255     0.635
     0.894    -0.218     0.392
     0.805    -0.063     0.590
     0.774     0.009     0.633
     0.678    -0.368     0.636
     0.613    -0.304     0.729
     0.638    -0.283     0.717
     0.788    -0.238     0.567
     0.736    -0.313     0.600
     0.801    -0.169     0.575
     0.732    -0.127     0.670
     0.799     0.007     0.602
     0.618    -0.357     0.701
     0.693    -0.092     0.715
     0.722    -0.394     0.569
     0.782    -0.039     0.622
     0.651    -0.326     0.685
     0.844    -0.317     0.433
     0.723    -0.229     0.652
     0.764     0.018     0.645
     0.617    -0.185     0.765
     0.734    -0.260     0.628
     0.763    -0.465     0.450
     0.780    -0.332     0.531
     0.678    -0.192     0.709
     0.743     0.204     0.637
     0.777    -0.149     0.611
     0.846    -0.117     0.521
     0.796    -0.232     0.558
     0.767    -0.068     0.638
     0.823    -0.237     0.516
     0.836    -0.109     0.537
     0.799    -0.309     0.516
     0.560    -0.177     0.809
     0.750    -0.052     0.660
     0.733    -0.294     0.613
     0.734    -0.286     0.616
     0.838    -0.305     0.452
     0.843    -0.247     0.478
     0.818    -0.150     0.555
     0.747    -0.369     0.553
     0.712    -0.076     0.698
     0.907    -0.262     0.331
     0.850    -0.237     0.471
     0.791    -0.203     0.577
     0.667    -0.397     0.630
     0.824    -0.431     0.369
     0.733    -0.274     0.622
     0.815    -0.244     0.526
     0.817     0.026     0.577
     0.879    -0.225     0.421
     0.789    -0.190     0.584
     0.750    -0.117     0.651
     0.776     0.095     0.623
     0.795    -0.372     0.479
     0.762    -0.375     0.527
     0.787    -0.312     0.533
     0.684    -0.440     0.582
     0.742    -0.283     0.608
     0.769    -0.308     0.561
     0.823    -0.195     0.534
     0.789    -0.336     0.514
     0.753    -0.187     0.631
     0.717    -0.353     0.601
     0.712    -0.394     0.581
     0.757    -0.232     0.610
     0.811    -0.256     0.526
     0.716    -0.200     0.669
     0.819    -0.354     0.451
     0.709    -0.273     0.650
     0.803    -0.124     0.582
     0.679    -0.133     0.722
     0.580    -0.444     0.682
     0.856    -0.325     0.402
     0.843    -0.289     0.453
     0.802    -0.123     0.584
     0.715     0.178     0.676
     0.889    -0.307     0.339
     0.701    -0.285     0.653
     0.833    -0.158     0.529
     0.676    -0.369     0.638
     0.810    -0.137     0.570
     0.684    -0.278     0.674
     0.820    -0.264     0.508
     0.678    -0.157     0.719
     0.775    -0.075     0.627
     0.840    -0.190     0.509
     0.741    -0.316     0.593
     0.812    -0.265     0.519
     0.828    -0.137     0.543
     0.732    -0.195     0.653
     0.822    -0.337     0.460
     0.722    -0.169     0.671
     0.724    -0.210     0.657
     0.546    -0.322     0.773
     0.685    -0.189     0.704
     0.671    -0.077     0.738
     0.818    -0.270     0.509
     0.655     0.092     0.750
     0.726    -0.223     0.650
     0.719    -0.194     0.667
     0.718    -0.207     0.664
     0.664    -0.266     0.699
     0.784     0.005     0.621
     0.844    -0.251     0.473
     0.684    -0.107     0.721
     0.735    -0.376     0.565
     0.802    -0.014     0.597
     0.837     0.004     0.548
     0.762    -0.121     0.636
     0.737    -0.151     0.658
     0.819    -0.174     0.546
     0.715    -0.201     0.670
     0.769    -0.492     0.409
     0.800    -0.248     0.547
     0.676    -0.370     0.637
     0.804    -0.040     0.593
     0.875    -0.277     0.397
     0.719    -0.197     0.667
     0.707    -0.022     0.707
     0.677    -0.345     0.650
     0.807    -0.259     0.531
     0.858    -0.112     0.501
     0.639    -0.420     0.645
     0.858    -0.274     0.434
     0.917     0.060     0.395
     0.776    -0.379     0.504
     0.852    -0.019     0.523
     0.764    -0.019     0.645
     0.850     0.108     0.515
     0.643    -0.103     0.759
     0.740    -0.259     0.621
     0.831    -0.139     0.539
     0.685    -0.218     0.696
     0.811    -0.292     0.506
     0.806    -0.182     0.563
     0.697    -0.328     0.637
     0.936    -0.117     0.332
     0.788    -0.129     0.602
     0.817    -0.139     0.559
     0.723    -0.437     0.535
     0.622    -0.296     0.725
     0.679    -0.250     0.690
     0.819    -0.233     0.525
     0.770    -0.277     0.574
     0.889    -0.065     0.454
     0.879    -0.078     0.471
     0.813    -0.239     0.531
     0.632    -0.138     0.762
     0.808    -0.321     0.493
     0.689    -0.089     0.719
     0.934    -0.274     0.228
     0.921    -0.139     0.364
     0.850    -0.394     0.349
     0.763    -0.400     0.508
     0.543    -0.227     0.809
     0.719    -0.121     0.684
     0.795     0.059     0.603
     0.780    -0.230     0.582
     0.785    -0.399     0.475
     0.711    -0.177     0.680
     0.781    -0.212     0.587
     0.752    -0.345     0.562
     0.785    -0.514     0.345
     0.614    -0.210     0.761
     0.713    -0.288     0.639
     0.760    -0.261     0.595
     0.841    -0.201     0.503
     0.738    -0.288     0.611
     0.789    -0.186     0.586
     0.854    -0.194     0.484
     0.819    -0.117     0.562
     0.767    -0.369     0.525
     0.688    -0.112     0.717
     0.723    -0.304     0.620
     0.620    -0.194     0.761
     0.788     0.040     0.615
     0.737    -0.357     0.574
     0.534    -0.282     0.797
     0.745    -0.101     0.659
     0.625    -0.023     0.780
     0.947    -0.179     0.267
     0.627    -0.408     0.663
     0.925    -0.176     0.336
     0.870    -0.198     0.451
     0.873    -0.291     0.393
     0.822    -0.420     0.383
     0.578    -0.215     0.788
     0.696    -0.264     0.668
     0.746    -0.204     0.635
     0.812    -0.011     0.584
     0.408    -0.102     0.907
     0.659    -0.238     0.714
     0.611    -0.298     0.733
     0.848    -0.368     0.382
     0.784    -0.172     0.596
     0.856    -0.279     0.434
     0.607    -0.226     0.762
     0.756    -0.095     0.647
     0.852    -0.179     0.492
     0.723    -0.399     0.564
     0.553    -0.042     0.832
     0.820    -0.111     0.562
     0.760    -0.196     0.620
     0.806    -0.260     0.531
     0.808    -0.180     0.561
     0.815    -0.390     0.428
     0.703    -0.331     0.629
     0.800    -0.344     0.491
     0.615    -0.265     0.743
     0.791    -0.127     0.599
     0.818    -0.149     0.556
     0.898    -0.181     0.402
     0.785    -0.310     0.536
     0.792    -0.023     0.610
     0.752    -0.263     0.604
     0.893    -0.328     0.309
     0.654    -0.435     0.619
     0.874     0.002     0.486
     0.865    -0.337     0.371
     0.908    -0.225     0.354
     0.751     0.111     0.651
     0.735    -0.259     0.627
     0.623     0.198     0.756
     0.770    -0.066     0.635
     0.760    -0.166     0.629
     0.701    -0.347     0.623
     0.722    -0.367     0.586
     0.811    -0.127     0.571
     0.839    -0.131     0.528
     0.648    -0.243     0.721
     0.725    -0.205     0.658
     0.859    -0.170     0.483
     0.628    -0.389     0.674
     0.715    -0.011     0.699
     0.739    -0.098     0.666
     0.657    -0.361     0.662
     0.783    -0.090     0.615
     0.647    -0.359     0.673
     0.796    -0.311     0.519
     0.745    -0.220     0.630
     0.609    -0.190     0.770
     0.686    -0.420     0.594
     0.885    -0.207     0.416
     0.784    -0.248     0.570
     0.663    -0.022     0.748
     0.864    -0.198     0.462
     0.801    -0.230     0.553
     0.904    -0.029     0.426
     0.745    -0.102     0.659
     0.788    -0.051     0.613
     0.782    -0.308     0.542
     0.758    -0.177     0.628
     0.776     0.060     0.628
     0.649    -0.538     0.538
     0.893    -0.242     0.379
     0.678    -0.077     0.731
     0.659    -0.270     0.702
     0.714    -0.461     0.527
     0.847    -0.158     0.508
     0.744    -0.327     0.582
     0.847    -0.095     0.523
     0.739    -0.150     0.656
     0.846    -0.364     0.389
     0.743    -0.361     0.563
     0.883    -0.218     0.415
     0.907    -0.275     0.319
     0.808    -0.220     0.546
     0.871    -0.224     0.437
     0.684    -0.061     0.727
     0.715    -0.179     0.676
     0.871    -0.130     0.474
     0.793    -0.254     0.553
     0.837    -0.203     0.507
     0.769    -0.104     0.630
     0.645    -0.026     0.764
     0.551    -0.373     0.747
     0.806    -0.313     0.502
     0.551    -0.530     0.644
     0.712    -0.225     0.666
     0.860    -0.139     0.491
     0.667    -0.242     0.704
     0.595    -0.066     0.801
     0.691    -0.149     0.707
     0.791    -0.350     0.502
     0.789    -0.139     0.598
     0.800    -0.014     0.599
     0.828    -0.027     0.560
     0.901    -0.199     0.387
     0.815    -0.370     0.446
     0.697    -0.061     0.715
     0.669    -0.084     0.738
     0.786    -0.517     0.339
     0.880    -0.201     0.430
     0.841    -0.114     0.528
     0.852    -0.173     0.494
     0.874    -0.051     0.483
     0.750    -0.094     0.654
     0.819    -0.090     0.566
     0.825    -0.193     0.532
     0.556    -0.412     0.722
     0.678    -0.072     0.732
     0.733    -0.254     0.632
     0.846    -0.164     0.508
     0.795    -0.303     0.526
     0.784    -0.215     0.582
     0.779     0.005     0.627
     0.776    -0.039     0.629
     0.682    -0.462     0.566
     0.682    -0.401     0.612
     0.787    -0.253     0.563
     0.814    -0.146     0.562
     0.592    -0.026     0.805
     0.671    -0.327     0.665
     0.775    -0.085     0.627
     0.719    -0.312     0.622
     0.797    -0.214     0.565
     0.770    -0.451     0.450
     0.730    -0.330     0.599
     0.761    -0.169     0.626
     0.809    -0.294     0.508
     0.824    -0.333     0.459
     0.730    -0.443     0.521
     0.709     0.001     0.705
     0.669    -0.213     0.712
     0.572    -0.111     0.813
     0.802    -0.344     0.488
     0.688    -0.186     0.702
     0.873    -0.080     0.482
     0.868    -0.320     0.379
     0.793    -0.354     0.496
     0.736    -0.112     0.667
     0.758    -0.276     0.591
     0.595    -0.265     0.759
     0.843    -0.103     0.527
     0.797    -0.169     0.580
     0.778     0.102     0.620
     0.790     0.091     0.607
     0.768     0.091     0.634
     0.687    -0.301     0.661
     0.731    -0.291     0.617
     0.810     0.064     0.583
     0.728    -0.347     0.591
     0.802    -0.279     0.528
     0.786    -0.259     0.561
     0.764    -0.145     0.628
     0.703    -0.216     0.678
     0.702    -0.299     0.646
     0.830    -0.335     0.446
     0.777    -0.411     0.476
     0.906     0.004     0.424
     0.925     0.048     0.376
     0.867    -0.126     0.482
     0.648    -0.191     0.737
     0.873    -0.191     0.449
     0.844     0.030     0.535
     0.780    -0.112     0.616
     0.735    -0.064     0.676
     0.857     0.108     0.503
     0.844    -0.326     0.426
     0.903    -0.028     0.429
     0.803    -0.382     0.458
     0.824    -0.261     0.504
     0.843    -0.249     0.476
     0.755    -0.281     0.592
     0.805    -0.249     0.538
     0.776    -0.260     0.575
     0.699     0.052     0.713
     0.746    -0.211     0.632
     0.754    -0.149     0.640
     0.850    -0.220     0.479
     0.765    -0.074     0.640
     0.885    -0.190     0.425
     0.753    -0.100     0.650
     0.843    -0.332     0.424
     0.710    -0.025     0.704
     0.533    -0.216     0.818
     0.676    -0.425     0.602
     0.739    -0.370     0.563
     0.741    -0.123     0.660
     0.667    -0.240     0.706
     0.637    -0.162     0.753
     0.686    -0.102     0.721
     0.746    -0.149     0.649
     0.745    -0.257     0.616
     0.704    -0.190     0.685
     0.766    -0.105     0.634
     0.820    -0.222     0.528
     0.652    -0.140     0.745
     0.630    -0.305     0.714
     0.643    -0.310     0.701
     0.751    -0.202     0.628
     0.842     0.034     0.538
     0.608    -0.369     0.703
     0.865    -0.441     0.238
     0.463    -0.302     0.833
     0.743    -0.063     0.666
     0.827    -0.428     0.364
     0.795    -0.284     0.536
     0.654    -0.397     0.644
     0.846    -0.218     0.487
     0.755     0.031     0.655
     0.868    -0.250     0.429
     0.654    -0.380     0.654
     0.668    -0.339     0.663
     0.786    -0.389     0.480
     0.794     0.002     0.608
     0.662    -0.105     0.742
     0.655    -0.216     0.724
     0.563    -0.137     0.815
     0.864    -0.134     0.485
     0.870    -0.363     0.333
     0.862    -0.115     0.493
     0.799    -0.141     0.584
     0.942     0.006     0.337
     0.729    -0.245     0.639
     0.911    -0.094     0.403
     0.738    -0.195     0.646
     0.824     0.080     0.561
     0.575    -0.245     0.781
     0.738    -0.187     0.648
     0.839    -0.056     0.542
     0.729    -0.318     0.606
     0.817    -0.097     0.568
     0.665    -0.410     0.624
     0.722    -0.321     0.612
     0.744    -0.297     0.599
     0.790    -0.092     0.607
     0.725    -0.205     0.658
     0.807    -0.332     0.489
     0.732    -0.107     0.673
     0.725    -0.366     0.583
     0.688    -0.118     0.716
     0.599    -0.257     0.758
     0.727    -0.123     0.675
     0.555    -0.292     0.779
     0.717    -0.211     0.664
     0.701    -0.236     0.673
     0.677    -0.055     0.734
     0.703    -0.216     0.678
     0.598    -0.096     0.796
     0.848    -0.322     0.421
     0.842    -0.345     0.415
     0.900    -0.113     0.422
     0.667    -0.348     0.659
     0.783    -0.209     0.586
     0.534    -0.138     0.834
     0.714    -0.210     0.668
     0.802    -0.201     0.563
     0.540    -0.330     0.774
     0.835    -0.065     0.546
     0.762     0.040     0.647
     0.814    -0.267     0.515
     0.806    -0.235     0.543
     0.636    -0.330     0.698
     0.677    -0.154     0.720
     0.673    -0.492     0.552
     0.762    -0.035     0.646
     0.690    -0.270     0.671
     0.866    -0.103     0.490
     0.692    -0.046     0.721
     0.732     0.022     0.681
     0.808    -0.218     0.547
     0.763    -0.288     0.579
     0.860    -0.370     0.352
     0.640    -0.219     0.736
     0.561    -0.292     0.774
     0.773    -0.287     0.565
     0.691    -0.346     0.634
     0.783    -0.284     0.554
     0.746    -0.021     0.665
     0.672    -0.093     0.735
     0.647    -0.487     0.587
     0.750    -0.317     0.581
     0.868    -0.086     0.489
     0.733    -0.250     0.633
     0.857    -0.143     0.496
     0.756    -0.190     0.627
     0.735    -0.472     0.487
     0.853    -0.004     0.522
     0.701    -0.270     0.660
     0.788    -0.299     0.538
     0.589    -0.264     0.764
     0.723    -0.316     0.615
     0.610    -0.219     0.762
     0.672    -0.270     0.689
     0.797    -0.256     0.547
     0.891    -0.360     0.277
     0.734    -0.331     0.593
     0.830    -0.214     0.515
     0.731    -0.257     0.632
     0.715    -0.136     0.686
     0.702    -0.271     0.659
     0.782    -0.282     0.556
     0.867    -0.191     0.460
     0.875     0.065     0.479
     0.750    -0.332     0.572
     0.787    -0.465     0.405
     0.725    -0.401     0.560
     0.675    -0.290     0.678
     0.854    -0.043     0.519
     0.865    -0.020     0.501
     0.822     0.069     0.566
     0.695    -0.474     0.541
     0.755    -0.612     0.237
     0.792    -0.278     0.543
     0.681    -0.149     0.717
     0.794    -0.007     0.608
     0.904    -0.005     0.427
     0.571    -0.205     0.795
     0.855     0.006     0.519
     0.780    -0.309     0.545
     0.765    -0.233     0.600
     0.751    -0.114     0.650
     0.767    -0.071     0.638
     0.776    -0.240     0.583
     0.835    -0.075     0.545
     0.522    -0.333     0.786
     0.841    -0.064     0.538
     0.675    -0.103     0.731
     0.891     0.056     0.450
     0.621    -0.262     0.739
     0.687    -0.297     0.663
     0.735    -0.288     0.614
     0.814    -0.245     0.526
     0.870    -0.278     0.407
     0.872    -0.305     0.383
     0.811    -0.154     0.564
     0.697    -0.228     0.680
     0.764    -0.058     0.642
     0.726    -0.188     0.661
     0.719     0.014     0.694
     0.797    -0.092     0.597
     0.799    -0.195     0.569
     0.762    -0.041     0.646
     0.672    -0.171     0.720
     0.775    -0.357     0.521
     0.925    -0.024     0.379
     0.803    -0.333     0.495
     0.780    -0.134     0.611
     0.814    -0.186     0.549
     0.888    -0.210     0.408
     0.937    -0.093     0.336
     0.718    -0.452     0.530
     0.699    -0.320     0.640
     0.574    -0.136     0.808
     0.768     0.049     0.639
     0.765    -0.292     0.574
     0.730    -0.360     0.581
     0.799    -0.233     0.554
     0.612    -0.024     0.790
     0.648    -0.251     0.720
     0.617    -0.188     0.764
     0.733    -0.328     0.596
     0.641    -0.208     0.739
     0.801     0.148     0.580
     0.782    -0.079     0.618
     0.633    -0.364     0.684
     0.654    -0.139     0.744
     0.854    -0.248     0.456
     0.572    -0.251     0.781
     0.766    -0.051     0.640
     0.769    -0.138     0.624
     0.662     0.003     0.749
     0.920    -0.205     0.334
     0.859    -0.069     0.507
     0.757    -0.374     0.536
     0.722    -0.313     0.617
     0.683    -0.076     0.727
     0.702    -0.368     0.610
     0.738    -0.206     0.643
     0.756    -0.216     0.617
     0.781    -0.119     0.612
     0.885    -0.047     0.464
     0.705    -0.286     0.649
     0.816    -0.406     0.412
     0.596    -0.329     0.732
     0.901    -0.168     0.399
     0.767    -0.161     0.621
     0.859    -0.237     0.454
     0.740    -0.402     0.540
     0.715    -0.460     0.527
     0.796    -0.314     0.518
     0.835    -0.280     0.474
     0.868    -0.265     0.419
     0.805    -0.101     0.585
     0.675    -0.340     0.654
     0.784    -0.116     0.610
     0.790    -0.229     0.568
     0.672    -0.363     0.645
     0.677    -0.228     0.700
     0.764    -0.345     0.546
     0.700    -0.461     0.545
     0.811    -0.190     0.553
     0.736     0.073     0.673
     0.598    -0.051     0.800
     0.820     0.063     0.569
     0.678    -0.430     0.597
     0.658    -0.470     0.588
     0.718    -0.142     0.681
     0.738    -0.127     0.663
     0.813    -0.097     0.575
     0.606     0.003     0.796
     0.855    -0.234     0.463
     0.810    -0.346     0.474
     0.832    -0.228     0.506
     0.786    -0.039     0.618
     0.713    -0.249     0.655
     0.591    -0.490     0.641
     0.829    -0.128     0.544
     0.634    -0.558     0.535
     0.841    -0.120     0.528
     0.709    -0.588     0.389
     0.807    -0.172     0.566
     0.668    -0.257     0.699
     0.772    -0.067     0.631
     0.785    -0.178     0.593
     0.854    -0.226     0.469
     0.838    -0.239     0.490
     0.936    -0.254     0.243
     0.740    -0.273     0.615
     0.681     0.195     0.706
     0.770    -0.234     0.594
     0.801    -0.208     0.562
     0.666    -0.285     0.690
     0.587    -0.267     0.764
     0.731    -0.397     0.555
     0.736    -0.124     0.665
     0.676    -0.267     0.687
     0.834    -0.081     0.547
     0.906    -0.142     0.398
     0.855    -0.112     0.505
     0.876    -0.251     0.412
     0.812    -0.407     0.418
     0.780    -0.199     0.594
     0.782    -0.266     0.564
     0.789    -0.265     0.555
     0.779    -0.417     0.468
     0.827    -0.147     0.542
     0.777    -0.151     0.611
     0.831    -0.171     0.529
     0.815    -0.172     0.553
     0.723    -0.225     0.654
     0.665    -0.182     0.725
     0.899    -0.235     0.370
     0.761    -0.100     0.641
     0.891     0.029     0.453
     0.738    -0.059     0.673
     0.578    -0.313     0.754
     0.877    -0.048     0.479
     0.827    -0.154     0.541
     0.495    -0.393     0.775
     0.838     0.152     0.524
     0.716    -0.373     0.590
     0.716    -0.051     0.697
     0.939    -0.034     0.343
     0.796    -0.345     0.497
     0.725     0.005     0.689
     0.688    -0.372     0.623
     0.714    -0.239     0.658
     0.696    -0.210     0.686
     0.763    -0.273     0.586
     0.746    -0.111     0.657
     0.777    -0.436     0.454
     0.757    -0.180     0.629
     0.494    -0.583     0.645
     0.858    -0.207     0.471
     0.624    -0.213     0.752
     0.725    -0.426     0.541
     0.621    -0.332     0.710
     0.742     0.039     0.669
     0.698    -0.272     0.662
     0.863    -0.314     0.397
     0.745    -0.235     0.624
     0.754    -0.331     0.567
     0.674    -0.033     0.738
     0.879    -0.110     0.463
     0.893    -0.226     0.389
     0.739    -0.061     0.671
     0.740    -0.167     0.652
     0.786    -0.301     0.540
     0.825     0.063     0.561
     0.740    -0.180     0.648
     0.818    -0.139     0.558
     0.896    -0.170     0.410
     0.739    -0.143     0.659
     0.637    -0.201     0.744
     0.444    -0.294     0.846
     0.846    -0.264     0.463
     0.886    -0.047     0.461
     0.734    -0.144     0.663
     0.855    -0.145     0.497
     0.707    -0.361     0.608
     0.886    -0.298     0.355
     0.897    -0.290     0.334
     0.749    -0.390     0.536
     0.720    -0.201     0.664
     0.635    -0.522     0.570
     0.767    -0.260     0.587
     0.798    -0.169     0.579
     0.734    -0.276     0.620
     0.805    -0.071     0.589
     0.594    -0.268     0.759
     0.724    -0.288     0.627
     0.848    -0.236     0.475
     0.766    -0.135     0.628
     0.718    -0.059     0.694
     0.817    -0.330     0.472
     0.556    -0.210     0.804
     0.800    -0.156     0.580
     0.792    -0.056     0.608
     0.766    -0.203     0.610
     0.828    -0.202     0.524
     0.618    -0.459     0.639
     0.812    -0.217     0.542
     0.742    -0.279     0.609
     0.717    -0.152     0.681
     0.783    -0.232     0.577
     0.570    -0.682     0.458
     0.678    -0.225     0.700
     0.716    -0.173     0.676
     0.805    -0.154     0.573
     0.780    -0.131     0.612
     0.859    -0.369     0.353
     0.810    -0.248     0.531
     0.742     0.062     0.668
     0.891    -0.089     0.444
     0.833    -0.235     0.501
     0.702    -0.462     0.542
     0.833    -0.219     0.508
     0.707    -0.241     0.665
     0.700    -0.207     0.683
     0.542    -0.561     0.626
     0.860    -0.227     0.457
     0.863    -0.159     0.480
     0.794    -0.067     0.604
     0.705    -0.114     0.700
     0.724    -0.064     0.687
     0.692    -0.203     0.693
     0.629    -0.170     0.759
     0.697    -0.106     0.709
     0.728    -0.291     0.621
     0.674    -0.172     0.719
     0.708    -0.308     0.636
     0.678    -0.056     0.733
     0.837    -0.185     0.515
     0.756    -0.201     0.623
     0.841    -0.242     0.484
     0.905    -0.191     0.380
     0.413    -0.505     0.758
     0.556    -0.255     0.791
     0.733    -0.255     0.630
     0.765    -0.183     0.618
     0.502    -0.476     0.722
     0.767    -0.140     0.626
     0.729     0.036     0.684
     0.820    -0.251     0.515
     0.803     0.141     0.579
     0.701    -0.373     0.608
     0.750    -0.256     0.610
     0.586    -0.386     0.713
     0.824    -0.162     0.544
     0.679     0.041     0.733
     0.809     0.073     0.584
     0.870    -0.119     0.479
     0.729    -0.209     0.652
     0.758    -0.330     0.563
     0.592    -0.365     0.719
     0.868     0.011     0.497
     0.876    -0.237     0.419
     0.683    -0.138     0.718
     0.822    -0.021     0.570
     0.719    -0.063     0.692
     0.790    -0.345     0.506
     0.616    -0.044     0.786
     0.804    -0.077     0.590
     0.671     0.049     0.740
     0.855    -0.060     0.515
     0.709    -0.173     0.684
     0.861    -0.100     0.499
     0.757    -0.077     0.649
     0.801    -0.091     0.592
     0.739    -0.463     0.489
     0.777    -0.144     0.613
     0.919     0.158     0.361
     0.624    -0.177     0.761
     0.680    -0.286     0.674
     0.832    -0.206     0.515
     0.775    -0.198     0.600
     0.806    -0.188     0.561
     0.690    -0.183     0.700
     0.680    -0.396     0.617
     0.731    -0.277     0.623
     0.725    -0.239     0.646
     0.745     0.042     0.666
     0.727    -0.315     0.609
     0.732    -0.110     0.672
     0.762    -0.245     0.599
     0.774    -0.424     0.471
     0.868     0.078     0.490
     0.670     0.144     0.728
     0.696    -0.284     0.660
     0.753    -0.194     0.629
     0.823    -0.261     0.504
     0.681    -0.250     0.688
     0.752     0.113     0.649
     0.640     0.031     0.767
     0.858    -0.419     0.298
     0.843    -0.394     0.366
     0.807    -0.061     0.587
     0.817     0.015     0.576
     0.775    -0.240     0.585
     0.822    -0.277     0.497
     0.760    -0.334     0.557
     0.725    -0.295     0.622
     0.693    -0.570     0.441
     0.596    -0.506     0.624
     0.862    -0.224     0.456
     0.903    -0.066     0.425
     0.766    -0.244     0.595
     0.836    -0.210     0.507
     0.665    -0.488     0.565
     0.865    -0.111     0.489
     0.693    -0.194     0.695
     0.876     0.096     0.472
     0.785    -0.109     0.609
     0.687    -0.369     0.626
     0.912    -0.158     0.379
     0.746    -0.335     0.576
     0.733    -0.180     0.656
     0.801    -0.335     0.497
     0.608    -0.221     0.762
     0.703    -0.333     0.628
     0.720    -0.356     0.595
     0.713    -0.211     0.669
     0.669    -0.201     0.715
     0.677    -0.314     0.666
     0.865    -0.281     0.416
     0.812    -0.255     0.525
     0.751    -0.371     0.547
     0.843     0.035     0.536
     0.536    -0.313     0.784
     0.788    -0.165     0.594
     0.680    -0.258     0.687
     0.411    -0.150     0.899
     0.522    -0.126     0.843
     0.773    -0.030     0.634
     0.927    -0.257     0.273
     0.766    -0.215     0.606
     0.766    -0.310     0.564
     0.753     0.076     0.653
     0.641    -0.350     0.683
     0.741    -0.235     0.629
     0.714    -0.335     0.614
     0.852    -0.148     0.502
     0.699    -0.350     0.623
     0.623    -0.311     0.718
     0.813    -0.006     0.583
     0.803    -0.255     0.538
     0.770    -0.290     0.569
     0.789    -0.353     0.503
     0.779    -0.388     0.493
     0.710     0.022     0.704
     0.808    -0.157     0.568
     0.734    -0.238     0.637
     0.785    -0.214     0.582
     0.767    -0.156     0.622
     0.782    -0.314     0.538
     0.771    -0.163     0.616
     0.680    -0.184     0.710
     0.868    -0.112     0.484
     0.654    -0.427     0.624
     0.699    -0.201     0.687
     0.743    -0.220     0.632
     0.737    -0.379     0.559
     0.816    -0.338     0.468
     0.710    -0.324     0.625
     0.763    -0.310     0.567
     0.525    -0.356     0.773
     0.785    -0.222     0.578
     0.863    -0.309     0.401
     0.953     0.023     0.303
     0.646    -0.391     0.655
     0.781    -0.187     0.596
     0.757    -0.217     0.616
     0.729    -0.128     0.672
     0.803    -0.293     0.519
     0.641    -0.015     0.767
     0.872    -0.159     0.463
     0.775    -0.245     0.583
     0.758    -0.148     0.636
     0.704    -0.209     0.679
     0.526    -0.198     0.827
     0.877    -0.108     0.468
     0.749     0.057     0.660
     0.707     0.061     0.704
     0.888    -0.108     0.446
     0.650    -0.224     0.727
     0.725    -0.162     0.669
     0.748    -0.316     0.583
     0.762    -0.207     0.613
     0.615    -0.405     0.677
     0.777    -0.015     0.629
     0.662    -0.500     0.559
     0.877    -0.190     0.442
     0.809    -0.089     0.582
     0.700    -0.075     0.710
     0.716    -0.163     0.679
     0.803    -0.195     0.563
     0.854    -0.190     0.484
     0.651    -0.340     0.679
     0.652    -0.342     0.676
     0.777    -0.303     0.552
     0.589    -0.235     0.773
     0.844    -0.322     0.429
     0.785    -0.010     0.620
     0.642    -0.182     0.745
     0.752    -0.253     0.609
     0.824    -0.209     0.527
     0.849    -0.096     0.519
     0.923    -0.058     0.382
     0.657    -0.142     0.741
     0.855    -0.121     0.504
     0.745    -0.178     0.643
     0.618    -0.126     0.776
     0.651    -0.278     0.706
     0.785    -0.439     0.436
     0.801    -0.387     0.457
     0.712    -0.157     0.684
     0.859    -0.245     0.450
     0.703    -0.393     0.592
     0.696    -0.422     0.582
     0.829     0.002     0.560
     0.863    -0.193     0.467
     0.860    -0.298     0.415
     0.729     0.017     0.684
     0.527    -0.295     0.797
     0.707    -0.236     0.667
     0.718    -0.317     0.620
     0.775    -0.229     0.589
     0.621    -0.105     0.777
     0.765    -0.055     0.641
     0.692    -0.407     0.596
     0.899    -0.200     0.388
     0.590    -0.328     0.738
     0.481    -0.289     0.828
     0.770    -0.020     0.638
     0.625    -0.311     0.716
     0.748    -0.361     0.557
     0.744    -0.335     0.578
     0.778    -0.301     0.552
     0.746    -0.467     0.476
     0.823    -0.319     0.469
     0.867    -0.104     0.487
     0.730    -0.111     0.675
     0.715    -0.542     0.441
     0.716    -0.211     0.665
     0.888    -0.005     0.460
     0.755     0.003     0.656
     0.625    -0.099     0.774
     0.789    -0.163     0.593
     0.770     0.170     0.615
     0.743    -0.070     0.666
     0.808    -0.209     0.551
     0.571    -0.239     0.786
     0.794    -0.272     0.544
     0.836    -0.305     0.456
     0.767    -0.314     0.560
     0.812    -0.170     0.558
     0.743    -0.204     0.637
     0.845    -0.258     0.469
     0.730    -0.023     0.683
     0.689    -0.126     0.714
     0.725    -0.367     0.583
     0.717    -0.301     0.629
     0.624    -0.389     0.678
     0.786    -0.156     0.599
     0.751    -0.187     0.634
     0.773    -0.339     0.536
     0.698    -0.369     0.614
     0.783    -0.026     0.621
     0.745    -0.340     0.574
     0.706    -0.008     0.708
     0.848    -0.171     0.501
     0.653    -0.247     0.716
     0.842    -0.244     0.480
     0.794    -0.332     0.510
     0.880    -0.194     0.434
     0.768    -0.398     0.502
     0.823    -0.194     0.533
     0.854    -0.214     0.475
     0.716    -0.158     0.681
     0.639    -0.387     0.665
     0.774    -0.279     0.568
     0.756    -0.065     0.651
     0.809    -0.308     0.500
     0.820    -0.091     0.565
     0.765    -0.322     0.558
     0.768    -0.071     0.636
     0.807    -0.204     0.554
     0.729    -0.187     0.659
     0.606     0.029     0.795
     0.709    -0.050     0.703
     0.661    -0.332     0.673
     0.810     0.024     0.586
     0.731    -0.320     0.602
     0.651    -0.100     0.753
     0.587    -0.220     0.779
     0.915    -0.168     0.367
     0.645    -0.333     0.688
     0.845    -0.296     0.446
     0.840    -0.258     0.478
     0.820     0.045     0.571
     0.730    -0.297     0.615
     0.693    -0.340     0.636
     0.729    -0.149     0.669
     0.729    -0.455     0.510
     0.715    -0.201     0.670
     0.796     0.039     0.604
     0.666    -0.017     0.746
     0.792    -0.338     0.509
     0.708    -0.469     0.528
     0.747    -0.015     0.664
     0.664    -0.101     0.741
     0.673    -0.378     0.636
     0.642    -0.497     0.584
     0.687    -0.284     0.669
     0.759    -0.319     0.567
     0.722    -0.209     0.660
     0.703    -0.113     0.702
     0.771     0.025     0.637
     0.747    -0.146     0.649
     0.571    -0.402     0.715
     0.777    -0.146     0.612
     0.804    -0.209     0.557
     0.712    -0.145     0.687
     0.766    -0.270     0.584
     0.831     0.012     0.556
     0.568    -0.236     0.789
     0.688    -0.198     0.698
     0.677    -0.424     0.602
     0.822    -0.363     0.439
     0.856    -0.275     0.439
     0.802    -0.107     0.587
     0.809    -0.055     0.585
     0.707    -0.324     0.629
     0.679    -0.160     0.717
     0.550    -0.386     0.741
     0.876    -0.318     0.363
     0.804    -0.210     0.556
     0.763    -0.217     0.609
     0.816    -0.322     0.481
     0.667    -0.363     0.650
     0.569    -0.220     0.793
     0.724    -0.435     0.535
     0.540    -0.105     0.835
     0.773    -0.062     0.631
     0.809    -0.347     0.474
     0.889    -0.119     0.441
     0.668    -0.475     0.573
     0.710    -0.407     0.575
     0.787    -0.354     0.505
     0.603    -0.218     0.767
     0.734    -0.071     0.675
     0.704    -0.101     0.703
     0.649    -0.169     0.742
     0.771    -0.230     0.594
     0.704    -0.073     0.706
     0.665    -0.218     0.714
     0.758    -0.267     0.596
     0.858    -0.280     0.431
     0.785    -0.400     0.473
     0.619    -0.347     0.705
     0.700    -0.216     0.681
     0.788    -0.299     0.538
     0.888    -0.162     0.430
     0.724    -0.335     0.603
     0.780    -0.256     0.571
     0.668    -0.074     0.741
     0.701    -0.435     0.565
     0.714    -0.261     0.650
     0.745    -0.421     0.518
     0.668    -0.331     0.666
     0.895    -0.211     0.393
     0.892    -0.063     0.448
     0.709    -0.210     0.673
     0.921    -0.159     0.354
     0.723    -0.049     0.689
     0.833    -0.141     0.535
     0.742    -0.173     0.647
     0.905     0.141     0.401
     0.664    -0.323     0.674
     0.749    -0.176     0.639
     0.829    -0.078     0.555
     0.745    -0.296     0.598
     0.747    -0.238     0.621
     0.823    -0.035     0.567
     0.787    -0.354     0.506
     0.730    -0.264     0.630
     0.810    -0.193     0.554
     0.720    -0.290     0.631
     0.799    -0.316     0.513
     0.822    -0.245     0.515
     0.659    -0.074     0.748
     0.901    -0.021     0.434
     0.815    -0.171     0.553
     0.750    -0.015     0.662
     0.795    -0.117     0.595
     0.777    -0.106     0.621
     0.644    -0.235     0.728
     0.619     0.033     0.784
     0.645    -0.068     0.761
     0.689    -0.307     0.657
     0.624    -0.182     0.760
     0.855    -0.046     0.517
     0.849    -0.141     0.510
     0.803    -0.153     0.575
     0.766    -0.215     0.606
     0.813     0.047     0.580
     0.793     0.169     0.586
     0.787    -0.368     0.496
     0.677    -0.379     0.631
     0.886    -0.040     0.462
     0.783    -0.243     0.572
     0.712    -0.075     0.698
     0.664    -0.163     0.730
     0.712    -0.280     0.644
     0.747    -0.173     0.642
     0.843    -0.028     0.538
     0.732    -0.248     0.634
     0.645    -0.172     0.745
     0.798    -0.112     0.593
     0.726    -0.329     0.604
     0.769    -0.290     0.570
     0.771    -0.231     0.594
     0.664     0.027     0.748
     0.704    -0.177     0.688
     0.825    -0.415     0.384
     0.846    -0.204     0.493
     0.823    -0.198     0.533
     0.793    -0.034     0.608
     0.825    -0.077     0.560
     0.742    -0.186     0.644
     0.807    -0.084     0.584
     0.683    -0.208     0.700
     0.812    -0.217     0.542
     0.466    -0.372     0.803
     0.643    -0.396     0.655
     0.880    -0.136     0.456
     0.749    -0.067     0.659
     0.738    -0.237     0.632
     0.702    -0.293     0.649
     0.711    -0.496     0.498
     0.696    -0.341     0.632
     0.751    -0.145     0.644
     0.790    -0.113     0.603
     0.777    -0.083     0.624
     0.649    -0.234     0.724
     0.833    -0.186     0.521
     0.743    -0.136     0.655
     0.679    -0.302     0.669
     0.638    -0.296     0.711
     0.619    -0.364     0.695
     0.615    -0.287     0.735
     0.760    -0.315     0.568
     0.740    -0.258     0.621
     0.650    -0.322     0.688
     0.635    -0.179     0.752
     0.807    -0.339     0.484
     0.788     0.030     0.615
     0.860    -0.298     0.414
     0.799    -0.328     0.504
     0.876    -0.260     0.406
     0.853    -0.257     0.453
     0.855     0.091     0.511
     0.642    -0.339     0.687
     0.746    -0.288     0.600
     0.892    -0.112     0.439
     0.639    -0.228     0.735
     0.832    -0.136     0.538
     0.631    -0.303     0.714
     0.749    -0.298     0.592
     0.873    -0.045     0.485
     0.642    -0.385     0.663
     0.545    -0.102     0.832
     0.770    -0.173     0.614
     0.659    -0.166     0.734
     0.626    -0.412     0.662
     0.657    -0.303     0.691
     0.686    -0.215     0.695
     0.817    -0.213     0.536
     0.625    -0.419     0.659
     0.727    -0.156     0.669
     0.811    -0.136     0.569
     0.749    -0.202     0.631
     0.752    -0.015     0.659
     0.907    -0.006     0.420
     0.730     0.075     0.680
     0.713    -0.031     0.700
     0.627     0.229     0.744
     0.805    -0.247     0.539
     0.783    -0.088     0.615
     0.770    -0.369     0.521
     0.782    -0.237     0.577
     0.656    -0.313     0.687
     0.773    -0.042     0.633
     0.686    -0.280     0.671
     0.758    -0.201     0.621
     0.660    -0.531     0.531
     0.842    -0.224     0.491
     0.852    -0.319     0.415
     0.749    -0.019     0.662
     0.619    -0.021     0.785
     0.730    -0.113     0.674
     0.711    -0.277     0.647
     0.698    -0.273     0.662
     0.729    -0.103     0.676
     0.807    -0.207     0.554
     0.788    -0.408     0.462
     0.748    -0.245     0.617
     0.705    -0.101     0.702
     0.787    -0.190     0.587
     0.892    -0.354     0.282
     0.851    -0.174     0.496
     0.807    -0.114     0.580
     0.890    -0.307     0.336
     0.650    -0.037     0.759
     0.814    -0.004     0.581
     0.802    -0.257     0.540
     0.680    -0.279     0.678
     0.741    -0.089     0.666
     0.857    -0.017     0.514
     0.827    -0.145     0.543
     0.854    -0.319     0.411
     0.771    -0.209     0.601
     0.685    -0.185     0.704
     0.672    -0.265     0.691
     0.684    -0.281     0.673
     0.807    -0.068     0.587
     0.785    -0.097     0.612
     0.725    -0.379     0.575
     0.605    -0.320     0.729
     0.587    -0.219     0.780
     0.813    -0.219     0.540
     0.667    -0.161     0.727
     0.846    -0.189     0.498
     0.781    -0.283     0.557
     0.600    -0.257     0.757
     0.767    -0.213     0.605
     0.851    -0.238     0.468
     0.837    -0.139     0.529
     0.799    -0.053     0.599
     0.828    -0.142     0.542
     0.782    -0.144     0.606
     0.632    -0.254     0.732
     0.765    -0.353     0.538
     0.719    -0.407     0.564
     0.649    -0.202     0.733
     0.776    -0.006     0.631
     0.737    -0.361     0.572
     0.818    -0.140     0.557
     0.714    -0.248     0.655
     0.950    -0.087     0.298
     0.902    -0.212     0.376
     0.681    -0.325     0.656
     0.868     0.131     0.480
     0.709    -0.206     0.674
     0.655    -0.196     0.730
     0.754    -0.097     0.650
     0.825    -0.211     0.524
     0.769    -0.153     0.621
     0.791    -0.141     0.596
     0.763     0.087     0.641
     0.733    -0.140     0.666
     0.778    -0.073     0.623
     0.711     0.014     0.703
     0.862    -0.222     0.456
     0.744    -0.198     0.638
     0.918    -0.062     0.392
     0.664    -0.314     0.679
     0.706    -0.206     0.678
     0.715    -0.234     0.659
     0.736     0.145     0.661
     0.585    -0.449     0.675
     0.782    -0.322     0.533
     0.692    -0.222     0.687
     0.578    -0.270     0.770
     0.789    -0.118     0.603
     0.720    -0.215     0.660
     0.705    -0.152     0.693
     0.771    -0.292     0.566
     0.785    -0.122     0.608
     0.743    -0.288     0.604
     0.812    -0.266     0.520
     0.793    -0.141     0.593
     0.675    -0.294     0.676
     0.723    -0.151     0.675
     0.701    -0.447     0.555
     0.781    -0.106     0.615
     0.722    -0.072     0.688
     0.881    -0.002     0.472
     0.770    -0.157     0.619
     0.713    -0.302     0.633
     0.668    -0.272     0.693
     0.837     0.010     0.548
     0.936    -0.182     0.300
     0.749    -0.501     0.433
     0.818    -0.356     0.452
     0.850    -0.203     0.486
     0.732    -0.170     0.660
     0.664    -0.075     0.744
     0.919    -0.237     0.316
     0.785    -0.136     0.604
     0.703    -0.242     0.668
     0.807    -0.066     0.587
     0.745    -0.249     0.619
     0.784    -0.367     0.501
     0.783    -0.197     0.589
     0.664    -0.228     0.712
     0.740    -0.317     0.593
     0.747    -0.311     0.587
     0.764    -0.300     0.572
     0.847    -0.154     0.509
     0.815    -0.118     0.568
     0.565    -0.257     0.784
     0.721    -0.119     0.683
     0.755    -0.237     0.612
     0.760    -0.381     0.527
     0.789    -0.175     0.589
     0.654    -0.160     0.739
     0.736    -0.053     0.675
     0.756    -0.446     0.478
     0.886    -0.054     0.461
     0.759    -0.245     0.603
     0.713    -0.318     0.625
     0.686    -0.137     0.715
     0.763    -0.053     0.644
     0.890    -0.120     0.439
     0.853    -0.265     0.449
     0.614    -0.232     0.755
     0.814    -0.310     0.492
     0.739    -0.210     0.640
     0.744    -0.090     0.662
     0.625    -0.231     0.745
     0.712    -0.356     0.605
     0.904    -0.327     0.277
     0.878     0.041     0.477
     0.775    -0.124     0.619
     0.714    -0.410     0.567
     0.923    -0.245     0.296
     0.652    -0.240     0.719
     0.843    -0.279     0.461
     0.737    -0.279     0.615
     0.781     0.119     0.613
     0.754    -0.105     0.649
     0.797    -0.133     0.589
     0.699    -0.429     0.572
     0.777    -0.306     0.549
     0.918    -0.124     0.376
     0.652    -0.340     0.678
     0.732    -0.159     0.663
     0.802    -0.307     0.513
     0.708    -0.130     0.694
     0.843    -0.352     0.407
     0.828     0.024     0.561
     0.741    -0.254     0.622
     0.741    -0.140     0.657
     0.689    -0.303     0.658
     0.595    -0.447     0.668
     0.760    -0.265     0.593
     0.616    -0.551     0.562
     0.769     0.212     0.603
     0.713    -0.363     0.600
     0.572    -0.364     0.735
     0.712    -0.209     0.670
     0.620    -0.337     0.708
     0.783    -0.247     0.571
     0.661    -0.227     0.715
     0.672    -0.395     0.626
     0.655    -0.201     0.728
     0.754    -0.181     0.632
     0.662    -0.440     0.607
     0.767    -0.303     0.566
     0.797    -0.360     0.485
     0.762    -0.060     0.645
     0.684    -0.219     0.696
     0.563    -0.445     0.696
     0.709    -0.239     0.664
     0.835    -0.304     0.459
     0.827     0.021     0.562
     0.664    -0.163     0.730
     0.743    -0.160     0.649
     0.704    -0.067     0.707
     0.747    -0.256     0.614
     0.637    -0.013     0.771
     0.897    -0.176     0.405
     0.734    -0.154     0.662
     0.703    -0.248     0.666
     0.870    -0.034     0.492
     0.709    -0.374     0.599
     0.858    -0.118     0.500
     0.613    -0.228     0.757
     0.824    -0.176     0.538
     0.856     0.043     0.515
     0.719     0.138     0.681
     0.658    -0.169     0.734
     0.774    -0.124     0.621
     0.800    -0.159     0.578
     0.766    -0.324     0.555
     0.758    -0.280     0.590
     0.893    -0.103     0.438
     0.818    -0.207     0.537
     0.662    -0.292     0.690
     0.725    -0.340     0.599
     0.826    -0.177     0.535
     0.797    -0.053     0.601
     0.703    -0.443     0.557
     0.819    -0.227     0.527
     0.793    -0.259     0.551
     0.818    -0.380     0.431
     0.614    -0.359     0.703
     0.872    -0.204     0.444
     0.777    -0.165     0.607
     0.600    -0.338     0.725
     0.921    -0.087     0.380
     0.749    -0.040     0.661
     0.819     0.027     0.573
     0.675    -0.383     0.630
     0.810    -0.229     0.540
     0.657    -0.315     0.685
     0.876    -0.339     0.342
     0.774    -0.149     0.615
     0.713    -0.305     0.631
     0.615    -0.293     0.732
     0.682    -0.189     0.707
     0.771    -0.359     0.526
     0.797    -0.422     0.431
     0.813    -0.190     0.551
     0.912    -0.118     0.393
     0.800    -0.103     0.591
     0.902    -0.088     0.423
     0.731    -0.092     0.677
     0.834    -0.322     0.448
     0.864     0.061     0.500
     0.732    -0.217     0.646
     0.814    -0.226     0.535
     0.701    -0.363     0.614
     0.834    -0.015     0.552
     0.641    -0.274     0.717
     0.821    -0.215     0.530
     0.761     0.089     0.643
     0.793    -0.144     0.592
     0.657    -0.448     0.607
     0.759    -0.008     0.651
     0.817    -0.225     0.530
     0.843    -0.249     0.476
     0.914    -0.069     0.400
     0.659    -0.126     0.742
     0.572    -0.015     0.820
     0.824    -0.264     0.501
     0.750    -0.206     0.629
     0.748    -0.198     0.634
     0.811     0.022     0.585
     0.692    -0.286     0.663
     0.720    -0.191     0.667
     0.810    -0.289     0.511
     0.706    -0.208     0.677
     0.864    -0.331     0.379
     0.642    -0.104     0.759
     0.893    -0.159     0.421
     0.745    -0.377     0.551
     0.511    -0.273     0.815
     0.748    -0.172     0.641
     0.884    -0.384     0.266
     0.724    -0.276     0.632
     0.765    -0.273     0.583
     0.783    -0.428     0.452
     0.699    -0.035     0.714
     0.870    -0.336     0.361
     0.883    -0.396     0.250
     0.664    -0.344     0.664
     0.796    -0.146     0.587
     0.891    -0.241     0.385
     0.629    -0.068     0.774
     0.695    -0.101     0.712
     0.812    -0.320     0.488
     0.595    -0.236     0.769
     0.859    -0.116     0.498
     0.743    -0.202     0.638
     0.689    -0.510     0.515
     0.878    -0.298     0.376
     0.763    -0.079     0.641
     0.782    -0.282     0.555
     0.813    -0.275     0.513
     0.728    -0.289     0.622
     0.786    -0.145     0.602
     0.693    -0.392     0.605
     0.649    -0.240     0.722
     0.699    -0.269     0.662
     0.777    -0.198     0.598
     0.521    -0.119     0.845
     0.815     0.077     0.574
     0.495    -0.284     0.821
     0.860    -0.260     0.439
     0.578    -0.032     0.816
     0.807    -0.126     0.577
     0.721    -0.059     0.691
     0.810    -0.062     0.584
     0.843    -0.002     0.538
     0.906    -0.165     0.389
     0.805    -0.207     0.556
     0.784    -0.003     0.620
     0.744    -0.307     0.594
     0.715    -0.211     0.666
     0.759    -0.387     0.523
     0.723    -0.142     0.676
     0.748    -0.407     0.525
     0.748    -0.103     0.656
     0.873    -0.200     0.444
     0.670    -0.094     0.736
     0.863    -0.137     0.487
     0.794    -0.313     0.520
     0.853    -0.098     0.513
     0.617    -0.451     0.645
     0.779    -0.017     0.626
     0.787    -0.112     0.607
     0.882    -0.171     0.439
     0.853    -0.135     0.504
     0.746    -0.145     0.650
     0.818    -0.098     0.567
     0.715     0.006     0.699
     0.680    -0.203     0.705
     0.782     0.047     0.622
     0.719    -0.221     0.659
     0.845    -0.032     0.534
     0.764    -0.246     0.596
     0.617    -0.303     0.726
     0.735    -0.331     0.591
     0.751    -0.315     0.581
     0.864    -0.135     0.486
     0.846     0.081     0.527
     0.691    -0.077     0.719
     0.824    -0.354     0.443
     0.858    -0.144     0.493
     0.871    -0.061     0.487
     0.633    -0.157     0.758
     0.819    -0.310     0.483
     0.422    -0.540     0.729
     0.790    -0.410     0.455
     0.600    -0.188     0.778
     0.887     0.053     0.458
     0.720    -0.027     0.693
     0.816    -0.244     0.524
     0.564    -0.205     0.800
     0.700    -0.247     0.671
     0.769    -0.333     0.545
     0.817    -0.231     0.528
     0.895    -0.134     0.424
     0.751    -0.274     0.601
     0.864     0.001     0.503
     0.733    -0.195     0.651
     0.724    -0.127     0.678
     0.660    -0.354     0.662
     0.527    -0.333     0.782
     0.789    -0.062     0.611
     0.556    -0.326     0.765
     0.696    -0.097     0.711
     0.783    -0.174     0.597
     0.876    -0.160     0.456
     0.823    -0.145     0.549
     0.732    -0.114     0.672
     0.754    -0.201     0.626
     0.830    -0.037     0.556
     0.787    -0.061     0.614
     0.753    -0.247     0.610
     0.789    -0.352     0.504
     0.892    -0.061     0.448
     0.608    -0.288     0.740
     0.761    -0.129     0.635
     0.723     0.020     0.691
     0.777    -0.076     0.624
     0.799    -0.208     0.565
     0.795    -0.298     0.528
     0.890    -0.134     0.435
     0.792    -0.214     0.572
     0.602    -0.326     0.729
     0.834    -0.049     0.549
     0.676    -0.511     0.531
     0.642    -0.289     0.710
     0.646     0.057     0.761
     0.627    -0.186     0.756
     0.615    -0.172     0.770
     0.684    -0.200     0.702
     0.601    -0.052     0.798
     0.782    -0.134     0.608
     0.722    -0.163     0.672
     0.703    -0.346     0.621
     0.798    -0.051     0.600
     0.727    -0.344     0.594
     0.624    -0.259     0.737
     0.703    -0.235     0.672
     0.867    -0.003     0.499
     0.793    -0.117     0.598
     0.788    -0.181     0.589
     0.813    -0.222     0.538
     0.840    -0.106     0.531
     0.751    -0.363     0.552
     0.832    -0.124     0.541
