     0.658    -0.029     0.753
     0.316    -0.371     0.873
     0.045    -0.355     0.934
     0.704    -0.485     0.519
     0.554    -0.475     0.684
     0.660    -0.455     0.598
     0.567    -0.300     0.767
     0.641    -0.767     0.021
     0.358    -0.543     0.760
     0.019    -0.157     0.987
     0.763    -0.264     0.590
     0.704    -0.307     0.641
     0.598    -0.504     0.623
     0.076    -0.859     0.506
     0.650    -0.305     0.696
     0.170    -0.816     0.553
     0.554    -0.624     0.551
     0.126    -0.642     0.756
     0.186    -0.561     0.806
     0.437    -0.269     0.858
     0.494    -0.248     0.833
     0.188    -0.283     0.940
     0.303    -0.226     0.926
     0.341    -0.176     0.923
     0.017    -0.474     0.880
     0.386    -0.408     0.828
     0.400    -0.282     0.872
     0.349    -0.262     0.900
     0.205    -0.653     0.729
     0.731    -0.485     0.480
     0.431    -0.355     0.830
     0.421    -0.316     0.850
     0.670    -0.152     0.727
     0.503    -0.767     0.398
     0.458    -0.496     0.738
     0.079    -0.602     0.795
     0.169    -0.734     0.658
     0.271    -0.779     0.565
     0.104    -0.699     0.708
     0.133    -0.202     0.970
     0.659    -0.155     0.736
     0.849    -0.057     0.525
     0.278    -0.601     0.750
     0.640    -0.377     0.670
     0.458    -0.656     0.600
     0.165    -0.097     0.982
     0.730    -0.442     0.521
     0.325    -0.487     0.810
     0.672    -0.548     0.498
     0.572    -0.218     0.791
     0.455    -0.473     0.755
     0.471    -0.395     0.789
     0.588    -0.301     0.751
     0.673    -0.666     0.321
     0.442    -0.378     0.813
     0.452    -0.144     0.880
     0.208    -0.385     0.899
     0.567    -0.185     0.803
     0.697    -0.171     0.697
     0.404    -0.704     0.584
    -0.073    -0.440     0.895
     0.270    -0.143     0.952
     0.565    -0.258     0.784
     0.739    -0.544     0.397
     0.175    -0.722     0.669
     0.637    -0.089     0.766
     0.526    -0.249     0.814
     0.275    -0.225     0.935
     0.153    -0.432     0.889
     0.238    -0.234     0.943
     0.458    -0.452     0.766
     0.310    -0.430     0.848
     0.348    -0.205     0.915
     0.464    -0.522     0.716
     0.508    -0.209     0.836
     0.357    -0.564     0.744
     0.500    -0.390     0.773
     0.027    -0.545     0.838
     0.358    -0.145     0.922
     0.288    -0.584     0.759
     0.709    -0.557     0.433
     0.534    -0.808     0.250
     0.100    -0.315     0.944
     0.353    -0.710     0.610
     0.437    -0.778     0.451
     0.731    -0.264     0.629
     0.519    -0.356     0.777
     0.327    -0.320     0.889
     0.221    -0.518     0.826
     0.512    -0.107     0.852
     0.768     0.254     0.588
     0.585    -0.715     0.384
     0.373    -0.139     0.917
     0.479    -0.614     0.627
     0.462    -0.285     0.840
     0.590    -0.492     0.640
     0.147    -0.642     0.752
     0.417    -0.447     0.791
     0.326    -0.073     0.943
     0.283    -0.256     0.924
     0.534    -0.677     0.506
     0.589    -0.249     0.769
     0.250    -0.024     0.968
     0.392    -0.602     0.696
     0.819    -0.143     0.555
     0.801    -0.295     0.521
     0.499    -0.113     0.859
     0.449    -0.808     0.382
     0.291    -0.561     0.775
     0.303    -0.421     0.855
    -0.037    -0.204     0.978
     0.287    -0.281     0.916
     0.035    -0.476     0.879
     0.012    -0.368     0.930
     0.135    -0.866     0.482
     0.321     0.118     0.940
     0.299    -0.556     0.776
     0.520    -0.584     0.623
     0.348     0.012     0.937
     0.492    -0.283     0.824
     0.599    -0.530     0.600
     0.652    -0.513     0.558
     0.111    -0.333     0.937
     0.497    -0.420     0.759
     0.246    -0.739     0.627
     0.386    -0.253     0.887
     0.441    -0.076     0.894
     0.342    -0.462     0.818
     0.937    -0.110     0.332
     0.750    -0.440     0.493
     0.448    -0.384     0.807
     0.208    -0.641     0.739
     0.855    -0.231     0.465
     0.535    -0.247     0.808
     0.202    -0.333     0.921
     0.652    -0.352     0.672
     0.646    -0.452     0.615
     0.540    -0.723     0.431
     0.638    -0.340     0.691
     0.609    -0.728     0.316
     0.416    -0.472     0.777
     0.482    -0.088     0.872
     0.550     0.032     0.835
     0.885     0.065     0.461
     0.599    -0.160     0.785
     0.236    -0.116     0.965
     0.279    -0.622     0.731
     0.048    -0.662     0.748
     0.467    -0.501     0.728
    -0.028     0.095     0.995
     0.143    -0.469     0.872
     0.633    -0.441     0.637
     0.361    -0.611     0.704
     0.406     0.224     0.886
     0.986    -0.142     0.092
     0.591    -0.631     0.503
     0.371    -0.494     0.786
     0.744    -0.338     0.576
     0.466     0.155     0.871
     0.103    -0.313     0.944
     0.200    -0.460     0.865
     0.749     0.167     0.641
     0.639    -0.152     0.754
     0.443    -0.402     0.801
     0.669    -0.607     0.429
     0.309    -0.518     0.798
     0.308    -0.266     0.913
     0.448    -0.272     0.852
     0.314    -0.749     0.583
     0.506    -0.247     0.827
     0.482    -0.433     0.762
     0.466    -0.723     0.510
     0.295    -0.462     0.836
     0.464    -0.833     0.302
     0.260     0.375     0.890
     0.136    -0.479     0.867
    -0.089    -0.046     0.995
     0.394    -0.346     0.851
     0.440    -0.582     0.684
     0.522    -0.524     0.673
     0.336    -0.456     0.824
     0.253    -0.380     0.890
     0.032    -0.150     0.988
     0.406    -0.364     0.838
     0.098    -0.573     0.814
     0.465    -0.253     0.849
     0.578    -0.453     0.679
     0.028    -0.467     0.884
     0.492    -0.233     0.839
     0.206    -0.594     0.778
     0.585    -0.479     0.655
     0.180    -0.682     0.709
     0.569    -0.191     0.800
     0.466     0.013     0.885
     0.708    -0.567     0.421
     0.732    -0.391     0.558
     0.611    -0.461     0.643
     0.326    -0.620     0.714
     0.184    -0.447     0.875
     0.590    -0.663     0.461
     0.674    -0.549     0.494
     0.739    -0.389     0.550
    -0.101    -0.401     0.910
     0.365    -0.602     0.710
     0.470    -0.360     0.806
     0.180    -0.540     0.822
     0.514    -0.680     0.523
     0.512    -0.653     0.559
     0.012    -0.575     0.818
     0.326    -0.075     0.942
     0.236    -0.495     0.836
     0.406    -0.160     0.900
     0.589    -0.304     0.749
     0.516     0.020     0.856
     0.362    -0.327     0.873
     0.749    -0.270     0.605
     0.146    -0.499     0.855
     0.027    -0.434     0.901
     0.667    -0.580     0.468
     0.662    -0.204     0.721
     0.663    -0.558     0.499
     0.342    -0.484     0.805
     0.441    -0.377     0.815
     0.623    -0.286     0.728
     0.569    -0.771     0.286
     0.275    -0.616     0.738
     0.645    -0.324     0.692
     0.445     0.047     0.894
     0.411    -0.091     0.907
     0.588    -0.279     0.759
     0.529    -0.483     0.698
     0.435    -0.091     0.896
     0.226    -0.505     0.833
     0.576    -0.817    -0.025
     0.340    -0.263     0.903
     0.701    -0.576     0.420
     0.689    -0.398     0.606
     0.343    -0.278     0.897
     0.437    -0.133     0.889
     0.249    -0.350     0.903
     0.571    -0.069     0.818
     0.559    -0.663     0.498
     0.227    -0.247     0.942
     0.364    -0.740     0.565
     0.524    -0.466     0.713
     0.030    -0.773     0.634
     0.022    -0.069     0.997
     0.070    -0.764     0.641
     0.808    -0.266     0.526
     0.411    -0.605     0.682
     0.478    -0.624     0.618
     0.534    -0.430     0.728
    -0.218    -0.452     0.865
     0.226    -0.305     0.925
     0.815     0.170     0.555
     0.473     0.147     0.869
     0.383    -0.176     0.907
     0.680    -0.538     0.498
     0.340    -0.462     0.819
     0.390    -0.527     0.755
     0.569    -0.516     0.640
     0.280    -0.640     0.715
     0.198    -0.605     0.772
     0.196    -0.576     0.793
     0.494    -0.316     0.810
     0.276    -0.264     0.924
     0.140    -0.154     0.978
     0.575    -0.204     0.792
     0.824    -0.199     0.531
     0.581    -0.374     0.723
     0.421    -0.705     0.571
     0.540    -0.616     0.574
     0.290    -0.750     0.595
     0.847     0.200     0.492
     0.468    -0.661     0.587
     0.830    -0.002     0.557
     0.357    -0.450     0.819
    -0.050     0.165     0.985
     0.111    -0.346     0.932
     0.680    -0.030     0.733
     0.364    -0.538     0.760
     0.599    -0.409     0.688
     0.467    -0.034     0.883
     0.314    -0.131     0.940
     0.656    -0.248     0.713
     0.496    -0.618     0.610
     0.841    -0.329     0.429
     0.413    -0.337     0.846
     0.447    -0.493     0.747
     0.331    -0.252     0.909
     0.310    -0.517     0.798
     0.303    -0.611     0.731
     0.091    -0.570     0.817
     0.107    -0.688     0.718
     0.212    -0.115     0.970
     0.937    -0.138     0.322
     0.156    -0.729     0.667
     0.061    -0.306     0.950
    -0.067    -0.545     0.836
    -0.349    -0.575     0.740
     0.315    -0.431     0.845
     0.556    -0.568     0.607
     0.282    -0.339     0.898
     0.113    -0.558     0.822
     0.682    -0.458     0.570
     0.625     0.044     0.780
     0.370    -0.582     0.724
     0.854    -0.177     0.489
     0.458    -0.145     0.877
     0.374    -0.520     0.768
     0.467    -0.548     0.694
     0.516    -0.426     0.743
     0.602    -0.304     0.738
     0.384    -0.627     0.678
     0.317    -0.489     0.813
     0.221    -0.627     0.747
     0.758    -0.282     0.588
     0.564    -0.505     0.654
     0.626    -0.345     0.699
     0.618    -0.376     0.690
     0.336    -0.777     0.532
     0.652    -0.523     0.549
     0.270    -0.337     0.902
     0.747    -0.109     0.656
     0.539    -0.416     0.733
    -0.207    -0.801     0.561
     0.550    -0.785     0.284
     0.344    -0.541     0.767
     0.033    -0.200     0.979
     0.601    -0.507     0.617
     0.780    -0.223     0.584
     0.308    -0.353     0.884
     0.118    -0.273     0.955
     0.598    -0.545     0.587
     0.553    -0.248     0.795
     0.551    -0.731     0.403
    -0.057    -0.375     0.925
     0.432    -0.445     0.784
     0.794    -0.105     0.599
     0.783    -0.541     0.307
     0.726    -0.443     0.526
     0.433    -0.267     0.861
    -0.231    -0.497     0.837
     0.788    -0.128     0.602
     0.156    -0.776     0.611
     0.325    -0.031     0.945
     0.479    -0.453     0.752
     0.474    -0.360     0.804
     0.252    -0.283     0.925
     0.597    -0.069     0.799
     0.341    -0.314     0.886
     0.511    -0.719     0.471
     0.746     0.039     0.665
     0.565    -0.308     0.765
     0.359    -0.700     0.617
     0.173    -0.732     0.659
     0.504    -0.446     0.740
     0.622    -0.670     0.405
     0.487    -0.233     0.842
     0.445    -0.773     0.452
     0.270     0.031     0.962
     0.741    -0.379     0.554
     0.588    -0.146     0.795
     0.674    -0.499     0.545
     0.301    -0.543     0.784
     0.084    -0.380     0.921
     0.001    -0.397     0.918
     0.538    -0.159     0.828
     0.482    -0.300     0.823
     0.529    -0.162     0.833
     0.223    -0.795     0.563
     0.847    -0.262     0.462
     0.499    -0.330     0.802
    -0.087    -0.429     0.899
     0.527    -0.198     0.827
     0.237    -0.638     0.733
     0.410    -0.602     0.686
     0.537    -0.352     0.767
     0.613     0.036     0.790
     0.567    -0.677     0.470
    -0.215    -0.420     0.882
     0.594    -0.198     0.780
     0.771    -0.398     0.497
     0.655    -0.422     0.627
     0.714    -0.349     0.608
     0.106    -0.438     0.893
     0.386    -0.402     0.830
     0.399    -0.597     0.696
     0.428    -0.570     0.701
     0.314    -0.180     0.932
     0.705    -0.564     0.430
     0.538    -0.715     0.446
     0.533    -0.427     0.730
     0.777    -0.458     0.431
     0.311    -0.140     0.940
     0.125     0.114     0.986
    -0.149    -0.362     0.920
     0.519    -0.240     0.820
     0.521    -0.233     0.822
     0.720    -0.337     0.607
     0.307    -0.702     0.643
     0.407    -0.260     0.876
     0.162    -0.243     0.956
     0.751    -0.203     0.628
     0.196    -0.673     0.714
     0.203    -0.441     0.874
     0.402    -0.581     0.708
     0.197    -0.572     0.796
     0.390    -0.474     0.789
     0.438    -0.265     0.859
     0.237    -0.799     0.553
     0.533    -0.310     0.787
     0.147    -0.334     0.931
     0.667    -0.341     0.663
     0.498    -0.511     0.701
     0.547    -0.037     0.836
     0.558    -0.470     0.684
     0.603    -0.330     0.726
     0.592    -0.544     0.595
     0.607    -0.605     0.516
     0.547    -0.506     0.667
     0.203    -0.399     0.894
     0.542    -0.366     0.756
     0.325    -0.753     0.571
     0.514    -0.433     0.740
     0.781    -0.332     0.529
     0.516    -0.441     0.734
     0.440    -0.085     0.894
     0.516    -0.590     0.621
     0.219    -0.288     0.932
     0.402    -0.506     0.763
     0.337    -0.540     0.771
     0.319    -0.417     0.851
     0.404    -0.374     0.835
     0.504    -0.184     0.844
     0.404    -0.127     0.906
     0.715    -0.451     0.535
     0.462    -0.406     0.788
     0.606    -0.044     0.795
     0.802    -0.051     0.596
     0.500    -0.086     0.862
     0.535    -0.064     0.842
     0.157    -0.627     0.763
     0.607    -0.454     0.653
     0.592    -0.274     0.758
     0.186    -0.474     0.861
     0.129     0.077     0.989
     0.500    -0.674     0.544
     0.433     0.202     0.878
     0.096    -0.514     0.852
     0.390    -0.619     0.682
     0.815    -0.498     0.297
     0.501    -0.457     0.735
     0.715    -0.155     0.682
     0.375    -0.078     0.924
     0.170    -0.637     0.752
     0.315    -0.583     0.749
     0.858    -0.115     0.501
     0.242    -0.651     0.720
     0.735    -0.147     0.662
     0.211    -0.939     0.272
     0.549    -0.451     0.703
     0.640    -0.096     0.762
     0.356     0.322     0.877
     0.388    -0.212     0.897
     0.514     0.224     0.828
     0.755    -0.399     0.520
     0.679    -0.185     0.710
    -0.029    -0.640     0.768
     0.225    -0.227     0.947
     0.357    -0.833     0.423
     0.329    -0.777     0.537
     0.517    -0.214     0.829
     0.872    -0.057     0.487
     0.612     0.106     0.783
     0.717    -0.385     0.581
     0.685    -0.013     0.729
     0.115    -0.133     0.984
     0.657    -0.259     0.708
     0.546    -0.374     0.750
     0.473    -0.622     0.624
     0.439    -0.666     0.604
     0.458    -0.855     0.242
     0.818    -0.151     0.555
     0.214    -0.387     0.897
     0.264    -0.580     0.771
     0.484    -0.663     0.570
     0.653    -0.361     0.665
     0.014    -0.524     0.851
     0.489    -0.054     0.870
     0.389    -0.474     0.790
     0.701    -0.334     0.630
    -0.352    -0.512     0.784
     0.240    -0.347     0.907
     0.331    -0.374     0.866
     0.322    -0.297     0.899
     0.630    -0.171     0.758
     0.213    -0.203     0.956
     0.068    -0.183     0.981
     0.334    -0.621     0.709
     0.441     0.111     0.890
     0.187    -0.380     0.906
     0.748    -0.227     0.624
     0.267    -0.361     0.893
     0.551    -0.463     0.694
     0.384    -0.530     0.755
     0.448    -0.270     0.853
     0.405    -0.493     0.770
    -0.240    -0.364     0.900
     0.416    -0.720     0.555
     0.809    -0.388     0.442
     0.090    -0.429     0.899
     0.190    -0.699     0.690
    -0.015    -0.189     0.982
     0.201    -0.730     0.653
     0.348    -0.097     0.933
     0.490    -0.763     0.421
    -0.054     0.274     0.960
    -0.031    -0.704     0.710
     0.574    -0.800     0.176
     0.464    -0.569     0.679
     0.268    -0.416     0.869
     0.106    -0.665     0.739
     0.519    -0.096     0.849
     0.188    -0.699     0.690
     0.132    -0.159     0.978
     0.315    -0.438     0.842
     0.754    -0.020     0.657
     0.665    -0.165     0.728
     0.278    -0.524     0.805
     0.905    -0.182     0.383
     0.799    -0.095     0.593
     0.867    -0.267     0.422
     0.621    -0.305     0.722
     0.312    -0.496     0.810
    -0.058    -0.520     0.852
     0.482    -0.618     0.621
     0.476    -0.736     0.482
     0.219    -0.501     0.838
     0.685    -0.563     0.463
     0.235    -0.217     0.947
     0.517    -0.154     0.842
    -0.101    -0.538     0.837
     0.248    -0.279     0.928
     0.458    -0.323     0.828
     0.521    -0.725     0.451
     0.484    -0.136     0.865
    -0.037    -0.320     0.947
     0.302    -0.687     0.661
     0.471    -0.259     0.843
     0.497    -0.641     0.585
     0.957    -0.117     0.266
     0.519    -0.325     0.791
    -0.077    -0.185     0.980
     0.464    -0.343     0.817
     0.433    -0.175     0.884
     0.573    -0.411     0.709
     0.488    -0.585     0.647
     0.531    -0.276     0.801
     0.135    -0.560     0.817
     0.207    -0.521     0.828
     0.645    -0.363     0.672
    -0.012    -0.862     0.506
     0.292    -0.327     0.899
     0.263    -0.291     0.920
     0.556    -0.400     0.729
     0.393    -0.698     0.599
     0.534    -0.032     0.845
     0.457     0.074     0.886
     0.541    -0.445     0.714
     0.335    -0.270     0.903
     0.191    -0.280     0.941
     0.654    -0.305     0.692
     0.442    -0.126     0.888
     0.491    -0.662     0.567
     0.864    -0.347     0.365
     0.210    -0.555     0.805
     0.011    -0.502     0.865
     0.562    -0.605     0.564
     0.807    -0.351     0.475
     0.643    -0.512     0.570
     0.531    -0.706     0.468
     0.359    -0.396     0.845
     0.734    -0.462     0.498
     0.534    -0.390     0.750
    -0.052    -0.396     0.917
     0.200    -0.445     0.873
     0.767    -0.063     0.639
     0.276    -0.441     0.854
     0.584    -0.211     0.784
     0.170    -0.518     0.839
     0.724    -0.263     0.637
     0.084    -0.453     0.888
     0.417    -0.570     0.708
     0.569    -0.558     0.604
     0.462    -0.431     0.775
     0.774     0.099     0.626
     0.618    -0.737     0.273
     0.479    -0.266     0.836
    -0.152    -0.675     0.722
     0.664    -0.244     0.707
     0.752    -0.310     0.582
     0.367    -0.317     0.875
     0.079    -0.473     0.877
     0.611    -0.724     0.321
     0.332    -0.455     0.826
     0.554    -0.217     0.804
     0.541    -0.494     0.680
     0.338    -0.456     0.823
     0.352    -0.382     0.854
     0.433    -0.628     0.647
     0.216    -0.544     0.811
    -0.038    -0.625     0.780
     0.496    -0.593     0.634
    -0.143    -0.732     0.666
     0.243    -0.347     0.906
     0.478    -0.489     0.730
     0.290    -0.596     0.749
     0.677    -0.474     0.562
     0.166    -0.275     0.947
     0.566     0.212     0.796
    -0.017    -0.602     0.798
     0.574    -0.551     0.606
     0.275    -0.344     0.898
     0.210    -0.448     0.869
     0.607     0.148     0.781
     0.177    -0.579     0.796
    -0.319    -0.588     0.743
     0.113    -0.564     0.818
     0.335    -0.233     0.913
     0.600    -0.126     0.790
     0.426     0.404     0.809
     0.047    -0.610     0.791
    -0.037    -0.662     0.748
     0.288    -0.364     0.886
     0.219    -0.764     0.606
     0.400    -0.320     0.859
     0.255    -0.235     0.938
     0.664    -0.194     0.722
     0.896    -0.342     0.282
     0.558    -0.428     0.711
     0.421    -0.100     0.901
     0.397    -0.290     0.871
     0.801     0.025     0.598
    -0.076    -0.615     0.785
     0.263    -0.336     0.904
     0.390    -0.456     0.800
     0.520    -0.343     0.782
     0.651    -0.546     0.527
     0.500    -0.404     0.766
     0.641    -0.262     0.721
     0.421    -0.400     0.814
     0.289    -0.280     0.915
     0.507    -0.437     0.743
     0.525    -0.555     0.646
    -0.007    -0.336     0.942
    -0.129    -0.364     0.923
     0.439    -0.482     0.758
     0.796    -0.562     0.226
     0.832    -0.234     0.502
     0.346    -0.604     0.718
     0.243    -0.547     0.801
     0.160    -0.385     0.909
     0.442    -0.494     0.749
     0.463    -0.627     0.626
     0.834    -0.066     0.547
     0.782    -0.483     0.395
     0.286    -0.613     0.736
     0.174    -0.415     0.893
     0.504    -0.314     0.804
     0.636    -0.473     0.610
     0.315    -0.476     0.821
     0.375    -0.629     0.681
     0.194    -0.566     0.801
     0.331    -0.496     0.803
     0.304    -0.445     0.842
     0.191    -0.332     0.924
     0.681    -0.528     0.507
     0.620     0.051     0.783
     0.384    -0.492     0.782
     0.700    -0.561     0.442
     0.448    -0.372     0.813
    -0.119    -0.429     0.896
    -0.071    -0.535     0.842
     0.668    -0.598     0.443
     0.403    -0.499     0.767
     0.187    -0.859     0.476
     0.207    -0.640     0.740
     0.605    -0.469     0.644
     0.143    -0.374     0.916
     0.490    -0.257     0.833
     0.600     0.001     0.800
     0.335    -0.393     0.856
     0.670    -0.542     0.508
     0.501    -0.303     0.811
     0.574    -0.447     0.686
     0.173    -0.699     0.694
     0.328    -0.147     0.933
     0.115    -0.361     0.925
    -0.119    -0.454     0.883
     0.625    -0.486     0.611
     0.129    -0.547     0.827
     0.470    -0.522     0.712
     0.132    -0.370     0.919
     0.384    -0.906     0.181
     0.122    -0.774     0.622
     0.408    -0.008     0.913
     0.857    -0.269     0.440
     0.408    -0.361     0.838
     0.152    -0.787     0.598
     0.518    -0.552     0.653
     0.542    -0.442     0.715
     0.499    -0.247     0.831
     0.682    -0.331     0.652
     0.332    -0.442     0.833
     0.319    -0.334     0.887
     0.589    -0.262     0.765
     0.004    -0.314     0.949
    -0.032    -0.469     0.883
     0.784    -0.121     0.609
     0.505    -0.158     0.848
     0.422    -0.454     0.785
     0.605    -0.440     0.663
     0.346    -0.463     0.816
     0.672    -0.415     0.614
     0.595    -0.150     0.789
     0.476     0.152     0.866
     0.287    -0.728     0.623
     0.427    -0.620     0.658
     0.401    -0.429     0.810
     0.240    -0.649     0.722
     0.813    -0.079     0.577
     0.649     0.255     0.716
     0.576    -0.319     0.752
     0.464    -0.498     0.733
     0.231    -0.203     0.951
     0.348    -0.052     0.936
     0.648    -0.597     0.473
     0.658    -0.230     0.718
     0.589    -0.503     0.632
     0.750    -0.299     0.589
     0.374    -0.064     0.925
     0.156    -0.554     0.818
     0.766    -0.189     0.614
     0.628    -0.247     0.738
     0.589    -0.420     0.690
     0.276    -0.950     0.147
     0.668    -0.559     0.490
     0.789    -0.394     0.471
     0.781    -0.319     0.537
    -0.195    -0.543     0.817
     0.497    -0.190     0.847
     0.428    -0.832     0.354
     0.090    -0.356     0.930
     0.728    -0.575     0.374
     0.330    -0.235     0.914
     0.527    -0.737     0.424
     0.310    -0.492     0.814
     0.638    -0.421     0.645
     0.535    -0.344     0.772
     0.061    -0.527     0.848
     0.520    -0.058     0.852
     0.165    -0.490     0.856
     0.149    -0.663     0.733
     0.254    -0.430     0.866
     0.372    -0.539     0.755
     0.145    -0.185     0.972
     0.478     0.077     0.875
     0.223    -0.214     0.951
     0.363    -0.406     0.839
     0.183    -0.347     0.920
    -0.245    -0.703     0.668
     0.399    -0.679     0.616
     0.722    -0.311     0.618
     0.460    -0.396     0.795
     0.553    -0.087     0.829
     0.368    -0.479     0.797
     0.280    -0.294     0.914
     0.645    -0.564     0.515
     0.774    -0.336     0.537
     0.647    -0.363     0.671
     0.444    -0.511     0.736
