     0.132    -0.670    -0.731
     0.023    -0.667    -0.745
     0.022    -0.659    -0.752
     0.134    -0.510    -0.850
     0.002    -0.632    -0.775
     0.073    -0.775    -0.628
     0.026    -0.590    -0.807
     0.012    -0.651    -0.759
     0.134    -0.747    -0.651
     0.057    -0.566    -0.823
     0.011    -0.673    -0.740
    -0.023    -0.449    -0.893
    -0.191    -0.640    -0.744
     0.174    -0.653    -0.737
     0.082    -0.573    -0.816
     0.070    -0.566    -0.822
     0.054    -0.696    -0.716
     0.116    -0.636    -0.763
    -0.192    -0.541    -0.819
    -0.013    -0.533    -0.846
     0.064    -0.693    -0.718
     0.103    -0.686    -0.720
     0.147    -0.625    -0.767
     0.036    -0.627    -0.778
    -0.038    -0.626    -0.779
     0.092    -0.674    -0.732
    -0.048    -0.701    -0.712
     0.147    -0.652    -0.744
    -0.034    -0.701    -0.712
     0.056    -0.553    -0.831
     0.093    -0.648    -0.756
     0.197    -0.555    -0.808
    -0.019    -0.618    -0.786
    -0.050    -0.571    -0.820
    -0.009    -0.552    -0.834
     0.055    -0.572    -0.818
     0.150    -0.584    -0.798
    -0.064    -0.581    -0.811
     0.065    -0.693    -0.718
     0.159    -0.572    -0.805
    -0.090    -0.535    -0.840
     0.045    -0.685    -0.728
     0.010    -0.533    -0.846
    -0.019    -0.604    -0.797
     0.063    -0.685    -0.726
     0.083    -0.622    -0.778
     0.030    -0.573    -0.819
    -0.046    -0.672    -0.740
     0.026    -0.565    -0.824
     0.129    -0.647    -0.752
     0.070    -0.623    -0.779
     0.149    -0.642    -0.752
    -0.050    -0.570    -0.820
     0.017    -0.471    -0.882
     0.083    -0.710    -0.700
     0.033    -0.736    -0.676
    -0.096    -0.592    -0.801
     0.027    -0.617    -0.786
    -0.027    -0.602    -0.798
     0.115    -0.645    -0.756
     0.079    -0.717    -0.692
     0.072    -0.553    -0.830
     0.091    -0.538    -0.838
     0.102    -0.597    -0.796
     0.225    -0.562    -0.796
     0.027    -0.538    -0.843
    -0.020    -0.548    -0.836
     0.033    -0.506    -0.862
     0.061    -0.662    -0.747
     0.037    -0.614    -0.788
     0.074    -0.602    -0.795
     0.118    -0.588    -0.800
     0.026    -0.630    -0.776
     0.019    -0.619    -0.785
    -0.019    -0.699    -0.715
    -0.133    -0.696    -0.706
    -0.168    -0.684    -0.710
     0.043    -0.670    -0.741
     0.053    -0.664    -0.746
    -0.027    -0.584    -0.812
     0.111    -0.602    -0.791
     0.079    -0.598    -0.797
     0.173    -0.524    -0.834
    -0.055    -0.507    -0.860
     0.116    -0.583    -0.804
     0.035    -0.622    -0.783
    -0.029    -0.698    -0.716
     0.098    -0.650    -0.753
    -0.099    -0.685    -0.722
    -0.051    -0.741    -0.670
     0.162    -0.551    -0.819
     0.180    -0.624    -0.761
     0.029    -0.580    -0.814
    -0.012    -0.653    -0.757
     0.068    -0.697    -0.714
     0.105    -0.552    -0.827
     0.101    -0.645    -0.758
    -0.089    -0.572    -0.815
     0.043    -0.696    -0.716
     0.068    -0.569    -0.820
    -0.042    -0.626    -0.778
     0.061    -0.544    -0.837
     0.165    -0.601    -0.782
     0.031    -0.706    -0.707
     0.034    -0.649    -0.760
     0.181    -0.507    -0.842
     0.102    -0.645    -0.758
     0.010    -0.703    -0.711
     0.155    -0.569    -0.808
    -0.128    -0.599    -0.791
    -0.034    -0.653    -0.757
     0.071    -0.631    -0.772
     0.304    -0.517    -0.800
     0.042    -0.742    -0.669
    -0.014    -0.574    -0.819
     0.099    -0.664    -0.741
     0.102    -0.574    -0.813
    -0.001    -0.530    -0.848
    -0.068    -0.568    -0.820
     0.139    -0.636    -0.759
    -0.007    -0.708    -0.706
     0.053    -0.528    -0.848
     0.004    -0.597    -0.802
     0.125    -0.599    -0.791
    -0.171    -0.615    -0.769
    -0.299    -0.660    -0.690
    -0.038    -0.544    -0.838
     0.145    -0.747    -0.649
     0.209    -0.555    -0.805
     0.001    -0.610    -0.793
     0.034    -0.756    -0.654
    -0.123    -0.640    -0.759
    -0.019    -0.664    -0.747
     0.058    -0.558    -0.828
     0.118    -0.558    -0.821
    -0.083    -0.579    -0.811
    -0.035    -0.601    -0.799
     0.006    -0.650    -0.760
     0.072    -0.669    -0.740
    -0.019    -0.622    -0.783
    -0.111    -0.555    -0.824
    -0.023    -0.690    -0.724
     0.036    -0.671    -0.740
    -0.186    -0.505    -0.843
     0.003    -0.565    -0.825
    -0.044    -0.600    -0.799
    -0.064    -0.574    -0.816
     0.091    -0.549    -0.831
     0.138    -0.585    -0.799
    -0.049    -0.496    -0.867
     0.026    -0.713    -0.701
     0.057    -0.566    -0.823
    -0.034    -0.703    -0.710
     0.032    -0.554    -0.832
     0.049    -0.790    -0.611
     0.098    -0.596    -0.797
     0.157    -0.574    -0.804
     0.055    -0.572    -0.818
    -0.036    -0.600    -0.800
     0.058    -0.643    -0.764
     0.018    -0.669    -0.743
     0.175    -0.555    -0.813
    -0.086    -0.630    -0.772
    -0.085    -0.559    -0.825
     0.046    -0.640    -0.767
     0.097    -0.627    -0.773
     0.034    -0.636    -0.771
     0.159    -0.631    -0.760
     0.046    -0.460    -0.887
     0.127    -0.530    -0.839
     0.052    -0.536    -0.843
    -0.079    -0.562    -0.824
     0.129    -0.518    -0.846
     0.017    -0.590    -0.807
     0.001    -0.610    -0.792
    -0.074    -0.669    -0.739
    -0.001    -0.710    -0.704
    -0.014    -0.624    -0.781
     0.140    -0.539    -0.831
     0.125    -0.600    -0.790
     0.111    -0.651    -0.751
     0.002    -0.691    -0.723
    -0.003    -0.593    -0.806
     0.019    -0.580    -0.814
     0.066    -0.594    -0.802
     0.154    -0.726    -0.670
     0.135    -0.709    -0.692
     0.121    -0.703    -0.701
     0.114    -0.564    -0.818
     0.087    -0.704    -0.704
     0.011    -0.628    -0.778
     0.210    -0.648    -0.732
    -0.007    -0.499    -0.866
     0.010    -0.776    -0.630
    -0.085    -0.722    -0.687
    -0.028    -0.637    -0.771
     0.059    -0.619    -0.783
    -0.101    -0.574    -0.812
     0.137    -0.496    -0.857
     0.044    -0.567    -0.822
    -0.088    -0.551    -0.830
     0.094    -0.689    -0.718
    -0.094    -0.669    -0.738
    -0.020    -0.615    -0.788
     0.080    -0.594    -0.801
    -0.119    -0.594    -0.796
     0.081    -0.631    -0.772
     0.129    -0.473    -0.872
     0.133    -0.531    -0.837
     0.095    -0.664    -0.742
     0.087    -0.648    -0.756
    -0.152    -0.654    -0.741
     0.106    -0.649    -0.753
    -0.065    -0.608    -0.791
     0.142    -0.633    -0.761
    -0.020    -0.635    -0.772
     0.205    -0.588    -0.782
     0.150    -0.715    -0.683
     0.020    -0.591    -0.806
    -0.132    -0.624    -0.770
     0.171    -0.701    -0.692
     0.007    -0.540    -0.841
    -0.014    -0.663    -0.748
    -0.016    -0.442    -0.897
    -0.022    -0.647    -0.762
     0.043    -0.712    -0.701
     0.127    -0.767    -0.629
    -0.095    -0.682    -0.725
    -0.026    -0.625    -0.780
     0.147    -0.601    -0.786
     0.265    -0.579    -0.771
     0.063    -0.605    -0.794
     0.065    -0.534    -0.843
     0.095    -0.669    -0.737
     0.028    -0.619    -0.785
     0.138    -0.496    -0.857
    -0.119    -0.690    -0.714
    -0.159    -0.566    -0.809
     0.128    -0.528    -0.839
     0.043    -0.567    -0.822
     0.076    -0.581    -0.810
    -0.058    -0.588    -0.807
    -0.058    -0.629    -0.775
     0.122    -0.661    -0.741
    -0.024    -0.544    -0.839
     0.041    -0.686    -0.726
     0.013    -0.741    -0.671
    -0.023    -0.660    -0.751
     0.126    -0.608    -0.784
    -0.066    -0.767    -0.638
     0.049    -0.611    -0.790
     0.074    -0.564    -0.822
    -0.019    -0.618    -0.786
     0.060    -0.592    -0.804
    -0.003    -0.637    -0.771
    -0.114    -0.682    -0.722
    -0.016    -0.643    -0.765
     0.118    -0.664    -0.739
     0.005    -0.524    -0.852
    -0.022    -0.583    -0.813
     0.076    -0.628    -0.775
     0.063    -0.516    -0.854
     0.042    -0.576    -0.816
     0.076    -0.667    -0.741
    -0.101    -0.647    -0.756
     0.043    -0.618    -0.785
    -0.005    -0.634    -0.773
    -0.088    -0.644    -0.760
     0.147    -0.605    -0.783
     0.085    -0.633    -0.769
     0.025    -0.589    -0.808
     0.025    -0.621    -0.784
     0.048    -0.681    -0.731
     0.066    -0.447    -0.892
    -0.075    -0.601    -0.795
     0.071    -0.632    -0.772
     0.225    -0.602    -0.766
    -0.024    -0.530    -0.848
     0.077    -0.507    -0.858
    -0.008    -0.709    -0.705
     0.090    -0.641    -0.762
    -0.008    -0.646    -0.763
     0.236    -0.494    -0.837
     0.068    -0.708    -0.703
     0.139    -0.570    -0.810
     0.090    -0.635    -0.767
    -0.135    -0.593    -0.794
    -0.196    -0.577    -0.793
     0.112    -0.515    -0.850
    -0.019    -0.631    -0.776
    -0.008    -0.628    -0.778
    -0.009    -0.436    -0.900
     0.046    -0.633    -0.773
     0.074    -0.616    -0.784
     0.141    -0.609    -0.781
     0.091    -0.612    -0.785
    -0.029    -0.667    -0.744
     0.008    -0.644    -0.765
     0.094    -0.613    -0.785
     0.223    -0.556    -0.801
    -0.055    -0.560    -0.827
    -0.008    -0.686    -0.728
     0.007    -0.678    -0.735
    -0.040    -0.536    -0.843
     0.105    -0.584    -0.805
     0.016    -0.683    -0.730
    -0.001    -0.638    -0.770
    -0.049    -0.572    -0.819
     0.136    -0.736    -0.663
    -0.025    -0.747    -0.664
    -0.006    -0.564    -0.826
     0.093    -0.617    -0.781
    -0.054    -0.647    -0.761
     0.073    -0.636    -0.768
     0.024    -0.595    -0.803
     0.107    -0.662    -0.742
     0.063    -0.579    -0.813
     0.043    -0.639    -0.768
     0.112    -0.635    -0.765
     0.152    -0.644    -0.750
     0.017    -0.533    -0.846
     0.072    -0.642    -0.763
     0.098    -0.657    -0.748
    -0.114    -0.640    -0.760
     0.089    -0.637    -0.766
     0.075    -0.716    -0.694
     0.101    -0.508    -0.855
    -0.034    -0.602    -0.798
     0.001    -0.660    -0.752
    -0.130    -0.648    -0.750
    -0.058    -0.639    -0.767
     0.187    -0.698    -0.691
     0.043    -0.572    -0.819
     0.052    -0.658    -0.751
     0.152    -0.568    -0.809
    -0.024    -0.598    -0.801
    -0.075    -0.710    -0.700
    -0.116    -0.573    -0.812
     0.041    -0.626    -0.779
    -0.063    -0.606    -0.793
    -0.029    -0.600    -0.800
     0.024    -0.495    -0.868
     0.023    -0.587    -0.809
    -0.016    -0.642    -0.766
     0.001    -0.546    -0.838
     0.103    -0.533    -0.839
     0.054    -0.677    -0.734
     0.063    -0.696    -0.715
     0.136    -0.629    -0.765
     0.003    -0.605    -0.796
    -0.063    -0.652    -0.756
    -0.027    -0.658    -0.752
    -0.076    -0.555    -0.828
     0.141    -0.635    -0.759
     0.017    -0.501    -0.865
     0.042    -0.451    -0.891
     0.089    -0.634    -0.768
    -0.214    -0.680    -0.701
    -0.099    -0.581    -0.808
    -0.075    -0.569    -0.819
    -0.031    -0.620    -0.784
     0.051    -0.638    -0.768
     0.126    -0.705    -0.698
    -0.008    -0.627    -0.779
    -0.037    -0.601    -0.799
     0.116    -0.575    -0.810
     0.136    -0.592    -0.794
    -0.019    -0.606    -0.795
     0.235    -0.615    -0.752
     0.197    -0.676    -0.710
     0.163    -0.558    -0.814
     0.075    -0.518    -0.852
     0.116    -0.663    -0.740
    -0.031    -0.610    -0.792
     0.142    -0.508    -0.849
    -0.007    -0.558    -0.830
     0.020    -0.652    -0.758
     0.098    -0.524    -0.846
     0.058    -0.614    -0.787
    -0.012    -0.645    -0.764
     0.213    -0.710    -0.671
     0.028    -0.660    -0.751
    -0.035    -0.664    -0.747
    -0.069    -0.679    -0.731
     0.052    -0.643    -0.764
     0.046    -0.613    -0.789
     0.109    -0.649    -0.753
     0.129    -0.518    -0.845
     0.025    -0.559    -0.829
     0.004    -0.597    -0.802
     0.021    -0.753    -0.658
     0.024    -0.572    -0.820
     0.184    -0.500    -0.847
     0.075    -0.447    -0.891
    -0.057    -0.550    -0.833
     0.080    -0.662    -0.745
     0.018    -0.728    -0.686
     0.004    -0.608    -0.794
     0.200    -0.606    -0.770
     0.085    -0.538    -0.838
     0.057    -0.673    -0.737
     0.173    -0.640    -0.748
     0.040    -0.663    -0.748
     0.036    -0.705    -0.708
     0.133    -0.644    -0.753
    -0.024    -0.700    -0.714
     0.080    -0.596    -0.799
    -0.018    -0.555    -0.832
    -0.058    -0.690    -0.722
     0.010    -0.628    -0.778
    -0.045    -0.668    -0.743
    -0.157    -0.624    -0.766
     0.049    -0.481    -0.876
     0.116    -0.651    -0.750
     0.058    -0.503    -0.863
     0.006    -0.527    -0.850
    -0.059    -0.653    -0.755
     0.172    -0.636    -0.752
    -0.114    -0.668    -0.736
    -0.012    -0.646    -0.763
     0.279    -0.481    -0.831
    -0.094    -0.555    -0.827
    -0.088    -0.588    -0.804
    -0.021    -0.646    -0.763
    -0.074    -0.645    -0.761
    -0.021    -0.525    -0.851
     0.082    -0.704    -0.705
     0.025    -0.677    -0.736
     0.143    -0.604    -0.784
    -0.012    -0.621    -0.783
     0.172    -0.634    -0.754
    -0.038    -0.614    -0.789
     0.031    -0.603    -0.797
     0.196    -0.503    -0.842
