     0.591     0.202     0.781
     0.682     0.104     0.724
     0.652     0.396     0.646
     0.725     0.051     0.687
     0.682     0.258     0.684
     0.605     0.141     0.784
     0.562     0.355     0.747
     0.809     0.254     0.531
     0.683     0.242     0.689
     0.634     0.145     0.760
     0.762     0.073     0.644
     0.555     0.018     0.831
     0.739     0.346     0.578
     0.642     0.180     0.746
     0.723     0.308     0.619
     0.532     0.443     0.722
     0.689     0.106     0.717
     0.686     0.241     0.687
     0.641     0.284     0.713
     0.739     0.189     0.646
     0.595     0.390     0.702
     0.759     0.117     0.641
     0.676     0.111     0.729
     0.638     0.178     0.749
     0.592     0.238     0.770
     0.801     0.298     0.519
     0.562     0.414     0.717
     0.650     0.124     0.750
     0.528     0.264     0.807
     0.794     0.296     0.531
     0.559     0.303     0.772
     0.741     0.363     0.564
     0.515     0.463     0.722
     0.837     0.288     0.466
     0.743     0.137     0.655
     0.716     0.252     0.652
     0.475     0.427     0.769
     0.673     0.161     0.722
     0.549    -0.069     0.833
     0.701     0.033     0.712
     0.445     0.221     0.868
     0.605     0.302     0.737
     0.608     0.300     0.735
     0.679     0.252     0.690
     0.649     0.324     0.688
     0.532     0.458     0.713
     0.575     0.266     0.774
     0.688     0.058     0.724
     0.592     0.251     0.766
     0.612     0.323     0.722
     0.568     0.098     0.817
     0.535     0.363     0.763
     0.685     0.284     0.671
     0.888     0.152     0.435
     0.623     0.319     0.714
     0.742     0.154     0.652
     0.603     0.282     0.747
     0.502     0.169     0.848
     0.674     0.332     0.660
     0.585     0.206     0.784
     0.711     0.068     0.700
     0.728     0.261     0.634
     0.688     0.446     0.573
     0.742     0.181     0.645
     0.570     0.272     0.775
     0.804     0.071     0.591
     0.662     0.236     0.712
     0.825     0.144     0.546
     0.651     0.359     0.668
     0.619     0.284     0.733
     0.559     0.222     0.799
     0.580     0.449     0.680
     0.622     0.275     0.733
     0.629     0.174     0.757
     0.568     0.311     0.762
     0.856     0.178     0.486
     0.830     0.075     0.552
     0.655     0.279     0.702
     0.573    -0.146     0.807
     0.553     0.054     0.831
     0.483     0.460     0.745
     0.746     0.327     0.580
     0.644     0.168     0.746
     0.646     0.253     0.720
     0.710     0.165     0.685
     0.618     0.315     0.721
     0.812     0.205     0.547
     0.705     0.346     0.620
