    -0.017    -0.206     0.978
    -0.010    -0.080     0.997
     0.041    -0.237     0.971
    -0.029    -0.262     0.965
     0.281    -0.201     0.938
     0.085    -0.299     0.951
    -0.016    -0.297     0.955
     0.121    -0.166     0.979
     0.214    -0.206     0.955
     0.161    -0.104     0.981
     0.076    -0.378     0.923
     0.068    -0.214     0.975
    -0.127    -0.108     0.986
     0.146    -0.304     0.941
     0.015    -0.265     0.964
     0.156    -0.231     0.960
     0.051    -0.347     0.936
     0.149    -0.192     0.970
     0.178    -0.251     0.951
    -0.170    -0.246     0.954
    -0.021    -0.303     0.953
     0.016    -0.283     0.959
     0.140    -0.150     0.979
     0.091    -0.401     0.912
     0.091    -0.138     0.986
     0.002    -0.343     0.939
     0.205    -0.176     0.963
     0.123    -0.115     0.986
     0.104    -0.278     0.955
     0.008    -0.149     0.989
     0.156    -0.227     0.961
     0.156    -0.242     0.958
     0.034    -0.045     0.998
    -0.028    -0.241     0.970
     0.070    -0.150     0.986
     0.142    -0.339     0.930
     0.179    -0.345     0.921
     0.049    -0.279     0.959
     0.108    -0.351     0.930
     0.103    -0.294     0.950
     0.186    -0.302     0.935
     0.038    -0.263     0.964
     0.216    -0.199     0.956
     0.254    -0.193     0.948
    -0.056    -0.168     0.984
     0.104    -0.293     0.951
     0.054    -0.190     0.980
     0.073    -0.403     0.912
    -0.122    -0.115     0.986
     0.000    -0.226     0.974
     0.205    -0.386     0.899
     0.130    -0.167     0.977
     0.012    -0.048     0.999
     0.032    -0.075     0.997
     0.106    -0.340     0.935
     0.047    -0.335     0.941
     0.254    -0.092     0.963
     0.102    -0.152     0.983
     0.026    -0.315     0.949
     0.009    -0.269     0.963
     0.096    -0.121     0.988
     0.144    -0.190     0.971
     0.083    -0.252     0.964
     0.152    -0.370     0.917
     0.037    -0.325     0.945
     0.021    -0.192     0.981
     0.102    -0.196     0.975
     0.098    -0.258     0.961
     0.130    -0.246     0.961
     0.138    -0.137     0.981
     0.127    -0.411     0.903
     0.239    -0.244     0.940
     0.062    -0.373     0.926
     0.019    -0.297     0.955
     0.154    -0.214     0.965
     0.182    -0.211     0.960
     0.144    -0.172     0.975
    -0.013    -0.204     0.979
    -0.060    -0.291     0.955
     0.007    -0.260     0.966
     0.139    -0.159     0.978
     0.017    -0.121     0.992
     0.143    -0.187     0.972
    -0.007    -0.192     0.981
     0.150    -0.327     0.933
     0.080    -0.226     0.971
     0.343    -0.137     0.929
     0.146    -0.191     0.971
     0.201    -0.097     0.975
     0.058    -0.417     0.907
    -0.011    -0.228     0.974
     0.261    -0.181     0.948
    -0.190    -0.193     0.963
     0.132    -0.220     0.967
     0.020    -0.136     0.991
     0.098    -0.246     0.964
     0.117    -0.199     0.973
     0.001    -0.194     0.981
     0.164    -0.272     0.948
     0.205    -0.324     0.924
     0.258    -0.174     0.950
     0.172    -0.249     0.953
     0.128    -0.130     0.983
    -0.024    -0.202     0.979
     0.037    -0.179     0.983
     0.170    -0.179     0.969
    -0.066    -0.255     0.965
     0.185    -0.191     0.964
     0.121    -0.112     0.986
     0.009    -0.308     0.951
     0.081    -0.203     0.976
     0.055    -0.270     0.961
     0.088    -0.175     0.981
     0.085    -0.118     0.989
    -0.012    -0.238     0.971
    -0.016    -0.242     0.970
     0.119    -0.236     0.964
     0.092    -0.185     0.978
     0.157    -0.162     0.974
     0.264    -0.121     0.957
     0.043    -0.221     0.974
     0.178    -0.270     0.946
     0.188    -0.311     0.932
    -0.032    -0.279     0.960
     0.042    -0.332     0.942
     0.100    -0.137     0.986
     0.096    -0.102     0.990
     0.238    -0.252     0.938
     0.041    -0.237     0.971
     0.092    -0.144     0.985
     0.206    -0.264     0.942
     0.190    -0.081     0.978
     0.141    -0.354     0.925
     0.066    -0.294     0.954
     0.014    -0.347     0.938
     0.259    -0.210     0.943
    -0.018    -0.260     0.965
     0.023    -0.349     0.937
     0.030    -0.243     0.969
     0.158    -0.176     0.972
     0.181    -0.234     0.955
     0.093    -0.305     0.948
     0.107    -0.318     0.942
     0.022    -0.058     0.998
     0.010    -0.256     0.967
     0.114    -0.253     0.961
     0.122    -0.262     0.957
     0.206    -0.217     0.954
     0.288    -0.200     0.936
     0.121    -0.039     0.992
     0.274    -0.129     0.953
     0.024    -0.173     0.985
     0.119    -0.516     0.848
     0.004    -0.316     0.949
     0.140    -0.292     0.946
     0.248    -0.131     0.960
    -0.001    -0.357     0.934
     0.012    -0.366     0.930
     0.117    -0.185     0.976
     0.035    -0.115     0.993
     0.242    -0.106     0.964
     0.110    -0.321     0.941
     0.155    -0.337     0.929
     0.065    -0.069     0.995
     0.211    -0.138     0.968
     0.121    -0.201     0.972
     0.050    -0.144     0.988
     0.056    -0.203     0.978
     0.165    -0.150     0.975
     0.209    -0.261     0.942
     0.033    -0.119     0.992
    -0.020    -0.184     0.983
    -0.043    -0.213     0.976
     0.198    -0.233     0.952
    -0.048    -0.431     0.901
     0.158    -0.264     0.951
     0.230    -0.124     0.965
    -0.016    -0.070     0.997
     0.194    -0.144     0.970
     0.083    -0.229     0.970
     0.050    -0.317     0.947
     0.132    -0.240     0.962
    -0.023    -0.296     0.955
     0.049    -0.293     0.955
     0.266    -0.303     0.915
     0.018     0.046     0.999
     0.090    -0.148     0.985
     0.159    -0.405     0.901
    -0.069    -0.120     0.990
     0.243    -0.285     0.927
     0.050    -0.341     0.939
    -0.038    -0.151     0.988
     0.164    -0.082     0.983
     0.006    -0.068     0.998
     0.163    -0.263     0.951
     0.265    -0.135     0.955
     0.148    -0.492     0.858
     0.125    -0.121     0.985
     0.156    -0.241     0.958
     0.008    -0.361     0.932
     0.219    -0.175     0.960
     0.085    -0.363     0.928
     0.087    -0.156     0.984
     0.065    -0.253     0.965
     0.307    -0.298     0.904
     0.080    -0.204     0.976
     0.324    -0.207     0.923
     0.288    -0.191     0.938
     0.184    -0.217     0.959
     0.157    -0.210     0.965
    -0.003    -0.330     0.944
     0.145    -0.143     0.979
     0.089    -0.292     0.952
     0.039    -0.184     0.982
     0.147    -0.403     0.903
     0.105    -0.115     0.988
    -0.051    -0.297     0.953
     0.092    -0.359     0.929
     0.208    -0.122     0.970
     0.153    -0.209     0.966
    -0.029    -0.239     0.971
     0.070    -0.164     0.984
     0.058    -0.262     0.963
     0.072    -0.159     0.985
     0.090     0.007     0.996
     0.118    -0.165     0.979
     0.232    -0.192     0.954
     0.141    -0.280     0.950
     0.048    -0.069     0.996
     0.155    -0.178     0.972
     0.164    -0.310     0.936
     0.015    -0.250     0.968
     0.132    -0.267     0.955
     0.133    -0.297     0.945
     0.092    -0.109     0.990
     0.004    -0.349     0.937
     0.169    -0.387     0.906
     0.166    -0.339     0.926
     0.118    -0.278     0.953
     0.039    -0.325     0.945
     0.195    -0.199     0.960
    -0.059    -0.281     0.958
     0.113    -0.339     0.934
     0.031    -0.221     0.975
     0.075    -0.121     0.990
     0.087    -0.260     0.962
    -0.017    -0.226     0.974
     0.132    -0.164     0.978
     0.125    -0.178     0.976
     0.211    -0.252     0.944
     0.024    -0.228     0.973
     0.052    -0.489     0.871
     0.134    -0.170     0.976
     0.075    -0.214     0.974
     0.053    -0.111     0.992
     0.022    -0.336     0.941
     0.017    -0.215     0.976
     0.180    -0.227     0.957
     0.099    -0.147     0.984
     0.129    -0.262     0.956
     0.054    -0.265     0.963
     0.138     0.003     0.990
    -0.022    -0.239     0.971
     0.149    -0.203     0.968
     0.303    -0.276     0.912
     0.013    -0.325     0.946
     0.089    -0.179     0.980
     0.052    -0.177     0.983
     0.025    -0.249     0.968
     0.296    -0.262     0.919
     0.060    -0.076     0.995
     0.088    -0.473     0.877
    -0.084    -0.154     0.984
    -0.081    -0.299     0.951
     0.167    -0.432     0.886
     0.083    -0.285     0.955
     0.065    -0.286     0.956
     0.186    -0.139     0.973
     0.168    -0.281     0.945
    -0.002    -0.199     0.980
     0.146    -0.365     0.919
     0.179    -0.295     0.939
     0.200    -0.201     0.959
     0.174    -0.208     0.962
     0.064    -0.234     0.970
     0.212    -0.236     0.948
     0.110    -0.060     0.992
     0.241    -0.126     0.962
     0.283    -0.113     0.953
     0.272    -0.356     0.894
     0.039    -0.368     0.929
     0.289    -0.360     0.887
     0.119    -0.175     0.977
     0.151    -0.128     0.980
     0.120    -0.337     0.934
     0.076    -0.236     0.969
     0.087    -0.230     0.969
     0.086    -0.177     0.981
     0.086    -0.156     0.984
     0.009    -0.220     0.976
     0.228    -0.338     0.913
     0.128    -0.199     0.972
     0.111    -0.334     0.936
     0.027    -0.163     0.986
    -0.055    -0.181     0.982
     0.040    -0.164     0.986
    -0.016    -0.222     0.975
     0.156    -0.177     0.972
     0.224    -0.406     0.886
     0.054    -0.158     0.986
    -0.142    -0.170     0.975
     0.172    -0.357     0.918
     0.214    -0.366     0.906
     0.006    -0.307     0.952
     0.194    -0.245     0.950
    -0.021    -0.205     0.979
     0.189    -0.119     0.975
     0.064    -0.245     0.967
    -0.003    -0.126     0.992
    -0.008    -0.134     0.991
     0.115    -0.391     0.913
    -0.108    -0.263     0.959
     0.004    -0.256     0.967
    -0.168    -0.220     0.961
     0.023    -0.229     0.973
    -0.031    -0.347     0.937
     0.095    -0.098     0.991
     0.087    -0.183     0.979
     0.154    -0.146     0.977
     0.143    -0.366     0.919
    -0.015    -0.263     0.965
     0.012    -0.271     0.962
    -0.102    -0.132     0.986
     0.132    -0.140     0.981
    -0.005    -0.376     0.927
     0.105    -0.205     0.973
     0.120    -0.279     0.953
     0.049    -0.030     0.998
     0.143    -0.268     0.953
    -0.027    -0.101     0.995
     0.121    -0.178     0.976
     0.201    -0.289     0.936
     0.149    -0.218     0.964
     0.169    -0.177     0.970
     0.021    -0.304     0.953
     0.196    -0.321     0.927
     0.091    -0.328     0.940
     0.039    -0.214     0.976
     0.124    -0.142     0.982
    -0.204    -0.299     0.932
     0.085    -0.383     0.920
     0.225    -0.367     0.903
     0.106    -0.236     0.966
    -0.008    -0.272     0.962
    -0.062    -0.239     0.969
     0.176    -0.335     0.925
    -0.134    -0.221     0.966
    -0.010    -0.372     0.928
     0.050    -0.243     0.969
     0.040    -0.058     0.998
     0.095    -0.135     0.986
     0.176    -0.272     0.946
     0.110    -0.108     0.988
     0.089    -0.301     0.950
     0.031    -0.258     0.966
     0.133    -0.297     0.945
     0.019    -0.270     0.963
    -0.109    -0.220     0.969
     0.058    -0.224     0.973
     0.205    -0.214     0.955
    -0.039    -0.280     0.959
     0.128    -0.090     0.988
     0.092    -0.116     0.989
     0.171    -0.104     0.980
     0.145    -0.070     0.987
     0.034    -0.245     0.969
     0.102    -0.178     0.979
     0.140    -0.229     0.963
     0.039    -0.204     0.978
    -0.074    -0.153     0.985
     0.000    -0.329     0.944
     0.146    -0.291     0.946
     0.003    -0.272     0.962
     0.046    -0.178     0.983
     0.211    -0.234     0.949
     0.023    -0.257     0.966
     0.104    -0.261     0.960
     0.161    -0.069     0.984
     0.119    -0.124     0.985
     0.019    -0.209     0.978
     0.044    -0.189     0.981
    -0.026    -0.170     0.985
     0.111    -0.230     0.967
     0.039    -0.267     0.963
     0.095    -0.289     0.953
     0.210    -0.238     0.948
     0.132    -0.276     0.952
     0.136    -0.088     0.987
     0.106    -0.285     0.953
     0.120    -0.224     0.967
    -0.082    -0.235     0.968
     0.102    -0.239     0.966
     0.157    -0.257     0.954
     0.196    -0.233     0.953
     0.188    -0.208     0.960
     0.127    -0.191     0.973
     0.150    -0.233     0.961
     0.058    -0.248     0.967
    -0.029    -0.275     0.961
     0.186    -0.212     0.959
     0.097    -0.306     0.947
     0.042    -0.120     0.992
    -0.150    -0.176     0.973
     0.066    -0.270     0.961
     0.033    -0.297     0.954
    -0.034    -0.385     0.922
     0.168    -0.295     0.941
     0.111    -0.224     0.968
     0.065    -0.076     0.995
    -0.022    -0.278     0.960
     0.158    -0.196     0.968
     0.029    -0.037     0.999
     0.139    -0.331     0.933
     0.014    -0.363     0.932
     0.037    -0.277     0.960
     0.040    -0.038     0.998
     0.066    -0.172     0.983
     0.075    -0.244     0.967
     0.018    -0.391     0.920
     0.025    -0.287     0.958
     0.019    -0.265     0.964
     0.170    -0.206     0.964
     0.041    -0.209     0.977
     0.164    -0.307     0.938
     0.079    -0.430     0.899
     0.037    -0.261     0.965
     0.048    -0.386     0.921
    -0.062    -0.209     0.976
     0.072    -0.202     0.977
    -0.016    -0.233     0.972
    -0.037    -0.174     0.984
     0.228    -0.323     0.919
     0.271    -0.266     0.925
     0.125    -0.213     0.969
    -0.075    -0.065     0.995
    -0.106    -0.306     0.946
    -0.047    -0.263     0.964
     0.096    -0.234     0.967
     0.047    -0.106     0.993
     0.108    -0.080     0.991
     0.169    -0.315     0.934
    -0.070    -0.178     0.982
     0.086    -0.211     0.974
     0.044    -0.364     0.930
     0.076    -0.249     0.966
     0.161    -0.172     0.972
    -0.017    -0.280     0.960
    -0.007    -0.153     0.988
     0.117    -0.210     0.971
     0.093    -0.284     0.954
     0.085    -0.281     0.956
     0.163    -0.231     0.959
     0.004    -0.243     0.970
     0.137    -0.348     0.927
    -0.055    -0.152     0.987
    -0.024    -0.191     0.981
     0.013    -0.200     0.980
    -0.054    -0.189     0.980
    -0.067    -0.099     0.993
     0.156    -0.305     0.939
     0.199    -0.278     0.940
     0.034    -0.350     0.936
     0.047    -0.253     0.966
     0.001    -0.308     0.951
     0.246    -0.085     0.966
     0.083    -0.298     0.951
     0.048    -0.085     0.995
     0.044    -0.408     0.912
     0.033    -0.077     0.996
     0.099    -0.196     0.975
     0.203    -0.074     0.976
    -0.122    -0.352     0.928
     0.106    -0.218     0.970
     0.162    -0.322     0.933
     0.094    -0.278     0.956
     0.237    -0.109     0.965
     0.047    -0.037     0.998
     0.127    -0.391     0.912
    -0.059    -0.180     0.982
     0.136    -0.192     0.972
     0.067    -0.212     0.975
     0.243    -0.230     0.943
     0.193    -0.030     0.981
     0.275    -0.169     0.946
     0.109    -0.277     0.955
     0.101    -0.317     0.943
    -0.044    -0.214     0.976
     0.136    -0.182     0.974
     0.109    -0.236     0.966
     0.020    -0.341     0.940
     0.040    -0.058     0.998
     0.259    -0.186     0.948
     0.104    -0.213     0.971
     0.249    -0.221     0.943
     0.096    -0.252     0.963
     0.072    -0.337     0.939
    -0.006    -0.264     0.965
    -0.082    -0.143     0.986
     0.278    -0.202     0.939
     0.097    -0.282     0.954
     0.037    -0.084     0.996
     0.063    -0.213     0.975
    -0.088    -0.228     0.970
     0.127    -0.246     0.961
     0.131    -0.207     0.969
     0.091    -0.241     0.966
     0.153    -0.248     0.957
    -0.067    -0.263     0.962
     0.086    -0.125     0.988
     0.083    -0.198     0.977
     0.097    -0.119     0.988
     0.145    -0.340     0.929
     0.026    -0.074     0.997
     0.162    -0.185     0.969
     0.066    -0.163     0.985
     0.085    -0.379     0.921
     0.104    -0.233     0.967
     0.188    -0.258     0.948
     0.092    -0.189     0.978
    -0.049    -0.283     0.958
     0.152    -0.191     0.970
     0.075    -0.166     0.983
     0.118    -0.343     0.932
     0.073    -0.392     0.917
     0.195    -0.279     0.940
     0.042    -0.347     0.937
     0.003    -0.286     0.958
     0.048    -0.243     0.969
     0.005    -0.115     0.993
     0.178    -0.466     0.867
     0.299    -0.112     0.948
     0.102    -0.261     0.960
     0.070    -0.123     0.990
     0.178    -0.083     0.980
     0.085    -0.192     0.978
    -0.080    -0.134     0.988
     0.052    -0.293     0.955
     0.291    -0.239     0.926
     0.134    -0.205     0.970
     0.252    -0.131     0.959
     0.037    -0.122     0.992
     0.103    -0.400     0.911
     0.188    -0.329     0.925
     0.027    -0.183     0.983
    -0.004    -0.240     0.971
    -0.003    -0.203     0.979
     0.078    -0.216     0.973
     0.087    -0.150     0.985
     0.081    -0.240     0.967
     0.068    -0.290     0.954
     0.054    -0.371     0.927
     0.138    -0.324     0.936
     0.036    -0.192     0.981
    -0.056    -0.155     0.986
     0.123    -0.198     0.972
     0.127    -0.213     0.969
     0.124    -0.274     0.954
     0.231    -0.292     0.928
     0.054    -0.411     0.910
     0.013    -0.252     0.968
     0.162    -0.181     0.970
    -0.019    -0.161     0.987
     0.117    -0.282     0.952
    -0.086    -0.382     0.920
     0.057    -0.275     0.960
     0.159    -0.260     0.952
     0.157    -0.227     0.961
     0.006    -0.076     0.997
     0.120    -0.179     0.976
    -0.092    -0.185     0.978
     0.127    -0.301     0.945
     0.073    -0.199     0.977
     0.283    -0.285     0.916
     0.176    -0.225     0.958
     0.216    -0.057     0.975
     0.055    -0.232     0.971
     0.154    -0.174     0.973
     0.083    -0.088     0.993
     0.181    -0.134     0.974
     0.238    -0.232     0.943
     0.108    -0.398     0.911
     0.064    -0.365     0.929
     0.054    -0.064     0.996
     0.098    -0.347     0.933
     0.048    -0.195     0.980
     0.051    -0.151     0.987
     0.040    -0.154     0.987
    -0.173    -0.198     0.965
     0.009    -0.213     0.977
     0.042    -0.246     0.968
     0.080    -0.241     0.967
    -0.023    -0.184     0.983
    -0.101    -0.242     0.965
     0.061    -0.025     0.998
     0.247    -0.036     0.968
     0.173    -0.233     0.957
     0.114    -0.368     0.923
     0.060    -0.042     0.997
     0.019    -0.141     0.990
     0.191    -0.169     0.967
     0.189    -0.385     0.903
     0.025    -0.239     0.971
     0.013    -0.297     0.955
     0.211    -0.196     0.958
     0.193    -0.186     0.963
     0.087    -0.213     0.973
     0.150    -0.032     0.988
     0.294    -0.218     0.931
     0.277    -0.278     0.920
     0.163    -0.267     0.950
     0.168    -0.155     0.973
    -0.034    -0.304     0.952
     0.110    -0.091     0.990
    -0.062    -0.274     0.960
     0.063    -0.230     0.971
     0.276    -0.394     0.877
     0.029    -0.283     0.959
     0.146    -0.204     0.968
     0.177    -0.248     0.953
     0.167    -0.302     0.939
     0.062    -0.116     0.991
     0.055    -0.136     0.989
     0.047    -0.209     0.977
     0.100    -0.309     0.946
     0.124    -0.175     0.977
     0.279    -0.168     0.945
     0.109    -0.155     0.982
     0.112    -0.474     0.873
     0.140    -0.207     0.968
     0.021    -0.274     0.961
     0.054    -0.238     0.970
     0.040    -0.217     0.975
    -0.012    -0.201     0.980
     0.127    -0.246     0.961
     0.102    -0.175     0.979
     0.245    -0.197     0.949
     0.045    -0.248     0.968
     0.019    -0.263     0.965
     0.112    -0.103     0.988
     0.151    -0.267     0.952
     0.040    -0.280     0.959
     0.089    -0.101     0.991
     0.158    -0.089     0.984
     0.159    -0.329     0.931
     0.161    -0.278     0.947
     0.046    -0.195     0.980
     0.029    -0.230     0.973
     0.184    -0.101     0.978
     0.209    -0.292     0.933
     0.189    -0.274     0.943
    -0.017    -0.238     0.971
     0.116    -0.104     0.988
     0.173    -0.308     0.935
    -0.050    -0.337     0.940
     0.055    -0.336     0.940
     0.124    -0.217     0.968
     0.156    -0.200     0.967
     0.084    -0.309     0.947
     0.162    -0.277     0.947
     0.105    -0.224     0.969
    -0.040    -0.333     0.942
     0.114    -0.279     0.954
     0.158    -0.314     0.936
    -0.010    -0.318     0.948
    -0.010    -0.372     0.928
     0.055    -0.234     0.971
     0.170    -0.174     0.970
     0.149    -0.408     0.901
     0.202    -0.168     0.965
     0.055    -0.285     0.957
    -0.086    -0.248     0.965
     0.017    -0.405     0.914
     0.072    -0.249     0.966
     0.039    -0.204     0.978
     0.058    -0.256     0.965
     0.131    -0.251     0.959
    -0.004    -0.250     0.968
     0.227    -0.334     0.915
     0.058    -0.177     0.983
     0.089    -0.275     0.957
     0.006    -0.333     0.943
     0.075    -0.316     0.946
    -0.089    -0.294     0.952
     0.075    -0.198     0.977
    -0.165    -0.261     0.951
     0.220    -0.229     0.948
     0.071    -0.115     0.991
     0.151    -0.035     0.988
     0.048    -0.370     0.928
     0.090    -0.233     0.968
     0.056    -0.303     0.951
     0.193    -0.144     0.971
     0.065    -0.144     0.987
     0.140    -0.119     0.983
     0.336    -0.044     0.941
     0.147    -0.108     0.983
     0.112    -0.409     0.906
     0.220    -0.173     0.960
     0.163    -0.224     0.961
     0.021    -0.253     0.967
     0.119    -0.251     0.961
     0.108    -0.205     0.973
     0.127    -0.318     0.939
     0.049    -0.293     0.955
     0.050    -0.245     0.968
    -0.107    -0.128     0.986
     0.120    -0.149     0.982
     0.126    -0.227     0.966
     0.124    -0.201     0.972
     0.047    -0.317     0.947
     0.070    -0.322     0.944
    -0.063    -0.268     0.961
     0.061    -0.196     0.979
     0.077    -0.226     0.971
     0.021    -0.256     0.967
    -0.049    -0.219     0.975
     0.135    -0.210     0.968
     0.115     0.019     0.993
    -0.047    -0.294     0.955
     0.234    -0.231     0.944
     0.155    -0.148     0.977
     0.142    -0.259     0.955
     0.014    -0.247     0.969
    -0.023    -0.155     0.988
     0.058    -0.460     0.886
    -0.019    -0.193     0.981
     0.034    -0.241     0.970
    -0.042    -0.254     0.966
     0.168    -0.103     0.980
     0.140    -0.357     0.924
    -0.103    -0.179     0.979
     0.092    -0.311     0.946
     0.049    -0.236     0.970
     0.216    -0.230     0.949
    -0.024    -0.209     0.978
     0.107    -0.354     0.929
     0.098    -0.234     0.967
    -0.114    -0.261     0.958
     0.093    -0.194     0.977
     0.086    -0.369     0.926
    -0.029    -0.299     0.954
     0.184    -0.233     0.955
     0.086    -0.339     0.937
     0.050    -0.246     0.968
     0.228    -0.201     0.953
     0.107    -0.167     0.980
     0.091    -0.186     0.978
    -0.023    -0.307     0.952
    -0.092    -0.274     0.957
     0.073    -0.225     0.972
     0.147    -0.121     0.982
     0.124    -0.144     0.982
    -0.011    -0.216     0.976
     0.062    -0.038     0.997
     0.128    -0.034     0.991
     0.092    -0.111     0.990
     0.128    -0.388     0.913
    -0.001    -0.227     0.974
     0.068    -0.205     0.977
     0.206    -0.207     0.957
     0.155    -0.238     0.959
     0.004    -0.204     0.979
     0.106    -0.320     0.942
    -0.026    -0.274     0.961
     0.105    -0.159     0.982
     0.195    -0.305     0.932
     0.081    -0.297     0.951
     0.162    -0.149     0.976
     0.017    -0.173     0.985
     0.025    -0.229     0.973
     0.101    -0.233     0.967
     0.275    -0.243     0.930
    -0.074    -0.288     0.955
     0.132    -0.257     0.957
     0.209    -0.151     0.966
     0.171    -0.334     0.927
     0.098    -0.343     0.934
     0.146    -0.285     0.947
     0.118    -0.249     0.961
     0.033    -0.216     0.976
     0.192    -0.241     0.951
     0.145    -0.189     0.971
     0.279    -0.200     0.939
    -0.002    -0.237     0.972
     0.097    -0.172     0.980
    -0.021    -0.301     0.953
     0.057    -0.150     0.987
     0.068    -0.249     0.966
    -0.019    -0.342     0.939
     0.067    -0.201     0.977
     0.270    -0.165     0.949
     0.018    -0.169     0.985
     0.232    -0.153     0.961
     0.169    -0.259     0.951
     0.067    -0.109     0.992
     0.074    -0.295     0.953
     0.049    -0.158     0.986
    -0.065    -0.291     0.954
     0.042    -0.289     0.956
     0.029    -0.135     0.990
    -0.012    -0.346     0.938
     0.027    -0.357     0.934
     0.206    -0.163     0.965
     0.027    -0.180     0.983
    -0.068    -0.112     0.991
     0.279    -0.207     0.938
     0.032    -0.234     0.972
     0.124    -0.285     0.951
     0.090    -0.209     0.974
     0.182    -0.090     0.979
     0.092    -0.274     0.957
    -0.004    -0.115     0.993
     0.070    -0.124     0.990
     0.229    -0.213     0.950
    -0.045    -0.284     0.958
     0.039    -0.182     0.983
     0.147    -0.304     0.941
     0.066    -0.346     0.936
     0.207    -0.295     0.933
     0.099    -0.125     0.987
     0.023    -0.192     0.981
     0.041    -0.161     0.986
     0.109    -0.091     0.990
     0.178    -0.194     0.965
     0.038    -0.252     0.967
     0.001    -0.265     0.964
     0.052    -0.300     0.953
     0.231    -0.235     0.944
    -0.025    -0.157     0.987
    -0.031    -0.194     0.980
     0.212    -0.276     0.938
     0.078    -0.391     0.917
    -0.072    -0.179     0.981
     0.065    -0.187     0.980
     0.129    -0.178     0.976
     0.086    -0.203     0.975
     0.064    -0.214     0.975
     0.102    -0.229     0.968
    -0.129     0.012     0.992
     0.027    -0.323     0.946
     0.205    -0.305     0.930
     0.128    -0.313     0.941
     0.081    -0.256     0.963
     0.214    -0.126     0.969
    -0.003    -0.174     0.985
