     0.133    -0.970    -0.202
     0.463    -0.873    -0.155
     0.322    -0.935    -0.149
     0.265    -0.899    -0.348
     0.238    -0.965    -0.107
     0.416    -0.897    -0.151
     0.226    -0.968    -0.111
     0.208    -0.958    -0.198
     0.319    -0.944    -0.081
     0.353    -0.893    -0.281
     0.267    -0.905    -0.331
     0.244    -0.854    -0.459
     0.442    -0.810    -0.385
     0.165    -0.962    -0.216
     0.168    -0.978    -0.125
     0.370    -0.929     0.022
     0.508    -0.827    -0.239
     0.235    -0.922    -0.306
     0.219    -0.912    -0.348
     0.331    -0.827    -0.455
     0.183    -0.860    -0.477
     0.219    -0.958    -0.185
     0.228    -0.854    -0.468
     0.087    -0.967    -0.238
     0.408    -0.802    -0.437
     0.493    -0.868    -0.058
     0.274    -0.921    -0.277
     0.443    -0.880    -0.173
     0.214    -0.920    -0.328
     0.224    -0.740    -0.634
     0.376    -0.794    -0.478
     0.190    -0.959    -0.210
     0.473    -0.849    -0.236
     0.473    -0.795    -0.380
     0.128    -0.833    -0.539
     0.345    -0.934    -0.092
     0.228    -0.927    -0.299
     0.577    -0.790    -0.207
     0.425    -0.861    -0.279
     0.474    -0.593    -0.651
     0.362    -0.804    -0.472
     0.446    -0.863    -0.236
     0.203    -0.899    -0.388
     0.332    -0.919    -0.214
     0.171    -0.929    -0.328
     0.264    -0.836    -0.481
     0.265    -0.881    -0.391
     0.432    -0.838    -0.332
     0.234    -0.816    -0.529
     0.436    -0.879    -0.194
     0.250    -0.923    -0.291
     0.237    -0.923    -0.302
     0.219    -0.844    -0.490
     0.309    -0.671    -0.674
     0.296    -0.792    -0.533
     0.067    -0.980    -0.187
     0.120    -0.988    -0.093
    -0.108    -0.930    -0.352
     0.141    -0.943    -0.301
     0.382    -0.773    -0.507
     0.152    -0.947    -0.284
     0.572    -0.808    -0.139
     0.199    -0.944    -0.264
     0.207    -0.878    -0.431
     0.292    -0.847    -0.444
     0.283    -0.954    -0.105
     0.383    -0.833    -0.399
     0.353    -0.775    -0.524
     0.588    -0.748    -0.308
     0.565    -0.806    -0.174
     0.501    -0.783    -0.369
     0.677    -0.736     0.013
     0.303    -0.863    -0.403
     0.559    -0.795    -0.235
     0.383    -0.890    -0.247
     0.485    -0.812    -0.325
     0.437    -0.898    -0.046
     0.166    -0.936    -0.309
     0.504    -0.728    -0.466
     0.177    -0.929    -0.325
     0.135    -0.840    -0.525
     0.106    -0.902    -0.419
     0.276    -0.961     0.023
     0.345    -0.863    -0.368
     0.281    -0.865    -0.416
     0.322    -0.815    -0.482
     0.400    -0.913    -0.082
     0.296    -0.815    -0.498
     0.302    -0.941    -0.153
     0.490    -0.790    -0.368
     0.252    -0.921    -0.296
     0.273    -0.831    -0.485
     0.317    -0.752    -0.578
     0.407    -0.849    -0.337
     0.496    -0.855    -0.151
     0.329    -0.892    -0.308
     0.513    -0.808    -0.290
     0.532    -0.821    -0.209
     0.332    -0.852    -0.405
     0.253    -0.954    -0.160
     0.042    -0.834    -0.551
     0.434    -0.835    -0.338
     0.265    -0.817    -0.512
     0.076    -0.924    -0.374
     0.273    -0.947    -0.170
     0.572    -0.815     0.096
     0.389    -0.916    -0.096
     0.462    -0.860    -0.216
     0.401    -0.807    -0.432
     0.188    -0.950    -0.249
     0.269    -0.949    -0.167
    -0.119    -0.938    -0.327
     0.379    -0.855    -0.355
     0.128    -0.989    -0.081
     0.293    -0.951    -0.095
     0.542    -0.803    -0.248
     0.122    -0.932    -0.342
     0.152    -0.939    -0.308
     0.207    -0.923    -0.326
     0.453    -0.840    -0.300
     0.278    -0.954    -0.116
     0.291    -0.935    -0.204
     0.313    -0.886    -0.343
     0.326    -0.910    -0.255
     0.399    -0.913    -0.083
     0.071    -0.978    -0.195
     0.310    -0.893    -0.325
     0.140    -0.911    -0.388
     0.293    -0.949    -0.121
     0.233    -0.958    -0.167
     0.118    -0.992    -0.042
     0.334    -0.907    -0.255
     0.434    -0.884    -0.173
     0.464    -0.753    -0.466
     0.047    -0.963    -0.266
     0.369    -0.918    -0.146
     0.384    -0.774    -0.504
     0.325    -0.889    -0.323
     0.087    -0.869    -0.487
     0.404    -0.876    -0.263
     0.125    -0.892    -0.434
     0.644    -0.753    -0.139
     0.310    -0.897    -0.315
     0.539    -0.823    -0.182
     0.298    -0.907    -0.297
     0.308    -0.873    -0.378
     0.047    -0.929    -0.366
     0.273    -0.948    -0.162
     0.099    -0.978    -0.185
     0.413    -0.871    -0.267
     0.386    -0.795    -0.468
     0.238    -0.935    -0.263
     0.048    -0.937    -0.346
     0.368    -0.883    -0.293
     0.242    -0.945    -0.218
     0.262    -0.860    -0.438
     0.162    -0.957    -0.240
     0.388    -0.915    -0.113
     0.456    -0.887    -0.080
     0.357    -0.847    -0.394
     0.283    -0.907    -0.313
     0.492    -0.736    -0.465
     0.215    -0.958    -0.192
     0.219    -0.942    -0.256
     0.460    -0.874    -0.156
     0.285    -0.908    -0.308
     0.140    -0.934    -0.329
     0.146    -0.970    -0.196
     0.435    -0.819    -0.374
     0.332    -0.881    -0.336
     0.244    -0.934    -0.259
     0.555    -0.765    -0.327
     0.421    -0.896    -0.139
     0.361    -0.908    -0.214
     0.331    -0.912    -0.242
     0.162    -0.913    -0.374
     0.079    -0.976    -0.201
     0.281    -0.912    -0.298
     0.136    -0.970    -0.201
     0.246    -0.962    -0.120
     0.620    -0.740    -0.262
     0.297    -0.951    -0.083
     0.280    -0.959     0.043
     0.222    -0.971    -0.083
     0.383    -0.838    -0.389
     0.317    -0.923    -0.218
     0.232    -0.891    -0.390
     0.346    -0.844    -0.410
     0.412    -0.902    -0.129
     0.399    -0.812    -0.425
     0.325    -0.866    -0.380
     0.317    -0.874    -0.367
     0.235    -0.884    -0.403
     0.314    -0.845    -0.433
     0.268    -0.846    -0.461
     0.236    -0.949    -0.208
     0.083    -0.917    -0.391
     0.567    -0.781    -0.260
     0.498    -0.824    -0.270
     0.315    -0.862    -0.397
     0.230    -0.958    -0.169
     0.441    -0.823    -0.359
     0.467    -0.834    -0.293
     0.090    -0.941    -0.327
     0.195    -0.912    -0.361
     0.275    -0.924    -0.267
     0.240    -0.905    -0.352
     0.231    -0.946    -0.228
     0.403    -0.876    -0.265
     0.428    -0.854    -0.297
     0.499    -0.801    -0.331
     0.287    -0.922    -0.259
     0.246    -0.737    -0.630
     0.368    -0.890    -0.267
     0.116    -0.966    -0.229
     0.132    -0.952    -0.278
     0.202    -0.833    -0.515
     0.253    -0.914    -0.316
     0.515    -0.774    -0.370
     0.210    -0.865    -0.456
     0.568    -0.822    -0.033
     0.194    -0.878    -0.438
     0.483    -0.757    -0.439
     0.215    -0.865    -0.454
     0.425    -0.810    -0.403
     0.068    -0.914    -0.400
     0.371    -0.798    -0.474
     0.387    -0.911    -0.143
     0.573    -0.729    -0.375
     0.377    -0.887    -0.265
     0.366    -0.869    -0.333
     0.531    -0.713    -0.458
     0.265    -0.784    -0.562
     0.353    -0.894    -0.276
     0.467    -0.875    -0.132
     0.499    -0.795    -0.344
     0.211    -0.910    -0.358
     0.208    -0.792    -0.574
     0.286    -0.910    -0.301
     0.325    -0.910    -0.258
     0.345    -0.850    -0.398
     0.484    -0.780    -0.397
     0.108    -0.980    -0.168
     0.432    -0.843    -0.321
     0.340    -0.905    -0.255
     0.171    -0.929    -0.329
     0.197    -0.942    -0.273
     0.257    -0.903    -0.345
     0.196    -0.907    -0.373
     0.131    -0.858    -0.497
     0.317    -0.945    -0.081
     0.232    -0.782    -0.578
     0.499    -0.803    -0.326
     0.350    -0.884    -0.311
     0.242    -0.902    -0.357
     0.227    -0.936    -0.268
     0.313    -0.873    -0.373
     0.342    -0.857    -0.385
     0.336    -0.919    -0.207
     0.252    -0.958    -0.134
     0.284    -0.882    -0.376
     0.233    -0.963    -0.135
     0.429    -0.844    -0.322
     0.471    -0.851    -0.233
     0.143    -0.988    -0.060
     0.527    -0.809    -0.261
     0.546    -0.823    -0.156
     0.424    -0.897    -0.126
     0.435    -0.830    -0.349
     0.348    -0.913    -0.214
     0.389    -0.921     0.010
     0.221    -0.784    -0.580
     0.248    -0.848    -0.468
     0.566    -0.718    -0.405
     0.407    -0.897    -0.171
     0.393    -0.881    -0.264
     0.365    -0.795    -0.485
     0.302    -0.876    -0.377
     0.493    -0.837    -0.239
     0.441    -0.882    -0.163
     0.293    -0.918    -0.267
     0.301    -0.848    -0.437
     0.278    -0.882    -0.381
     0.346    -0.927    -0.147
     0.473    -0.744    -0.472
     0.354    -0.873    -0.335
     0.325    -0.833    -0.447
     0.434    -0.752    -0.496
     0.703    -0.658    -0.271
     0.397    -0.909    -0.127
     0.338    -0.837    -0.430
     0.315    -0.855    -0.411
     0.051    -0.971    -0.233
     0.415    -0.910     0.015
     0.577    -0.816    -0.030
     0.264    -0.882    -0.390
     0.305    -0.913    -0.271
     0.262    -0.902    -0.342
     0.433    -0.878    -0.204
     0.169    -0.971    -0.169
     0.452    -0.824    -0.340
     0.353    -0.855    -0.380
     0.305    -0.794    -0.526
     0.525    -0.804    -0.278
     0.267    -0.957    -0.109
     0.257    -0.869    -0.424
     0.320    -0.929    -0.186
     0.281    -0.904    -0.321
     0.306    -0.780    -0.546
     0.525    -0.770    -0.362
     0.326    -0.808    -0.491
     0.539    -0.820    -0.191
     0.360    -0.821    -0.443
     0.312    -0.764    -0.565
     0.376    -0.913    -0.161
     0.265    -0.858    -0.440
     0.325    -0.924    -0.201
     0.158    -0.800    -0.579
     0.450    -0.856    -0.255
     0.067    -0.927    -0.369
     0.267    -0.882    -0.388
     0.340    -0.915    -0.219
     0.136    -0.950    -0.282
     0.144    -0.978    -0.150
     0.376    -0.896    -0.238
     0.360    -0.856    -0.371
     0.271    -0.830    -0.487
     0.283    -0.829    -0.482
     0.119    -0.990    -0.077
     0.266    -0.963     0.048
     0.020    -0.985    -0.171
     0.148    -0.943    -0.298
     0.203    -0.975    -0.092
     0.202    -0.941    -0.270
     0.260    -0.892    -0.369
     0.139    -0.936    -0.322
     0.384    -0.857    -0.344
     0.527    -0.788    -0.318
     0.337    -0.901    -0.275
     0.250    -0.925    -0.287
     0.224    -0.925    -0.306
     0.393    -0.863    -0.318
     0.415    -0.857    -0.306
     0.079    -0.931    -0.356
     0.372    -0.875    -0.309
     0.206    -0.838    -0.505
     0.270    -0.903    -0.334
     0.382    -0.833    -0.401
     0.466    -0.858    -0.214
     0.392    -0.867    -0.309
     0.524    -0.808    -0.269
     0.356    -0.687    -0.633
     0.461    -0.827    -0.323
     0.428    -0.893    -0.139
     0.403    -0.834    -0.377
     0.353    -0.936    -0.009
     0.258    -0.893    -0.369
     0.253    -0.938    -0.237
     0.259    -0.783    -0.566
     0.323    -0.806    -0.495
     0.110    -0.966    -0.235
     0.334    -0.885    -0.324
     0.184    -0.957    -0.225
     0.148    -0.885    -0.441
     0.320    -0.889    -0.329
     0.549    -0.759    -0.351
     0.436    -0.806    -0.399
     0.210    -0.830    -0.516
     0.243    -0.957    -0.157
     0.372    -0.793    -0.483
     0.355    -0.907    -0.225
     0.208    -0.952    -0.223
     0.496    -0.832    -0.249
     0.362    -0.928    -0.091
     0.179    -0.971    -0.161
     0.248    -0.952    -0.180
     0.338    -0.935    -0.112
     0.220    -0.912    -0.345
     0.521    -0.744    -0.419
     0.384    -0.831    -0.402
     0.115    -0.920    -0.375
     0.121    -0.908    -0.402
     0.284    -0.911    -0.299
     0.378    -0.891    -0.251
     0.457    -0.756    -0.468
     0.227    -0.852    -0.473
     0.307    -0.834    -0.458
     0.203    -0.881    -0.427
     0.107    -0.916    -0.388
     0.183    -0.966    -0.182
     0.163    -0.884    -0.437
     0.064    -0.957    -0.284
     0.293    -0.812    -0.505
     0.322    -0.932    -0.168
     0.507    -0.761    -0.404
     0.273    -0.941    -0.199
     0.302    -0.889    -0.343
     0.230    -0.839    -0.493
     0.404    -0.826    -0.392
     0.114    -0.910    -0.399
     0.093    -0.923    -0.373
     0.224    -0.896    -0.385
     0.382    -0.882    -0.276
     0.376    -0.844    -0.383
     0.448    -0.741    -0.500
     0.271    -0.934    -0.234
     0.300    -0.891    -0.341
     0.478    -0.856    -0.195
     0.280    -0.899    -0.336
     0.369    -0.858    -0.358
     0.377    -0.923     0.072
     0.296    -0.855    -0.427
     0.390    -0.805    -0.446
     0.321    -0.878    -0.355
     0.513    -0.821    -0.252
     0.292    -0.919    -0.264
     0.062    -0.986    -0.158
     0.190    -0.865    -0.464
     0.648    -0.575    -0.500
     0.526    -0.693    -0.492
     0.100    -0.911    -0.401
     0.412    -0.860    -0.301
     0.311    -0.856    -0.413
     0.175    -0.928    -0.327
     0.325    -0.913    -0.249
     0.266    -0.895    -0.358
     0.274    -0.914    -0.299
     0.346    -0.900    -0.263
     0.217    -0.902    -0.373
     0.311    -0.824    -0.473
     0.477    -0.873    -0.100
     0.439    -0.833    -0.338
     0.246    -0.748    -0.616
     0.367    -0.747    -0.554
     0.516    -0.754    -0.407
     0.386    -0.918    -0.088
     0.061    -0.733    -0.677
     0.201    -0.917    -0.345
     0.337    -0.893    -0.298
     0.164    -0.910    -0.381
     0.325    -0.914    -0.244
     0.192    -0.917    -0.350
     0.201    -0.977    -0.074
     0.136    -0.856    -0.500
     0.138    -0.954    -0.268
     0.295    -0.916    -0.271
     0.319    -0.947    -0.026
     0.379    -0.848    -0.371
     0.208    -0.867    -0.453
     0.113    -0.974    -0.196
     0.434    -0.899    -0.050
     0.438    -0.732    -0.522
     0.140    -0.891    -0.431
     0.364    -0.885    -0.291
     0.404    -0.910    -0.098
     0.363    -0.753    -0.549
     0.258    -0.899    -0.353
     0.323    -0.861    -0.392
     0.349    -0.806    -0.479
     0.268    -0.900    -0.344
     0.229    -0.892    -0.389
     0.152    -0.885    -0.440
     0.450    -0.793    -0.410
     0.013    -0.838    -0.546
     0.587    -0.751    -0.302
     0.430    -0.819    -0.380
     0.214    -0.942    -0.258
     0.348    -0.786    -0.511
     0.435    -0.816    -0.381
     0.121    -0.946    -0.299
     0.288    -0.938    -0.194
     0.291    -0.928    -0.234
     0.166    -0.964    -0.206
     0.171    -0.916    -0.364
     0.284    -0.935    -0.215
     0.337    -0.921    -0.195
     0.311    -0.815    -0.489
     0.109    -0.921    -0.374
     0.487    -0.861    -0.144
     0.423    -0.854    -0.304
     0.426    -0.835    -0.348
     0.463    -0.849    -0.255
     0.237    -0.918    -0.318
     0.436    -0.884    -0.171
     0.253    -0.912    -0.323
     0.241    -0.969    -0.053
     0.179    -0.849    -0.498
     0.053    -0.984    -0.172
     0.178    -0.947    -0.266
     0.465    -0.837    -0.290
     0.428    -0.765    -0.482
     0.227    -0.937    -0.266
     0.419    -0.741    -0.525
     0.455    -0.859    -0.236
     0.410    -0.805    -0.428
     0.365    -0.825    -0.430
     0.348    -0.795    -0.496
     0.473    -0.809    -0.349
     0.216    -0.918    -0.333
     0.176    -0.938    -0.298
     0.154    -0.940    -0.306
     0.093    -0.913    -0.397
     0.404    -0.883    -0.239
     0.457    -0.821    -0.343
     0.180    -0.771    -0.612
     0.457    -0.845    -0.278
     0.590    -0.751    -0.297
     0.347    -0.878    -0.331
     0.423    -0.893    -0.155
     0.165    -0.910    -0.380
     0.415    -0.816    -0.403
     0.264    -0.893    -0.365
     0.520    -0.827    -0.215
     0.281    -0.760    -0.586
     0.016    -0.968    -0.249
     0.244    -0.939    -0.242
     0.292    -0.825    -0.484
     0.398    -0.800    -0.449
     0.188    -0.859    -0.476
     0.405    -0.903    -0.140
     0.244    -0.901    -0.358
     0.262    -0.867    -0.424
     0.058    -0.984    -0.167
     0.406    -0.911    -0.077
     0.004    -0.968    -0.250
     0.173    -0.973    -0.153
     0.365    -0.862    -0.352
     0.366    -0.813    -0.453
     0.217    -0.956    -0.196
     0.171    -0.983    -0.063
     0.115    -0.905    -0.410
     0.060    -0.932    -0.356
     0.254    -0.930    -0.267
     0.366    -0.867    -0.337
     0.446    -0.829    -0.339
     0.376    -0.903    -0.209
     0.551    -0.827    -0.115
     0.447    -0.792    -0.415
     0.224    -0.974     0.042
     0.371    -0.825    -0.426
     0.125    -0.878    -0.462
     0.379    -0.839    -0.391
     0.599    -0.713    -0.366
     0.259    -0.961    -0.092
     0.384    -0.877    -0.288
     0.495    -0.736    -0.462
     0.534    -0.826    -0.181
     0.296    -0.880    -0.371
     0.272    -0.901    -0.338
     0.310    -0.948    -0.073
    -0.007    -0.887    -0.461
     0.337    -0.870    -0.359
     0.533    -0.814    -0.231
     0.500    -0.787    -0.362
     0.249    -0.891    -0.379
     0.414    -0.781    -0.467
     0.314    -0.852    -0.418
     0.082    -0.919    -0.385
     0.360    -0.928    -0.097
     0.372    -0.791    -0.486
     0.328    -0.916    -0.230
     0.185    -0.833    -0.521
     0.374    -0.852    -0.366
     0.251    -0.910    -0.330
     0.318    -0.885    -0.338
     0.328    -0.790    -0.519
     0.349    -0.876    -0.333
     0.465    -0.744    -0.481
     0.377    -0.909    -0.177
     0.459    -0.868    -0.188
     0.142    -0.967    -0.210
     0.361    -0.811    -0.460
     0.193    -0.932    -0.305
     0.276    -0.881    -0.385
     0.527    -0.776    -0.348
     0.224    -0.721    -0.655
     0.416    -0.852    -0.317
     0.307    -0.913    -0.270
     0.145    -0.898    -0.415
     0.435    -0.889    -0.141
     0.294    -0.912    -0.286
     0.188    -0.871    -0.454
     0.257    -0.934    -0.246
     0.623    -0.756    -0.200
     0.540    -0.839    -0.059
     0.404    -0.882    -0.241
     0.520    -0.685    -0.511
     0.134    -0.944    -0.303
     0.373    -0.881    -0.292
     0.344    -0.838    -0.425
     0.167    -0.946    -0.279
     0.599    -0.740    -0.307
     0.300    -0.884    -0.360
     0.380    -0.891    -0.250
     0.322    -0.859    -0.398
     0.213    -0.915    -0.344
     0.431    -0.838    -0.335
     0.381    -0.896    -0.227
     0.228    -0.924    -0.308
     0.216    -0.891    -0.399
     0.526    -0.841    -0.126
     0.462    -0.765    -0.448
     0.171    -0.953    -0.249
     0.358    -0.892    -0.275
     0.303    -0.901    -0.312
     0.276    -0.949    -0.154
     0.311    -0.945    -0.101
     0.395    -0.857    -0.330
     0.267    -0.949    -0.170
     0.425    -0.868    -0.255
     0.394    -0.894    -0.212
     0.556    -0.753    -0.352
     0.180    -0.912    -0.368
     0.347    -0.918    -0.194
     0.442    -0.862    -0.250
     0.163    -0.968    -0.192
     0.264    -0.940    -0.218
     0.388    -0.852    -0.353
     0.115    -0.971    -0.210
     0.444    -0.836    -0.321
     0.291    -0.792    -0.536
     0.308    -0.923    -0.230
     0.245    -0.952    -0.185
     0.306    -0.854    -0.422
     0.517    -0.844    -0.141
     0.111    -0.947    -0.301
     0.334    -0.916    -0.223
     0.333    -0.896    -0.294
     0.207    -0.969    -0.136
     0.234    -0.906    -0.353
     0.356    -0.870    -0.343
     0.215    -0.959    -0.187
     0.402    -0.857    -0.322
     0.304    -0.860    -0.410
     0.351    -0.892    -0.286
     0.468    -0.772    -0.431
     0.340    -0.801    -0.492
     0.223    -0.882    -0.415
     0.380    -0.901    -0.209
     0.250    -0.911    -0.327
     0.400    -0.862    -0.311
     0.285    -0.944    -0.166
     0.339    -0.915    -0.219
     0.307    -0.875    -0.374
    -0.030    -0.934    -0.355
     0.282    -0.873    -0.399
     0.341    -0.887    -0.311
     0.166    -0.939    -0.301
     0.419    -0.881    -0.218
     0.337    -0.915    -0.221
     0.298    -0.855    -0.424
     0.377    -0.827    -0.417
     0.598    -0.772    -0.213
    -0.065    -0.986    -0.151
     0.247    -0.874    -0.419
     0.330    -0.932    -0.151
     0.207    -0.815    -0.542
     0.108    -0.776    -0.622
     0.230    -0.845    -0.483
     0.317    -0.905    -0.282
     0.199    -0.915    -0.350
     0.150    -0.955    -0.257
     0.291    -0.751    -0.592
     0.179    -0.962    -0.206
     0.448    -0.795    -0.408
     0.468    -0.725    -0.505
     0.053    -0.957    -0.286
     0.518    -0.786    -0.338
     0.630    -0.716    -0.300
     0.253    -0.913    -0.320
     0.487    -0.863    -0.137
     0.474    -0.867    -0.154
     0.498    -0.814    -0.299
     0.096    -0.943    -0.320
     0.531    -0.796    -0.292
     0.191    -0.829    -0.525
     0.031    -0.987    -0.155
     0.400    -0.828    -0.393
     0.331    -0.841    -0.428
     0.338    -0.851    -0.401
     0.143    -0.855    -0.499
     0.464    -0.877    -0.126
     0.364    -0.909    -0.202
     0.200    -0.946    -0.254
     0.282    -0.936    -0.211
     0.158    -0.886    -0.437
     0.268    -0.919    -0.290
     0.521    -0.798    -0.303
     0.293    -0.918    -0.267
     0.523    -0.632    -0.572
     0.389    -0.861    -0.327
     0.050    -0.850    -0.525
     0.253    -0.919    -0.303
     0.118    -0.993    -0.014
     0.210    -0.907    -0.365
     0.271    -0.858    -0.436
     0.220    -0.892    -0.396
     0.460    -0.865    -0.199
     0.267    -0.813    -0.517
     0.251    -0.710    -0.658
     0.377    -0.908    -0.184
     0.329    -0.910    -0.253
     0.463    -0.713    -0.527
     0.287    -0.857    -0.428
     0.187    -0.933    -0.307
     0.347    -0.937    -0.035
     0.334    -0.881    -0.336
     0.157    -0.877    -0.454
     0.355    -0.896    -0.268
     0.199    -0.958    -0.206
     0.471    -0.760    -0.448
     0.238    -0.864    -0.443
     0.171    -0.744    -0.646
     0.487    -0.849    -0.205
     0.344    -0.888    -0.306
     0.324    -0.938    -0.121
     0.400    -0.849    -0.344
     0.272    -0.900    -0.340
     0.127    -0.963    -0.237
     0.295    -0.866    -0.404
     0.216    -0.851    -0.479
     0.418    -0.887    -0.195
     0.052    -0.884    -0.464
     0.265    -0.807    -0.528
     0.074    -0.947    -0.312
     0.356    -0.914    -0.195
     0.365    -0.869    -0.333
     0.200    -0.855    -0.479
     0.086    -0.973    -0.213
     0.454    -0.771    -0.448
     0.306    -0.896    -0.321
     0.179    -0.930    -0.320
     0.261    -0.931    -0.254
     0.403    -0.821    -0.403
     0.436    -0.889    -0.142
     0.051    -0.969    -0.241
     0.178    -0.968    -0.179
     0.397    -0.917    -0.033
     0.434    -0.877    -0.208
     0.144    -0.950    -0.276
     0.383    -0.738    -0.556
     0.294    -0.774    -0.561
     0.255    -0.960    -0.117
     0.318    -0.907    -0.276
     0.507    -0.775    -0.377
     0.432    -0.839    -0.332
     0.392    -0.864    -0.315
     0.292    -0.906    -0.306
     0.284    -0.924    -0.256
     0.379    -0.847    -0.374
     0.287    -0.892    -0.350
     0.375    -0.879    -0.294
     0.251    -0.851    -0.462
     0.301    -0.858    -0.416
     0.490    -0.798    -0.350
     0.352    -0.910    -0.219
     0.143    -0.872    -0.469
     0.236    -0.956    -0.174
     0.415    -0.893    -0.176
     0.033    -0.988    -0.151
     0.191    -0.946    -0.261
     0.342    -0.900    -0.270
     0.272    -0.893    -0.358
    -0.034    -0.909    -0.415
     0.141    -0.913    -0.383
     0.327    -0.900    -0.289
     0.205    -0.907    -0.369
     0.409    -0.859    -0.309
     0.309    -0.923    -0.229
     0.421    -0.774    -0.473
     0.292    -0.857    -0.425
     0.309    -0.832    -0.460
     0.308    -0.869    -0.388
     0.431    -0.862    -0.266
     0.162    -0.960    -0.228
     0.309    -0.886    -0.345
     0.158    -0.872    -0.463
     0.470    -0.836    -0.285
     0.320    -0.920    -0.226
     0.577    -0.742    -0.343
     0.339    -0.791    -0.509
     0.318    -0.841    -0.439
     0.354    -0.896    -0.267
     0.139    -0.969    -0.205
     0.283    -0.920    -0.270
     0.239    -0.936    -0.260
     0.431    -0.868    -0.248
     0.347    -0.916    -0.203
     0.491    -0.821    -0.291
     0.210    -0.916    -0.341
     0.257    -0.910    -0.325
     0.390    -0.868    -0.307
     0.428    -0.850    -0.306
     0.383    -0.904    -0.191
     0.234    -0.937    -0.260
     0.342    -0.835    -0.432
     0.415    -0.867    -0.278
     0.207    -0.977    -0.051
     0.377    -0.897    -0.229
     0.167    -0.976    -0.141
     0.304    -0.887    -0.346
     0.237    -0.965    -0.111
     0.184    -0.855    -0.485
    -0.042    -0.984    -0.175
     0.058    -0.922    -0.383
     0.402    -0.807    -0.433
     0.445    -0.851    -0.279
     0.469    -0.805    -0.365
     0.251    -0.854    -0.456
     0.425    -0.866    -0.264
     0.437    -0.851    -0.290
     0.481    -0.835    -0.265
     0.326    -0.927    -0.184
     0.377    -0.877    -0.298
     0.333    -0.865    -0.375
     0.263    -0.894    -0.362
     0.530    -0.721    -0.447
     0.394    -0.904    -0.165
     0.391    -0.920    -0.024
     0.566    -0.780    -0.267
     0.191    -0.972    -0.138
     0.129    -0.911    -0.392
     0.244    -0.908    -0.340
     0.419    -0.907     0.042
     0.228    -0.937    -0.265
     0.385    -0.885    -0.262
     0.344    -0.873    -0.345
     0.289    -0.936    -0.200
     0.307    -0.931    -0.198
     0.289    -0.925    -0.247
     0.169    -0.931    -0.324
     0.147    -0.955    -0.256
     0.264    -0.896    -0.358
     0.285    -0.763    -0.580
     0.495    -0.805    -0.328
     0.203    -0.969    -0.140
     0.237    -0.927    -0.290
     0.128    -0.946    -0.298
     0.380    -0.909    -0.170
     0.535    -0.778    -0.331
     0.202    -0.783    -0.588
     0.318    -0.834    -0.451
     0.558    -0.768    -0.314
     0.163    -0.921    -0.354
     0.367    -0.899    -0.238
     0.461    -0.867    -0.188
     0.044    -0.937    -0.347
     0.430    -0.701    -0.570
     0.409    -0.831    -0.377
     0.220    -0.780    -0.586
     0.428    -0.885    -0.181
     0.445    -0.838    -0.315
     0.222    -0.766    -0.603
     0.301    -0.904    -0.302
     0.449    -0.801    -0.395
     0.308    -0.923    -0.231
     0.484    -0.868    -0.111
     0.450    -0.844    -0.294
     0.379    -0.828    -0.413
     0.501    -0.863    -0.062
     0.397    -0.898    -0.191
     0.217    -0.933    -0.286
     0.063    -0.910    -0.411
     0.218    -0.906    -0.364
     0.294    -0.895    -0.336
     0.363    -0.898    -0.248
     0.468    -0.868    -0.167
     0.410    -0.878    -0.248
     0.161    -0.967    -0.200
     0.247    -0.911    -0.329
     0.229    -0.927    -0.297
     0.233    -0.822    -0.520
     0.023    -0.895    -0.444
     0.082    -0.956    -0.281
     0.349    -0.886    -0.305
     0.367    -0.929    -0.043
     0.225    -0.888    -0.401
     0.132    -0.845    -0.518
     0.258    -0.867    -0.427
     0.210    -0.936    -0.283
     0.298    -0.923    -0.244
     0.454    -0.722    -0.522
     0.246    -0.913    -0.325
     0.467    -0.828    -0.310
     0.443    -0.876    -0.193
     0.626    -0.698    -0.347
     0.581    -0.790    -0.194
     0.489    -0.757    -0.433
     0.419    -0.905    -0.067
     0.333    -0.865    -0.376
     0.304    -0.855    -0.421
     0.344    -0.922    -0.178
     0.247    -0.917    -0.313
     0.207    -0.964    -0.168
     0.368    -0.834    -0.411
     0.304    -0.946    -0.108
     0.392    -0.893    -0.221
     0.280    -0.940    -0.196
     0.411    -0.745    -0.526
     0.284    -0.929    -0.239
     0.150    -0.905    -0.398
     0.293    -0.928    -0.231
     0.235    -0.788    -0.569
     0.416    -0.859    -0.298
     0.219    -0.960    -0.173
     0.455    -0.793    -0.406
     0.233    -0.868    -0.438
     0.308    -0.931    -0.195
     0.306    -0.844    -0.441
     0.548    -0.818    -0.174
     0.465    -0.881    -0.085
     0.228    -0.916    -0.331
     0.330    -0.914    -0.234
     0.221    -0.833    -0.508
     0.389    -0.819    -0.423
     0.312    -0.826    -0.470
     0.348    -0.885    -0.310
     0.369    -0.820    -0.436
     0.512    -0.809    -0.288
     0.132    -0.958    -0.256
     0.234    -0.918    -0.319
     0.324    -0.912    -0.251
     0.310    -0.929    -0.202
     0.326    -0.892    -0.313
     0.379    -0.815    -0.439
     0.210    -0.944    -0.253
     0.315    -0.935    -0.164
     0.469    -0.847    -0.251
     0.278    -0.905    -0.321
     0.267    -0.958    -0.105
     0.233    -0.914    -0.333
     0.167    -0.912    -0.374
     0.493    -0.707    -0.506
     0.357    -0.889    -0.287
     0.480    -0.832    -0.278
     0.614    -0.743    -0.265
     0.074    -0.798    -0.598
     0.211    -0.933    -0.291
     0.131    -0.945    -0.298
     0.149    -0.761    -0.632
     0.235    -0.927    -0.292
     0.421    -0.873    -0.245
     0.327    -0.772    -0.545
     0.405    -0.833    -0.378
     0.252    -0.880    -0.404
     0.227    -0.941    -0.252
     0.417    -0.858    -0.299
     0.135    -0.931    -0.339
     0.447    -0.872    -0.201
     0.035    -0.906    -0.421
     0.405    -0.831    -0.381
     0.044    -0.983    -0.180
     0.019    -0.892    -0.451
     0.313    -0.940    -0.132
     0.392    -0.899    -0.198
     0.414    -0.891    -0.184
     0.386    -0.731    -0.562
     0.406    -0.866    -0.292
     0.480    -0.874    -0.082
     0.182    -0.878    -0.443
     0.470    -0.786    -0.402
     0.307    -0.830    -0.467
     0.270    -0.833    -0.483
     0.233    -0.893    -0.384
     0.183    -0.858    -0.480
     0.292    -0.852    -0.434
    -0.005    -0.934    -0.358
     0.398    -0.835    -0.381
     0.338    -0.831    -0.442
     0.404    -0.835    -0.374
     0.409    -0.806    -0.429
     0.256    -0.947    -0.193
     0.523    -0.825    -0.214
     0.375    -0.879    -0.295
     0.404    -0.875    -0.266
     0.334    -0.772    -0.542
     0.152    -0.942    -0.298
     0.199    -0.769    -0.608
     0.212    -0.897    -0.388
     0.329    -0.859    -0.392
     0.295    -0.928    -0.227
     0.024    -0.874    -0.486
     0.098    -0.946    -0.309
     0.065    -0.773    -0.631
     0.229    -0.931    -0.286
     0.578    -0.772    -0.263
     0.235    -0.931    -0.280
     0.305    -0.865    -0.398
     0.287    -0.904    -0.318
     0.114    -0.958    -0.263
     0.274    -0.962     0.019
     0.280    -0.933    -0.226
     0.087    -0.913    -0.399
     0.257    -0.847    -0.466
     0.399    -0.886    -0.238
     0.447    -0.895     0.014
     0.336    -0.866    -0.369
     0.499    -0.791    -0.355
     0.381    -0.876    -0.296
     0.099    -0.982    -0.158
     0.326    -0.888    -0.324
     0.255    -0.905    -0.339
     0.247    -0.911    -0.330
     0.247    -0.888    -0.388
     0.418    -0.808    -0.415
     0.292    -0.938    -0.188
     0.407    -0.879    -0.248
     0.129    -0.816    -0.564
     0.150    -0.981    -0.125
     0.248    -0.901    -0.355
     0.295    -0.892    -0.341
     0.150    -0.864    -0.481
     0.177    -0.984     0.018
     0.078    -0.860    -0.504
     0.376    -0.870    -0.320
     0.177    -0.892    -0.415
     0.365    -0.916    -0.167
     0.385    -0.896    -0.222
     0.345    -0.935    -0.086
     0.105    -0.959    -0.264
     0.218    -0.879    -0.423
     0.517    -0.820    -0.244
     0.501    -0.840    -0.208
     0.427    -0.898    -0.110
     0.332    -0.874    -0.355
     0.190    -0.837    -0.513
     0.246    -0.969     0.019
     0.333    -0.856    -0.395
     0.165    -0.805    -0.569
     0.295    -0.883    -0.366
     0.362    -0.929    -0.077
     0.236    -0.927    -0.292
     0.311    -0.911    -0.270
     0.510    -0.718    -0.473
     0.322    -0.896    -0.306
     0.263    -0.927    -0.268
     0.409    -0.776    -0.479
     0.297    -0.916    -0.269
     0.422    -0.801    -0.425
     0.333    -0.895    -0.296
     0.511    -0.787    -0.346
     0.498    -0.829    -0.256
     0.376    -0.845    -0.380
     0.149    -0.884    -0.443
     0.570    -0.799    -0.191
     0.382    -0.872    -0.304
     0.225    -0.932    -0.284
     0.278    -0.907    -0.316
     0.367    -0.762    -0.534
     0.365    -0.861    -0.354
     0.138    -0.945    -0.298
     0.215    -0.924    -0.315
     0.231    -0.925    -0.302
     0.511    -0.812    -0.284
     0.381    -0.867    -0.322
     0.369    -0.831    -0.416
     0.258    -0.840    -0.477
     0.478    -0.814    -0.330
     0.021    -0.937    -0.348
     0.554    -0.741    -0.379
     0.178    -0.792    -0.584
     0.181    -0.884    -0.431
     0.342    -0.919    -0.196
     0.176    -0.907    -0.381
     0.354    -0.919    -0.173
     0.165    -0.638    -0.752
     0.059    -0.925    -0.377
     0.314    -0.849    -0.425
     0.291    -0.831    -0.474
     0.475    -0.859    -0.190
     0.220    -0.822    -0.526
     0.141    -0.945    -0.295
     0.265    -0.896    -0.355
     0.314    -0.880    -0.355
     0.348    -0.832    -0.432
     0.088    -0.955    -0.283
    -0.067    -0.947    -0.313
     0.196    -0.948    -0.252
     0.506    -0.772    -0.385
     0.144    -0.935    -0.325
     0.323    -0.925    -0.199
     0.217    -0.898    -0.384
     0.368    -0.923    -0.110
     0.241    -0.910    -0.338
     0.447    -0.811    -0.377
     0.044    -0.963    -0.267
     0.160    -0.981    -0.107
     0.370    -0.806    -0.462
     0.398    -0.901    -0.175
     0.437    -0.738    -0.514
     0.410    -0.892    -0.191
     0.304    -0.921    -0.242
     0.415    -0.907    -0.073
     0.482    -0.866    -0.135
     0.197    -0.944    -0.265
     0.553    -0.801    -0.227
     0.105    -0.865    -0.491
     0.389    -0.919    -0.065
     0.331    -0.799    -0.502
     0.085    -0.913    -0.399
     0.459    -0.878    -0.137
     0.413    -0.887    -0.208
     0.305    -0.892    -0.333
     0.353    -0.922    -0.158
     0.208    -0.962    -0.176
     0.209    -0.878    -0.432
     0.545    -0.835     0.081
     0.438    -0.799    -0.412
     0.266    -0.928    -0.262
     0.328    -0.929    -0.171
     0.122    -0.968    -0.220
     0.340    -0.911    -0.233
     0.241    -0.857    -0.455
     0.267    -0.891    -0.367
     0.321    -0.887    -0.332
     0.411    -0.847    -0.338
     0.447    -0.835    -0.320
     0.277    -0.941    -0.193
     0.380    -0.770    -0.512
     0.013    -0.998    -0.067
     0.251    -0.942    -0.222
     0.175    -0.950    -0.260
     0.121    -0.681    -0.723
     0.238    -0.899    -0.368
     0.410    -0.886    -0.215
     0.133    -0.891    -0.433
     0.500    -0.697    -0.514
     0.186    -0.970    -0.160
     0.576    -0.735    -0.358
     0.353    -0.816    -0.457
     0.478    -0.806    -0.350
     0.197    -0.840    -0.505
     0.194    -0.871    -0.452
     0.153    -0.949    -0.275
     0.309    -0.904    -0.295
     0.149    -0.965    -0.214
     0.092    -0.840    -0.534
     0.393    -0.788    -0.474
     0.371    -0.861    -0.349
     0.329    -0.901    -0.283
     0.443    -0.851    -0.282
     0.163    -0.972    -0.169
     0.222    -0.960    -0.172
     0.314    -0.945    -0.090
     0.220    -0.921    -0.321
     0.430    -0.826    -0.365
     0.280    -0.896    -0.345
     0.420    -0.905    -0.063
     0.249    -0.936    -0.251
     0.035    -0.947    -0.318
     0.329    -0.944    -0.037
     0.468    -0.809    -0.356
     0.119    -0.936    -0.330
     0.502    -0.806    -0.312
     0.349    -0.881    -0.319
     0.301    -0.932    -0.205
     0.256    -0.850    -0.460
     0.232    -0.792    -0.565
     0.406    -0.890    -0.207
     0.430    -0.879    -0.207
     0.367    -0.749    -0.552
     0.382    -0.820    -0.427
     0.261    -0.915    -0.307
     0.167    -0.945    -0.281
     0.118    -0.961    -0.249
     0.381    -0.910    -0.165
     0.113    -0.867    -0.486
     0.252    -0.944    -0.214
     0.261    -0.858    -0.441
     0.269    -0.929    -0.255
     0.294    -0.952    -0.085
     0.018    -0.936    -0.351
     0.463    -0.834    -0.301
     0.320    -0.850    -0.417
     0.424    -0.843    -0.330
     0.127    -0.921    -0.369
     0.253    -0.816    -0.519
     0.363    -0.872    -0.328
     0.346    -0.915    -0.207
     0.301    -0.879    -0.369
     0.462    -0.881    -0.100
     0.451    -0.866    -0.217
     0.393    -0.777    -0.491
     0.280    -0.888    -0.365
    -0.030    -0.936    -0.351
     0.455    -0.841    -0.293
     0.160    -0.971    -0.177
    -0.033    -0.932    -0.360
     0.246    -0.907    -0.342
     0.284    -0.927    -0.243
     0.613    -0.715    -0.335
     0.473    -0.855    -0.214
     0.530    -0.796    -0.292
     0.207    -0.878    -0.431
     0.308    -0.927    -0.214
     0.259    -0.894    -0.367
     0.356    -0.887    -0.293
     0.507    -0.774    -0.381
     0.441    -0.801    -0.404
     0.353    -0.935    -0.043
     0.272    -0.916    -0.294
     0.402    -0.854    -0.331
     0.094    -0.915    -0.392
     0.614    -0.643    -0.458
     0.182    -0.905    -0.384
     0.226    -0.938    -0.262
     0.432    -0.707    -0.560
     0.320    -0.892    -0.320
     0.242    -0.960    -0.142
     0.393    -0.755    -0.525
     0.402    -0.719    -0.567
     0.302    -0.883    -0.360
     0.458    -0.803    -0.381
     0.085    -0.892    -0.445
     0.479    -0.848    -0.227
     0.496    -0.829    -0.259
     0.319    -0.881    -0.349
     0.453    -0.834    -0.315
     0.297    -0.919    -0.261
     0.311    -0.939    -0.146
     0.456    -0.794    -0.403
     0.415    -0.907    -0.078
     0.466    -0.772    -0.431
     0.238    -0.940    -0.244
     0.233    -0.883    -0.407
     0.196    -0.913    -0.358
     0.284    -0.908    -0.309
     0.367    -0.896    -0.251
     0.298    -0.869    -0.395
     0.510    -0.780    -0.363
     0.240    -0.961    -0.134
     0.454    -0.849    -0.269
     0.321    -0.839    -0.439
     0.277    -0.944    -0.180
     0.279    -0.845    -0.457
     0.166    -0.777    -0.607
     0.537    -0.763    -0.360
     0.398    -0.904    -0.154
     0.407    -0.792    -0.456
     0.452    -0.695    -0.559
    -0.098    -0.945    -0.313
     0.297    -0.876    -0.381
     0.138    -0.952    -0.273
     0.483    -0.829    -0.280
     0.233    -0.941    -0.244
     0.323    -0.821    -0.471
     0.281    -0.786    -0.551
     0.128    -0.896    -0.426
     0.060    -0.827    -0.559
     0.184    -0.964    -0.190
     0.334    -0.906    -0.259
     0.327    -0.830    -0.452
     0.273    -0.857    -0.438
     0.329    -0.817    -0.474
     0.279    -0.960    -0.021
     0.431    -0.741    -0.515
     0.346    -0.785    -0.513
     0.029    -0.973    -0.231
     0.323    -0.920    -0.223
     0.312    -0.901    -0.302
     0.350    -0.936    -0.037
     0.451    -0.854    -0.260
     0.165    -0.896    -0.412
     0.262    -0.963    -0.064
     0.284    -0.932    -0.223
     0.134    -0.981    -0.138
     0.296    -0.899    -0.322
     0.210    -0.943    -0.259
     0.383    -0.840    -0.385
     0.198    -0.911    -0.363
     0.202    -0.898    -0.391
     0.284    -0.882    -0.375
     0.306    -0.873    -0.381
     0.205    -0.944    -0.260
     0.189    -0.956    -0.225
     0.135    -0.983    -0.121
     0.095    -0.983    -0.156
     0.275    -0.918    -0.287
     0.372    -0.812    -0.449
     0.547    -0.776    -0.313
     0.421    -0.869    -0.261
     0.259    -0.925    -0.277
     0.228    -0.973    -0.022
     0.097    -0.921    -0.377
     0.297    -0.851    -0.433
     0.410    -0.883    -0.230
     0.300    -0.921    -0.249
     0.099    -0.937    -0.335
     0.270    -0.844    -0.464
     0.338    -0.810    -0.480
     0.259    -0.944    -0.205
     0.185    -0.926    -0.328
     0.176    -0.975    -0.134
     0.122    -0.948    -0.293
     0.284    -0.935    -0.212
     0.332    -0.892    -0.308
     0.246    -0.898    -0.364
     0.293    -0.889    -0.352
     0.480    -0.828    -0.291
     0.358    -0.843    -0.401
     0.477    -0.860    -0.181
     0.415    -0.806    -0.422
     0.242    -0.909    -0.340
     0.336    -0.903    -0.267
     0.391    -0.880    -0.271
     0.406    -0.895    -0.186
     0.351    -0.868    -0.352
     0.470    -0.746    -0.471
     0.285    -0.931    -0.228
     0.330    -0.910    -0.253
     0.040    -0.882    -0.470
     0.279    -0.869    -0.408
     0.192    -0.922    -0.336
     0.336    -0.868    -0.365
     0.027    -0.990    -0.136
     0.516    -0.831    -0.206
    -0.028    -0.988    -0.153
     0.200    -0.867    -0.457
     0.432    -0.878    -0.207
     0.494    -0.813    -0.310
     0.203    -0.905    -0.375
     0.230    -0.945    -0.232
     0.291    -0.898    -0.330
     0.206    -0.923    -0.326
     0.180    -0.965    -0.189
     0.361    -0.929    -0.086
     0.305    -0.823    -0.478
     0.445    -0.805    -0.392
     0.381    -0.886    -0.263
     0.109    -0.898    -0.426
     0.333    -0.941     0.057
     0.343    -0.761    -0.550
     0.136    -0.980    -0.144
     0.276    -0.913    -0.301
     0.755    -0.648    -0.100
     0.253    -0.917    -0.307
     0.203    -0.976    -0.074
     0.428    -0.783    -0.451
     0.381    -0.797    -0.468
     0.241    -0.912    -0.333
     0.364    -0.839    -0.404
     0.497    -0.776    -0.387
     0.054    -0.975    -0.217
     0.196    -0.855    -0.481
     0.043    -0.991    -0.130
     0.342    -0.847    -0.407
     0.158    -0.827    -0.540
     0.541    -0.823    -0.175
     0.363    -0.820    -0.442
     0.302    -0.903    -0.306
     0.182    -0.866    -0.467
     0.285    -0.953    -0.102
     0.224    -0.957    -0.186
     0.210    -0.889    -0.408
     0.284    -0.936    -0.210
     0.382    -0.898    -0.218
     0.225    -0.878    -0.422
     0.170    -0.922    -0.347
     0.269    -0.851    -0.452
     0.220    -0.941    -0.258
     0.342    -0.919    -0.195
     0.200    -0.917    -0.345
     0.149    -0.890    -0.431
     0.190    -0.800    -0.569
     0.332    -0.874    -0.356
     0.443    -0.864    -0.240
    -0.089    -0.925    -0.369
     0.316    -0.916    -0.249
     0.297    -0.945    -0.133
     0.357    -0.798    -0.486
     0.316    -0.730    -0.606
     0.146    -0.947    -0.287
     0.324    -0.873    -0.364
     0.281    -0.945    -0.167
     0.586    -0.713    -0.384
     0.085    -0.971    -0.222
     0.241    -0.872    -0.425
     0.360    -0.811    -0.462
     0.260    -0.934    -0.246
    -0.054    -0.964    -0.262
     0.286    -0.934    -0.215
    -0.008    -0.964    -0.266
     0.197    -0.846    -0.495
     0.086    -0.965    -0.248
     0.218    -0.959    -0.182
     0.305    -0.925    -0.225
     0.431    -0.843    -0.323
     0.227    -0.968    -0.109
     0.103    -0.948    -0.302
     0.508    -0.854    -0.108
     0.349    -0.885    -0.308
     0.095    -0.991    -0.091
     0.260    -0.961    -0.094
     0.304    -0.849    -0.431
     0.039    -0.959    -0.281
     0.218    -0.898    -0.382
     0.096    -0.911    -0.401
     0.233    -0.950    -0.209
     0.206    -0.911    -0.357
     0.486    -0.788    -0.379
     0.368    -0.800    -0.473
     0.319    -0.847    -0.426
     0.221    -0.834    -0.506
     0.206    -0.949    -0.239
     0.196    -0.935    -0.295
     0.035    -0.997    -0.074
     0.451    -0.652    -0.610
     0.513    -0.797    -0.320
     0.266    -0.856    -0.444
     0.081    -0.933    -0.351
