     0.367    -0.268    -0.891
     0.648    -0.200    -0.735
     0.273    -0.794    -0.543
     0.557    -0.525    -0.643
     0.342    -0.291    -0.894
     0.337    -0.766    -0.548
    -0.102    -0.830    -0.549
     0.203    -0.610    -0.765
     0.406    -0.510    -0.759
     0.508    -0.858     0.080
     0.214    -0.880    -0.425
     0.075    -0.749    -0.658
     0.422    -0.693    -0.585
     0.512    -0.645    -0.567
     0.521    -0.615    -0.592
     0.215    -0.123    -0.969
     0.605    -0.412    -0.681
     0.476    -0.217    -0.852
     0.186    -0.610    -0.771
     0.541    -0.342    -0.768
     0.386    -0.562    -0.731
     0.407    -0.451    -0.794
     0.309    -0.731    -0.609
     0.313    -0.646    -0.697
     0.262    -0.482    -0.836
     0.376    -0.212    -0.902
     0.069    -0.687    -0.724
     0.427    -0.698    -0.576
     0.343    -0.884    -0.318
     0.246    -0.540    -0.805
     0.239    -0.585    -0.775
     0.945    -0.271    -0.182
     0.713    -0.279    -0.643
     0.175    -0.403    -0.898
    -0.221    -0.533    -0.817
     0.256    -0.185    -0.949
    -0.386    -0.326    -0.863
    -0.105    -0.449    -0.888
     0.507    -0.360    -0.783
     0.508    -0.443    -0.739
    -0.159    -0.559    -0.814
    -0.085    -0.734    -0.673
     0.395    -0.416    -0.819
    -0.086    -0.498    -0.863
     0.312    -0.429    -0.848
     0.350    -0.734    -0.583
     0.274    -0.631    -0.726
     0.391    -0.511    -0.766
     0.812    -0.385    -0.439
     0.663    -0.172    -0.729
     0.752    -0.352    -0.558
     0.569    -0.247    -0.784
     0.680    -0.665    -0.307
     0.047    -0.969    -0.241
     0.119    -0.795    -0.594
     0.183    -0.715    -0.674
     0.382    -0.374    -0.845
     0.525    -0.387    -0.758
    -0.093    -0.823    -0.561
    -0.288    -0.534    -0.795
     0.184    -0.567    -0.803
    -0.013    -0.769    -0.639
     0.494    -0.517    -0.699
     0.202    -0.626    -0.753
     0.191    -0.437    -0.879
    -0.196    -0.906    -0.376
     0.707    -0.417    -0.572
     0.444    -0.662    -0.603
     0.159    -0.538    -0.828
     0.845    -0.127    -0.519
     0.076    -0.631    -0.772
     0.363    -0.590    -0.721
     0.376    -0.687    -0.621
     0.466    -0.280    -0.839
     0.669    -0.653    -0.354
     0.303    -0.594    -0.745
     0.676    -0.566    -0.472
     0.346    -0.453    -0.822
     0.261    -0.823    -0.504
     0.370    -0.547    -0.751
     0.181    -0.462    -0.868
     0.165    -0.646    -0.745
     0.029    -0.880    -0.474
    -0.008    -0.405    -0.914
     0.566    -0.483    -0.668
     0.658    -0.246    -0.711
     0.580    -0.103    -0.808
     0.223    -0.330    -0.917
     0.147    -0.783    -0.604
    -0.186    -0.576    -0.796
     0.467    -0.070    -0.881
     0.469    -0.652    -0.596
     0.346    -0.834    -0.430
     0.286    -0.358    -0.889
     0.719    -0.620    -0.316
    -0.094    -0.855    -0.510
     0.121    -0.386    -0.914
     0.241    -0.836    -0.493
     0.092    -0.718    -0.690
     0.570    -0.440    -0.694
    -0.310    -0.888    -0.338
     0.411    -0.327    -0.851
     0.190    -0.672    -0.716
     0.483    -0.850    -0.212
     0.614    -0.469    -0.635
     0.312    -0.872    -0.376
     0.501    -0.315    -0.806
     0.246    -0.634    -0.733
     0.506    -0.668    -0.546
     0.206    -0.647    -0.735
     0.315    -0.486    -0.815
     0.458    -0.376    -0.806
     0.258     0.107    -0.960
     0.214    -0.773    -0.598
     0.482    -0.558    -0.676
     0.206    -0.635    -0.744
     0.394    -0.619    -0.679
     0.248    -0.641    -0.726
     0.318    -0.109    -0.942
     0.261    -0.885    -0.385
     0.103    -0.872    -0.478
    -0.139    -0.843    -0.519
     0.343    -0.485    -0.804
     0.433    -0.773    -0.464
     0.512    -0.739    -0.439
     0.667    -0.397    -0.631
     0.023    -0.620    -0.784
     0.418    -0.820    -0.391
     0.384    -0.535    -0.753
    -0.127    -0.822    -0.555
     0.279    -0.332    -0.901
     0.567    -0.631    -0.530
     0.403    -0.835    -0.374
     0.551    -0.782    -0.290
     0.384    -0.793    -0.473
    -0.224    -0.271    -0.936
     0.577    -0.193    -0.793
     0.193    -0.484    -0.854
     0.628    -0.277    -0.728
     0.065    -0.808    -0.586
     0.095    -0.716    -0.691
     0.369    -0.569    -0.735
     0.566    -0.603    -0.561
     0.397    -0.773    -0.495
     0.011    -0.681    -0.733
    -0.082    -0.510    -0.856
     0.180    -0.663    -0.726
     0.621    -0.286    -0.730
     0.545    -0.753    -0.368
     0.128    -0.560    -0.819
     0.282    -0.679    -0.677
     0.402    -0.492    -0.772
     0.418    -0.695    -0.586
     0.361    -0.095    -0.928
     0.333    -0.795    -0.507
     0.505    -0.569    -0.649
    -0.042    -0.784    -0.619
     0.061    -0.491    -0.869
     0.326    -0.087    -0.941
     0.290    -0.857    -0.426
     0.253    -0.730    -0.635
     0.048    -0.798    -0.601
     0.075    -0.813    -0.577
     0.223    -0.672    -0.706
     0.259    -0.930    -0.261
     0.393    -0.428    -0.814
     0.475    -0.821    -0.317
     0.422    -0.220    -0.879
     0.421    -0.621    -0.661
     0.200    -0.926    -0.321
     0.264    -0.558    -0.787
     0.428    -0.540    -0.725
     0.536    -0.574    -0.619
    -0.232    -0.682    -0.693
     0.363    -0.845    -0.393
     0.649    -0.419    -0.635
    -0.160    -0.662    -0.733
     0.300    -0.682    -0.667
     0.052    -0.561    -0.826
     0.141    -0.857    -0.496
     0.375    -0.334    -0.865
     0.177    -0.751    -0.637
     0.205    -0.446    -0.871
     0.374    -0.739    -0.560
     0.147    -0.348    -0.926
     0.690    -0.177    -0.702
     0.299    -0.584    -0.755
     0.100    -0.851    -0.516
     0.424    -0.838    -0.343
     0.088    -0.822    -0.563
    -0.356    -0.591    -0.724
     0.410    -0.577    -0.706
     0.128    -0.540    -0.832
     0.387    -0.516    -0.764
     0.501    -0.562    -0.658
     0.493    -0.518    -0.699
     0.398    -0.834    -0.382
     0.271    -0.586    -0.764
     0.052    -0.767    -0.640
     0.002    -0.651    -0.759
     0.322    -0.780    -0.537
    -0.211    -0.939    -0.273
     0.534    -0.693    -0.485
    -0.051    -0.602    -0.797
     0.230    -0.659    -0.716
     0.156    -0.457    -0.876
     0.454    -0.746    -0.488
     0.704    -0.306    -0.641
     0.303    -0.315    -0.899
     0.539    -0.317    -0.780
     0.471    -0.284    -0.835
     0.034    -0.808    -0.588
     0.556    -0.589    -0.586
     0.449    -0.429    -0.784
     0.462    -0.046    -0.885
     0.267    -0.653    -0.709
     0.228    -0.476    -0.849
     0.578    -0.402    -0.710
    -0.027    -0.681    -0.732
     0.836    -0.417    -0.357
     0.274    -0.819    -0.504
     0.623    -0.316    -0.715
     0.566    -0.817    -0.114
     0.540    -0.719    -0.436
     0.031    -0.672    -0.740
     0.080    -0.600    -0.796
     0.300    -0.568    -0.766
     0.279    -0.824    -0.492
     0.629    -0.362    -0.688
     0.493    -0.668    -0.557
     0.027    -0.837    -0.546
     0.159    -0.249    -0.955
     0.199    -0.789    -0.581
     0.367    -0.214    -0.905
     0.628    -0.484    -0.610
     0.290    -0.332    -0.898
     0.229    -0.721    -0.654
    -0.010    -0.429    -0.903
    -0.073    -0.872    -0.485
     0.052    -0.845    -0.532
     0.135    -0.460    -0.878
     0.511    -0.718    -0.473
     0.360    -0.565    -0.743
     0.903    -0.218    -0.371
    -0.034    -0.774    -0.632
     0.179    -0.778    -0.602
     0.022    -0.554    -0.832
     0.408    -0.433    -0.804
     0.086    -0.530    -0.844
     0.089    -0.297    -0.951
     0.154    -0.927    -0.342
     0.234     0.040    -0.972
     0.686    -0.431    -0.585
     0.367    -0.661    -0.655
     0.392    -0.623    -0.677
     0.527    -0.817    -0.232
     0.022    -0.863    -0.505
     0.430    -0.564    -0.705
     0.201    -0.559    -0.804
     0.442    -0.367    -0.819
     0.506    -0.464    -0.727
     0.381    -0.483    -0.789
     0.526    -0.835    -0.162
     0.155    -0.915    -0.372
     0.567    -0.710    -0.416
     0.300    -0.817    -0.493
     0.018    -0.987    -0.159
     0.566    -0.577    -0.589
     0.300    -0.727    -0.618
     0.162    -0.609    -0.776
     0.255    -0.594    -0.763
     0.595    -0.335    -0.730
     0.560    -0.482    -0.673
     0.593    -0.659    -0.462
    -0.006    -0.346    -0.938
     0.038    -0.615    -0.788
     0.766    -0.459    -0.450
     0.404    -0.584    -0.704
     0.444    -0.496    -0.746
     0.435    -0.516    -0.738
     0.504    -0.707    -0.497
     0.243    -0.776    -0.582
     0.805    -0.548    -0.227
     0.279    -0.597    -0.752
     0.275    -0.667    -0.693
     0.185    -0.590    -0.786
     0.447    -0.429    -0.785
     0.783    -0.273    -0.559
     0.390    -0.832    -0.394
     0.303    -0.802    -0.515
     0.516    -0.362    -0.776
     0.197    -0.865    -0.462
     0.598    -0.619    -0.510
     0.477    -0.573    -0.667
     0.119    -0.806    -0.581
     0.469    -0.347    -0.812
     0.705    -0.207    -0.678
     0.438    -0.477    -0.762
     0.097    -0.768    -0.633
     0.289    -0.936    -0.202
     0.054    -0.517    -0.854
     0.421    -0.332    -0.844
     0.340    -0.935    -0.103
     0.542    -0.741    -0.396
     0.117    -0.089    -0.989
     0.393    -0.918     0.048
     0.622    -0.721    -0.303
    -0.041    -0.909    -0.414
     0.241    -0.525    -0.816
     0.410    -0.622    -0.667
     0.502    -0.687    -0.525
     0.015    -0.726    -0.688
     0.543    -0.478    -0.691
     0.414    -0.566    -0.712
     0.317    -0.575    -0.754
     0.475    -0.674    -0.566
     0.414    -0.565    -0.714
     0.175    -0.440    -0.881
     0.156    -0.584    -0.796
    -0.019    -0.685    -0.728
     0.414    -0.671    -0.615
     0.380    -0.269    -0.885
     0.421    -0.689    -0.589
     0.225    -0.769    -0.598
     0.039    -0.804    -0.593
     0.339    -0.590    -0.733
     0.592    -0.771    -0.234
     0.188    -0.695    -0.694
     0.111    -0.706    -0.699
     0.300    -0.683    -0.666
     0.173    -0.719    -0.674
    -0.239    -0.855    -0.461
     0.324    -0.700    -0.636
     0.166    -0.770    -0.616
     0.415    -0.339    -0.844
     0.600    -0.615    -0.512
     0.037    -0.681    -0.732
     0.588    -0.657    -0.472
     0.639    -0.297    -0.709
    -0.123    -0.950    -0.287
     0.306    -0.555    -0.773
     0.314    -0.465    -0.828
     0.275    -0.849    -0.451
     0.425    -0.491    -0.761
    -0.047    -0.731    -0.681
     0.413    -0.484    -0.771
     0.032    -0.611    -0.791
     0.419    -0.690    -0.590
     0.326    -0.849    -0.415
    -0.158    -0.477    -0.865
     0.236    -0.803    -0.548
     0.618    -0.277    -0.736
     0.064    -0.824    -0.563
     0.160    -0.808    -0.566
     0.284    -0.723    -0.629
    -0.068    -0.647    -0.759
     0.326    -0.423    -0.845
     0.373    -0.513    -0.773
     0.169    -0.794    -0.584
     0.115    -0.329    -0.937
     0.310    -0.341    -0.887
    -0.049    -0.314    -0.948
     0.276    -0.561    -0.781
     0.653    -0.531    -0.540
     0.376    -0.809    -0.452
     0.616    -0.239    -0.750
     0.614    -0.746    -0.258
     0.304    -0.863    -0.402
     0.010    -0.277    -0.961
     0.221    -0.247    -0.944
     0.342    -0.807    -0.481
     0.458    -0.538    -0.707
     0.111    -0.772    -0.625
     0.643    -0.378    -0.666
     0.232    -0.874    -0.427
    -0.136    -0.647    -0.751
     0.555    -0.593    -0.583
     0.337    -0.766    -0.547
     0.510    -0.279    -0.814
     0.198    -0.634    -0.748
     0.336    -0.434    -0.836
    -0.395    -0.597    -0.698
     0.557    -0.679    -0.478
     0.148    -0.872    -0.467
     0.232    -0.876    -0.422
     0.186    -0.501    -0.845
     0.438    -0.871    -0.223
    -0.121    -0.806    -0.580
     0.416    -0.861    -0.293
     0.319    -0.681    -0.659
     0.665    -0.162    -0.729
    -0.003    -0.757    -0.653
     0.498    -0.386    -0.776
    -0.074    -0.600    -0.797
     0.546    -0.290    -0.786
     0.225    -0.483    -0.846
    -0.051    -0.839    -0.542
     0.174    -0.719    -0.673
     0.604    -0.146    -0.783
     0.468    -0.798    -0.379
     0.290    -0.483    -0.827
     0.035    -0.532    -0.846
     0.213    -0.835    -0.507
     0.095    -0.735    -0.671
     0.153    -0.946    -0.287
     0.635    -0.376    -0.675
     0.164    -0.709    -0.685
     0.381    -0.623    -0.684
     0.438    -0.589    -0.679
     0.703    -0.266    -0.660
     0.001    -0.618    -0.786
    -0.004    -0.883    -0.469
     0.227    -0.422    -0.878
     0.104    -0.848    -0.520
    -0.166    -0.733    -0.660
    -0.069    -0.371    -0.926
     0.301    -0.761    -0.575
     0.489    -0.603    -0.630
     0.587    -0.751    -0.301
     0.817    -0.441    -0.372
     0.722    -0.678    -0.136
     0.050    -0.640    -0.766
     0.331    -0.906    -0.264
     0.354    -0.149    -0.923
     0.488    -0.580    -0.652
     0.679    -0.417    -0.604
     0.422    -0.878    -0.227
     0.269    -0.692    -0.670
     0.596    -0.602    -0.532
     0.052    -0.847    -0.529
     0.475    -0.853    -0.215
     0.136    -0.518    -0.844
     0.686    -0.699    -0.199
     0.703    -0.409    -0.582
     0.467    -0.610    -0.640
     0.112    -0.545    -0.831
     0.445    -0.471    -0.762
     0.168    -0.558    -0.812
     0.131    -0.594    -0.793
     0.340    -0.658    -0.672
     0.752    -0.414    -0.513
     0.500    -0.584    -0.639
     0.176    -0.713    -0.679
     0.357    -0.628    -0.691
     0.793    -0.498    -0.351
     0.343    -0.626    -0.700
     0.284    -0.749    -0.599
    -0.094    -0.397    -0.913
     0.786    -0.607    -0.118
    -0.103    -0.477    -0.873
     0.125    -0.684    -0.719
     0.414    -0.721    -0.556
     0.351    -0.689    -0.634
     0.113    -0.859    -0.500
     0.621    -0.631    -0.465
     0.268    -0.918    -0.292
     0.212    -0.486    -0.848
     0.394    -0.702    -0.593
     0.133    -0.599    -0.790
     0.156    -0.665    -0.730
    -0.137    -0.691    -0.709
     0.221     0.053    -0.974
     0.526    -0.332    -0.783
     0.384    -0.655    -0.651
     0.471    -0.394    -0.789
     0.685    -0.458    -0.566
     0.355    -0.555    -0.752
     0.165    -0.587    -0.793
     0.461    -0.415    -0.784
     0.237    -0.414    -0.879
     0.074    -0.776    -0.626
     0.528    -0.427    -0.734
     0.462    -0.715    -0.525
     0.506    -0.675    -0.537
     0.502    -0.787    -0.359
     0.364    -0.884    -0.294
     0.664    -0.341    -0.665
     0.160    -0.809    -0.565
     0.332    -0.852    -0.404
    -0.036    -0.240    -0.970
     0.510    -0.659    -0.554
     0.101    -0.901    -0.422
     0.239    -0.390    -0.890
     0.406    -0.368    -0.837
     0.317    -0.176    -0.932
    -0.106    -0.885    -0.453
     0.198    -0.746    -0.635
     0.387    -0.699    -0.601
     0.252    -0.933    -0.256
     0.407    -0.687    -0.602
     0.405     0.026    -0.914
     0.380    -0.619    -0.687
     0.284    -0.879    -0.383
     0.269    -0.674    -0.688
     0.237    -0.141    -0.961
     0.105    -0.664    -0.741
     0.091    -0.462    -0.882
     0.078    -0.483    -0.872
     0.291    -0.585    -0.757
     0.479     0.048    -0.876
     0.575     0.012    -0.818
     0.164    -0.650    -0.742
     0.207    -0.727    -0.654
     0.097    -0.370    -0.924
     0.596    -0.285    -0.750
     0.644    -0.511    -0.570
     0.630    -0.671    -0.390
     0.236    -0.818    -0.525
     0.330    -0.684    -0.651
     0.361    -0.283    -0.889
     0.268    -0.428    -0.863
     0.319    -0.534    -0.783
     0.406    -0.624    -0.668
     0.277    -0.612    -0.741
     0.157    -0.334    -0.929
     0.874    -0.419    -0.245
    -0.197    -0.589    -0.784
     0.042    -0.292    -0.955
     0.476    -0.750    -0.459
     0.238    -0.653    -0.719
     0.549    -0.612    -0.570
    -0.085    -0.330    -0.940
     0.169    -0.742    -0.649
     0.080    -0.774    -0.628
    -0.057    -0.520    -0.853
     0.176    -0.599    -0.781
     0.245    -0.710    -0.660
     0.234    -0.625    -0.744
    -0.329    -0.355    -0.875
     0.510    -0.597    -0.619
     0.201    -0.667    -0.718
     0.265    -0.456    -0.850
     0.080    -0.639    -0.765
     0.363    -0.595    -0.717
     0.003    -0.451    -0.893
     0.287    -0.601    -0.746
     0.341    -0.247    -0.907
     0.302    -0.531    -0.792
     0.466    -0.676    -0.571
     0.328    -0.465    -0.823
     0.339    -0.873    -0.350
     0.402    -0.567    -0.719
    -0.105    -0.554    -0.826
     0.814    -0.219    -0.538
     0.131    -0.651    -0.748
     0.219    -0.822    -0.526
     0.557    -0.488    -0.672
     0.543    -0.481    -0.689
     0.072    -0.962    -0.264
     0.620    -0.628    -0.470
     0.583    -0.618    -0.527
    -0.073    -0.678    -0.732
     0.552    -0.365    -0.750
     0.463    -0.526    -0.713
     0.306    -0.813    -0.496
    -0.037    -0.487    -0.873
     0.708    -0.202    -0.677
     0.799    -0.480    -0.362
     0.559    -0.065    -0.827
     0.063    -0.662    -0.747
     0.380    -0.580    -0.721
     0.271    -0.858    -0.437
     0.331    -0.332    -0.883
     0.376    -0.734    -0.565
     0.510    -0.476    -0.716
     0.437    -0.548    -0.714
     0.527    -0.429    -0.734
     0.050     0.026    -0.998
    -0.027    -0.612    -0.790
     0.124    -0.301    -0.945
     0.418    -0.817    -0.397
     0.364    -0.715    -0.597
     0.223    -0.500    -0.836
     0.187    -0.673    -0.716
     0.611    -0.758    -0.228
     0.361    -0.401    -0.842
     0.283    -0.428    -0.859
     0.308    -0.435    -0.846
     0.538    -0.822    -0.184
     0.050    -0.708    -0.704
     0.472    -0.707    -0.526
     0.365    -0.619    -0.696
     0.251    -0.449    -0.858
     0.224    -0.285    -0.932
     0.373    -0.725    -0.580
     0.878    -0.104    -0.468
    -0.345    -0.278    -0.897
     0.162    -0.726    -0.669
     0.280    -0.735    -0.617
     0.199    -0.424    -0.884
     0.481    -0.037    -0.876
    -0.125    -0.915    -0.383
    -0.136    -0.824    -0.551
     0.514    -0.513    -0.687
     0.732    -0.399    -0.552
    -0.324    -0.334    -0.885
     0.272    -0.474    -0.837
     0.740    -0.556    -0.380
     0.694    -0.718    -0.052
    -0.010    -0.557    -0.830
     0.407    -0.649    -0.643
    -0.011    -0.287    -0.958
    -0.033    -0.501    -0.865
     0.462    -0.449    -0.765
     0.554    -0.410    -0.725
     0.246    -0.929    -0.276
     0.631    -0.356    -0.690
     0.506    -0.801    -0.319
     0.294    -0.584    -0.757
     0.442    -0.456    -0.772
    -0.074    -0.789    -0.610
    -0.035    -0.137    -0.990
     0.474    -0.490    -0.732
    -0.057    -0.722    -0.690
     0.119    -0.764    -0.634
     0.298    -0.803    -0.516
    -0.222    -0.739    -0.636
     0.553    -0.674    -0.491
     0.519    -0.471    -0.713
     0.496    -0.404    -0.769
     0.032    -0.794    -0.607
     0.143    -0.718    -0.681
     0.297    -0.575    -0.762
    -0.072    -0.476    -0.877
     0.288    -0.603    -0.744
     0.779    -0.131    -0.614
     0.365    -0.433    -0.824
     0.605    -0.734    -0.309
     0.360    -0.869    -0.340
    -0.047    -0.428    -0.903
    -0.095    -0.560    -0.823
     0.604    -0.604    -0.520
     0.262    -0.440    -0.859
     0.515    -0.559    -0.650
     0.719    -0.502    -0.481
     0.128    -0.839    -0.528
     0.724    -0.078    -0.685
     0.166    -0.387    -0.907
     0.100    -0.922    -0.373
     0.406    -0.525    -0.748
     0.118    -0.514    -0.850
     0.632    -0.406    -0.660
     0.111    -0.993     0.040
     0.547    -0.543    -0.637
    -0.168    -0.444    -0.880
     0.713    -0.572    -0.405
     0.182    -0.757    -0.628
     0.517    -0.636    -0.574
     0.432    -0.735    -0.522
     0.168    -0.516    -0.840
     0.392    -0.482    -0.784
     0.070    -0.627    -0.776
     0.177    -0.329    -0.928
     0.381    -0.729    -0.569
     0.129    -0.774    -0.620
     0.499    -0.452    -0.739
     0.290    -0.427    -0.856
     0.168    -0.856    -0.489
     0.409    -0.406    -0.817
     0.241    -0.690    -0.682
     0.338    -0.624    -0.704
    -0.224    -0.803    -0.552
     0.164    -0.668    -0.726
     0.412    -0.889    -0.201
    -0.090    -0.735    -0.673
     0.338    -0.343    -0.877
     0.325    -0.531    -0.782
     0.421    -0.554    -0.719
    -0.264    -0.828    -0.495
     0.178    -0.771    -0.611
     0.618    -0.610    -0.496
     0.331    -0.521    -0.787
     0.651    -0.511    -0.560
     0.265    -0.464    -0.845
     0.208    -0.864    -0.459
     0.476    -0.685    -0.552
     0.126    -0.650    -0.750
     0.339    -0.904    -0.260
     0.564    -0.514    -0.646
    -0.235    -0.379    -0.895
     0.438    -0.895    -0.088
     0.282    -0.602    -0.747
     0.067    -0.584    -0.809
     0.130    -0.943    -0.307
     0.072    -0.624    -0.778
     0.247    -0.282    -0.927
     0.556    -0.217    -0.802
     0.124    -0.960    -0.251
     0.009    -0.713    -0.701
     0.102    -0.569    -0.816
     0.642    -0.586    -0.493
     0.442    -0.263    -0.858
     0.538    -0.800    -0.267
     0.091    -0.681    -0.727
     0.166    -0.746    -0.645
     0.107    -0.689    -0.717
     0.058    -0.903    -0.425
     0.124    -0.699    -0.704
     0.042    -0.599    -0.800
     0.438    -0.303    -0.846
     0.188    -0.779    -0.598
    -0.111    -0.429    -0.896
     0.474    -0.539    -0.696
     0.610    -0.504    -0.611
     0.480     0.100    -0.871
     0.670    -0.669    -0.321
     0.463    -0.777    -0.427
     0.170    -0.833    -0.527
     0.390    -0.565    -0.727
     0.081    -0.826    -0.558
     0.385    -0.522    -0.761
     0.390    -0.344    -0.854
     0.462    -0.493    -0.738
     0.465    -0.583    -0.666
     0.817    -0.185    -0.545
     0.004    -0.771    -0.637
     0.332    -0.714    -0.617
     0.107    -0.743    -0.661
     0.417    -0.486    -0.769
    -0.403    -0.589    -0.700
     0.617    -0.291    -0.731
    -0.083    -0.816    -0.572
     0.122    -0.739    -0.662
     0.177    -0.876    -0.449
     0.218    -0.656    -0.723
    -0.078    -0.707    -0.702
     0.237    -0.669    -0.705
     0.228    -0.712    -0.664
     0.264    -0.667    -0.696
     0.324    -0.612    -0.721
     0.353    -0.638    -0.685
     0.171    -0.563    -0.809
     0.400    -0.643    -0.653
     0.101    -0.728    -0.678
     0.130    -0.817    -0.562
     0.053    -0.698    -0.714
     0.196    -0.674    -0.712
     0.345    -0.824    -0.450
     0.058    -0.564    -0.824
     0.639    -0.714    -0.287
     0.450    -0.728    -0.517
     0.144    -0.919    -0.366
     0.386    -0.217    -0.896
     0.589    -0.314    -0.745
     0.481    -0.590    -0.648
    -0.147    -0.601    -0.786
     0.182    -0.529    -0.829
     0.204    -0.768    -0.607
     0.631    -0.651    -0.421
    -0.009    -0.601    -0.799
     0.004    -0.165    -0.986
     0.148    -0.521    -0.841
     0.424    -0.472    -0.773
     0.621    -0.486    -0.615
    -0.046    -0.987    -0.156
     0.155    -0.757    -0.635
    -0.147    -0.358    -0.922
     0.683    -0.513    -0.520
    -0.172    -0.985     0.010
     0.031    -0.620    -0.784
     0.261    -0.689    -0.676
     0.201    -0.791    -0.577
     0.505    -0.690    -0.518
     0.092    -0.382    -0.920
     0.182    -0.719    -0.670
     0.176    -0.610    -0.773
     0.465    -0.708    -0.532
     0.415    -0.718    -0.559
     0.574    -0.495    -0.652
     0.269    -0.777    -0.569
     0.402    -0.687    -0.605
     0.131    -0.352    -0.927
     0.161    -0.874    -0.458
     0.660    -0.613    -0.435
    -0.109    -0.662    -0.741
     0.635    -0.264    -0.726
     0.062    -0.553    -0.831
     0.413    -0.510    -0.755
     0.536    -0.281    -0.796
     0.454    -0.114    -0.884
     0.238    -0.584    -0.776
     0.321    -0.674    -0.665
    -0.040    -0.722    -0.691
    -0.089    -0.249    -0.964
    -0.348    -0.590    -0.728
     0.129    -0.495    -0.859
    -0.075    -0.557    -0.827
     0.276    -0.714    -0.644
     0.570    -0.410    -0.713
    -0.396    -0.794    -0.462
     0.812    -0.077    -0.579
     0.344    -0.696    -0.630
    -0.227    -0.700    -0.677
     0.494    -0.685    -0.536
     0.248    -0.653    -0.716
     0.037    -0.633    -0.774
     0.388    -0.756    -0.527
     0.375    -0.326    -0.868
     0.452    -0.827    -0.334
     0.869    -0.383    -0.314
     0.236    -0.889    -0.392
     0.218    -0.905    -0.366
     0.528    -0.358    -0.770
    -0.001    -0.399    -0.917
     0.632    -0.414    -0.655
     0.502    -0.680    -0.535
     0.203    -0.850    -0.486
     0.317    -0.700    -0.640
     0.156    -0.864    -0.479
     0.949    -0.316    -0.012
     0.369    -0.832    -0.413
     0.558    -0.199    -0.806
     0.049    -0.985    -0.167
     0.716    -0.493    -0.494
     0.788    -0.328    -0.522
     0.505    -0.690    -0.519
     0.214    -0.592    -0.777
     0.943    -0.223    -0.246
     0.775    -0.211    -0.596
     0.536    -0.783    -0.316
     0.079    -0.508    -0.858
     0.254    -0.559    -0.790
     0.034    -0.656    -0.754
     0.123    -0.496    -0.860
     0.335    -0.840    -0.427
    -0.051    -0.516    -0.855
     0.577    -0.801    -0.158
     0.458     0.025    -0.889
     0.816    -0.304    -0.491
     0.537    -0.353    -0.766
     0.344    -0.384    -0.856
     0.522    -0.687    -0.505
     0.316    -0.682    -0.659
     0.310    -0.460    -0.832
     0.242    -0.549    -0.800
     0.609    -0.558    -0.564
     0.451    -0.643    -0.619
     0.632    -0.668    -0.392
    -0.150    -0.616    -0.774
     0.116    -0.877    -0.466
     0.189    -0.875    -0.445
     0.498    -0.735    -0.460
     0.257    -0.950    -0.177
     0.467    -0.391    -0.793
     0.266    -0.532    -0.804
     0.629    -0.654    -0.420
    -0.175    -0.312    -0.934
     0.300    -0.500    -0.813
     0.375    -0.811    -0.449
     0.796    -0.524    -0.303
     0.274    -0.846    -0.458
     0.537    -0.615    -0.578
     0.290    -0.590    -0.754
     0.432    -0.469    -0.771
     0.358    -0.480    -0.801
     0.438    -0.490    -0.754
     0.540    -0.573    -0.616
     0.078    -0.711    -0.698
     0.418    -0.528    -0.739
     0.244    -0.696    -0.676
     0.723    -0.297    -0.623
     0.717    -0.205    -0.666
    -0.088    -0.415    -0.906
     0.010    -0.872    -0.489
     0.637    -0.536    -0.554
    -0.225    -0.284    -0.932
     0.230    -0.701    -0.675
    -0.085    -0.574    -0.814
     0.276    -0.456    -0.846
     0.552    -0.702     0.451
    -0.237    -0.690    -0.683
     0.083    -0.675    -0.733
     0.766    -0.274    -0.581
     0.197    -0.450    -0.871
     0.446    -0.798    -0.405
     0.292    -0.792    -0.536
     0.126    -0.676    -0.726
     0.181    -0.589    -0.788
     0.306    -0.455    -0.836
     0.452    -0.392    -0.801
     0.201    -0.879    -0.432
     0.817    -0.224    -0.531
     0.680    -0.521    -0.516
     0.111    -0.187    -0.976
     0.425    -0.283    -0.860
     0.508    -0.740    -0.441
     0.373    -0.532    -0.761
     0.167    -0.292    -0.942
    -0.045    -0.644    -0.764
     0.288    -0.647    -0.706
     0.044    -0.859    -0.509
     0.278    -0.317    -0.907
     0.509    -0.364    -0.780
     0.397    -0.560    -0.727
     0.442    -0.851    -0.284
     0.283    -0.882    -0.376
     0.756    -0.571    -0.319
     0.443    -0.683    -0.580
     0.170    -0.532    -0.830
     0.268    -0.351    -0.897
    -0.236    -0.312    -0.920
     0.110    -0.472    -0.875
    -0.342    -0.827    -0.445
     0.409    -0.645    -0.645
     0.118    -0.506    -0.855
    -0.141    -0.528    -0.838
     0.345    -0.803    -0.486
     0.344    -0.536    -0.771
     0.118    -0.633    -0.765
    -0.025    -0.446    -0.895
     0.284    -0.876    -0.389
     0.509    -0.739    -0.442
     0.425    -0.605    -0.673
     0.275    -0.733    -0.622
     0.723    -0.467    -0.510
     0.548    -0.518    -0.656
     0.519    -0.216    -0.827
     0.694    -0.320    -0.645
     0.403    -0.522    -0.752
     0.502    -0.700    -0.508
    -0.282    -0.666    -0.690
     0.035    -0.864    -0.502
     0.586    -0.329    -0.740
     0.314    -0.472    -0.824
     0.038    -0.059    -0.998
     0.402    -0.638    -0.657
     0.505    -0.715    -0.483
     0.382    -0.730    -0.567
     0.175    -0.756    -0.631
     0.016    -0.272    -0.962
    -0.604    -0.601    -0.523
     0.657    -0.305    -0.690
     0.396    -0.672    -0.626
    -0.001    -0.676    -0.737
     0.358    -0.398    -0.845
     0.028    -0.888    -0.459
     0.362    -0.719    -0.594
     0.617    -0.355    -0.703
     0.372    -0.445    -0.815
    -0.074    -0.785    -0.615
     0.728    -0.197    -0.656
    -0.031    -0.924    -0.382
     0.160    -0.521    -0.838
     0.696    -0.635    -0.334
     0.566    -0.536    -0.627
     0.150    -0.877    -0.457
     0.158    -0.963    -0.220
     0.288    -0.524    -0.801
     0.875    -0.308    -0.373
     0.263    -0.756    -0.599
     0.280    -0.322    -0.904
     0.677    -0.391    -0.623
     0.200    -0.826    -0.527
     0.616    -0.473    -0.630
     0.141    -0.732    -0.666
    -0.460    -0.570    -0.681
     0.367    -0.566    -0.738
     0.220    -0.850    -0.478
    -0.017    -0.962    -0.272
     0.316    -0.650    -0.691
     0.425    -0.628    -0.652
     0.197    -0.319    -0.927
     0.387    -0.561    -0.732
    -0.094    -0.085    -0.992
     0.007    -0.627    -0.779
     0.070    -0.623    -0.779
     0.214    -0.607    -0.765
     0.636    -0.741    -0.213
     0.290    -0.837    -0.465
     0.513    -0.497    -0.700
    -0.025    -0.812    -0.584
     0.828    -0.213    -0.519
     0.363    -0.729    -0.580
     0.219    -0.589    -0.778
    -0.158    -0.531    -0.833
     0.371    -0.397    -0.839
    -0.056    -0.439    -0.897
     0.569    -0.111    -0.815
     0.480    -0.051    -0.876
     0.361    -0.907    -0.217
     0.265    -0.680    -0.683
    -0.038    -0.631    -0.775
     0.451    -0.752    -0.481
     0.433    -0.238    -0.869
    -0.047    -0.151    -0.987
     0.662    -0.573    -0.483
     0.515    -0.652    -0.556
     0.349    -0.801    -0.487
     0.390    -0.691    -0.609
     0.328    -0.341    -0.881
     0.264    -0.301    -0.916
     0.338    -0.907    -0.250
     0.412    -0.587    -0.697
     0.268    -0.463    -0.845
    -0.045    -0.662    -0.748
     0.596    -0.555    -0.581
     0.101    -0.509    -0.855
     0.488    -0.152    -0.859
     0.582    -0.690    -0.430
     0.593    -0.734    -0.331
     0.271    -0.869    -0.415
     0.349    -0.477    -0.807
     0.396    -0.643    -0.655
     0.089    -0.594    -0.800
     0.333    -0.514    -0.791
     0.403    -0.559    -0.724
     0.352    -0.097    -0.931
     0.309    -0.463    -0.831
     0.597    -0.697    -0.398
    -0.174    -0.900    -0.399
     0.175    -0.915    -0.363
    -0.437    -0.763    -0.476
     0.489    -0.380    -0.785
     0.228    -0.588    -0.776
     0.410    -0.387    -0.826
     0.085    -0.409    -0.908
     0.419    -0.436    -0.797
    -0.093    -0.972    -0.216
     0.170    -0.834    -0.525
     0.586    -0.627    -0.513
     0.469    -0.707    -0.530
     0.047    -0.682    -0.729
     0.603    -0.499    -0.622
     0.184    -0.631    -0.754
     0.143    -0.568    -0.811
     0.109    -0.508    -0.855
     0.330    -0.831    -0.449
     0.274    -0.454    -0.848
     0.332    -0.781    -0.529
     0.425    -0.593    -0.684
     0.550    -0.528    -0.648
     0.711    -0.551    -0.438
     0.631    -0.429    -0.646
     0.309    -0.622    -0.720
     0.371    -0.707    -0.602
     0.209    -0.898    -0.388
     0.246    -0.634    -0.733
     0.507    -0.764    -0.399
     0.729    -0.253    -0.636
    -0.078    -0.640    -0.765
    -0.200    -0.563    -0.802
     0.241    -0.778    -0.581
     0.574    -0.699    -0.426
     0.386    -0.419    -0.822
     0.323    -0.684    -0.654
     0.153    -0.871    -0.466
     0.291    -0.741    -0.605
     0.386    -0.607    -0.694
     0.256    -0.548    -0.797
    -0.136    -0.780    -0.611
     0.477    -0.766    -0.431
     0.594    -0.693    -0.408
    -0.039    -0.788    -0.614
     0.421    -0.682    -0.599
     0.378    -0.583    -0.719
     0.403    -0.235    -0.885
     0.016    -0.015    -1.000
     0.486    -0.679    -0.551
     0.615    -0.627    -0.479
     0.573    -0.652    -0.497
     0.264    -0.617    -0.741
    -0.440    -0.580    -0.686
     0.200    -0.408    -0.891
     0.808    -0.483    -0.338
     0.400    -0.598    -0.695
     0.647    -0.734    -0.208
     0.465    -0.701    -0.540
     0.312    -0.514    -0.799
    -0.102    -0.836    -0.539
     0.471    -0.353    -0.809
     0.223    -0.695    -0.684
    -0.029    -0.435    -0.900
     0.214    -0.516    -0.829
     0.521    -0.290    -0.803
    -0.055    -0.610    -0.790
     0.597    -0.513    -0.617
     0.325    -0.778    -0.537
     0.709    -0.192    -0.678
     0.509    -0.403    -0.761
     0.395    -0.795    -0.461
     0.141    -0.851    -0.506
     0.384    -0.564    -0.731
    -0.269    -0.685    -0.677
     0.717    -0.344    -0.606
     0.125    -0.820    -0.558
     0.590    -0.678    -0.438
     0.158    -0.863    -0.479
     0.494    -0.278    -0.824
     0.184    -0.813    -0.552
     0.020    -0.432    -0.902
     0.017    -0.630    -0.777
     0.649    -0.279    -0.708
     0.654    -0.525    -0.545
     0.091    -0.451    -0.888
     0.164    -0.434    -0.886
     0.085    -0.479    -0.874
     0.531    -0.666    -0.524
    -0.145    -0.885    -0.442
     0.739    -0.396    -0.545
     0.271    -0.685    -0.677
     0.409    -0.628    -0.662
     0.773    -0.538    -0.335
     0.373    -0.650    -0.662
     0.289    -0.840    -0.459
    -0.295    -0.687    -0.665
     0.331    -0.831    -0.448
     0.117    -0.766    -0.632
     0.275    -0.488    -0.828
     0.673    -0.001    -0.740
     0.349    -0.688    -0.636
     0.682    -0.667    -0.299
     0.010    -0.738    -0.674
     0.350    -0.750    -0.562
     0.185    -0.403    -0.896
     0.456    -0.670    -0.585
     0.110    -0.704    -0.702
     0.139    -0.682    -0.718
    -0.166    -0.811    -0.562
     0.112    -0.917    -0.383
     0.679    -0.426    -0.597
    -0.021    -0.672    -0.740
     0.310    -0.504    -0.806
     0.280    -0.836    -0.472
     0.291    -0.950    -0.117
     0.262    -0.493    -0.830
    -0.203    -0.389    -0.899
     0.386    -0.832    -0.399
     0.510    -0.460    -0.726
     0.473    -0.027    -0.881
    -0.113    -0.505    -0.856
     0.062    -0.564    -0.823
     0.557    -0.531    -0.639
     0.100    -0.702    -0.705
    -0.361    -0.379    -0.852
     0.647    -0.546    -0.531
    -0.194    -0.638    -0.745
     0.027    -0.271    -0.962
     0.248    -0.738    -0.627
     0.089    -0.537    -0.839
     0.737    -0.432    -0.519
     0.444    -0.581    -0.682
     0.742    -0.451    -0.496
     0.161    -0.626    -0.763
     0.036    -0.608    -0.793
     0.277    -0.677    -0.682
     0.408    -0.745    -0.528
     0.561    -0.632    -0.535
     0.499    -0.532    -0.684
    -0.194    -0.687    -0.700
     0.314    -0.921    -0.230
     0.774    -0.337    -0.536
     0.648    -0.416    -0.638
     0.647    -0.302    -0.700
     0.220    -0.665    -0.714
     0.440    -0.113    -0.891
     0.136    -0.139    -0.981
     0.653    -0.455    -0.605
     0.551    -0.298    -0.779
    -0.209    -0.586    -0.783
     0.371     0.100    -0.923
     0.061    -0.752    -0.657
     0.429    -0.392    -0.814
     0.770    -0.530    -0.355
     0.645    -0.427    -0.633
     0.451    -0.861    -0.235
     0.491    -0.553    -0.674
     0.443    -0.483    -0.755
     0.246    -0.401    -0.882
     0.560    -0.720    -0.410
     0.394    -0.729    -0.560
     0.073    -0.554    -0.829
     0.089    -0.511    -0.855
    -0.174    -0.605    -0.777
     0.812    -0.344    -0.472
     0.388    -0.425    -0.818
     0.587    -0.354    -0.728
     0.242    -0.551    -0.798
     0.086    -0.395    -0.915
     0.004    -0.836    -0.549
     0.555    -0.774    -0.304
     0.197    -0.242    -0.950
     0.226    -0.501    -0.836
     0.711    -0.321    -0.625
     0.331    -0.659    -0.675
     0.100    -0.681    -0.726
     0.738    -0.131    -0.662
     0.311    -0.792    -0.525
    -0.202    -0.554    -0.808
     0.589    -0.368    -0.720
     0.291    -0.152    -0.944
     0.409    -0.843    -0.349
     0.531    -0.251    -0.809
     0.259    -0.850    -0.458
    -0.228    -0.724    -0.652
     0.695    -0.515    -0.502
     0.477    -0.825    -0.303
     0.088    -0.406    -0.910
     0.364    -0.828    -0.427
     0.563    -0.773    -0.293
    -0.206    -0.473    -0.856
     0.542    -0.246    -0.804
    -0.115    -0.310    -0.944
     0.491    -0.483    -0.725
     0.394    -0.473    -0.788
     0.048    -0.495    -0.868
    -0.107    -0.830    -0.548
     0.540    -0.726    -0.426
     0.217    -0.600    -0.770
    -0.060    -0.059    -0.996
     0.551    -0.559    -0.620
    -0.014    -0.484    -0.875
     0.233    -0.758    -0.609
     0.465    -0.557    -0.688
     0.281    -0.197    -0.939
     0.533    -0.537    -0.654
     0.272    -0.579    -0.768
     0.213    -0.375    -0.902
     0.403    -0.529    -0.747
     0.031    -0.896    -0.443
     0.132    -0.900    -0.416
     0.493    -0.726    -0.480
     0.170    -0.352    -0.920
     0.442    -0.548    -0.710
     0.226    -0.598    -0.769
     0.298    -0.906    -0.302
     0.427    -0.859    -0.283
     0.199    -0.394    -0.898
     0.762    -0.444    -0.471
     0.706    -0.534    -0.465
     0.102    -0.407    -0.908
     0.570    -0.527    -0.631
     0.325    -0.545    -0.773
    -0.086    -0.686    -0.723
     0.435    -0.856    -0.280
     0.478    -0.769    -0.425
     0.198    -0.175    -0.964
     0.383    -0.691    -0.613
    -0.408    -0.657    -0.634
     0.153    -0.556    -0.817
     0.145    -0.562    -0.815
     0.050    -0.531    -0.846
     0.058    -0.479    -0.876
     0.323    -0.725    -0.608
     0.514    -0.225    -0.827
     0.305    -0.722    -0.621
     0.406    -0.895    -0.185
     0.295    -0.538    -0.790
     0.499    -0.404    -0.766
     0.169    -0.696    -0.698
     0.541    -0.519    -0.661
    -0.126    -0.665    -0.736
     0.512    -0.268    -0.816
     0.697    -0.503    -0.511
     0.292    -0.575    -0.764
     0.109    -0.911    -0.399
     0.237    -0.716    -0.657
     0.604    -0.518    -0.606
     0.517    -0.688    -0.509
     0.193    -0.636    -0.747
     0.056    -0.726    -0.686
     0.125    -0.847    -0.516
     0.700    -0.486    -0.523
     0.102    -0.626    -0.773
     0.465    -0.772    -0.434
     0.472    -0.414    -0.778
     0.134    -0.634    -0.762
     0.324    -0.580    -0.748
     0.377    -0.609    -0.698
     0.038    -0.461    -0.887
     0.238    -0.909    -0.341
     0.421    -0.379    -0.824
     0.346    -0.246    -0.905
     0.010    -0.549    -0.836
     0.610    -0.477    -0.633
     0.310    -0.459    -0.833
     0.587     0.016    -0.809
     0.539    -0.573    -0.617
     0.608    -0.615    -0.502
    -0.032    -0.347    -0.937
     0.185    -0.692    -0.698
     0.198    -0.953    -0.228
     0.329    -0.407    -0.853
     0.280    -0.813    -0.510
     0.106    -0.370    -0.923
     0.344    -0.825    -0.448
     0.317    -0.388    -0.865
     0.093    -0.657    -0.748
     0.322    -0.140    -0.936
     0.244    -0.793    -0.558
     0.600    -0.688    -0.408
     0.534    -0.637    -0.556
     0.577    -0.615    -0.537
     0.267    -0.462    -0.846
     0.127    -0.629    -0.767
     0.329    -0.694    -0.640
     0.309    -0.413    -0.857
     0.673    -0.221    -0.706
    -0.212    -0.766    -0.607
     0.462    -0.680    -0.570
     0.527    -0.556    -0.643
     0.404    -0.603    -0.688
     0.170    -0.881    -0.441
     0.533    -0.827    -0.177
     0.107    -0.690    -0.716
     0.175    -0.137    -0.975
    -0.130    -0.770    -0.625
    -0.009    -0.756    -0.654
     0.370    -0.117    -0.922
     0.145    -0.634    -0.759
     0.247    -0.691    -0.679
     0.367    -0.840    -0.400
     0.341    -0.763    -0.550
     0.145    -0.596    -0.790
     0.392    -0.851    -0.348
     0.242    -0.288    -0.927
     0.484    -0.544    -0.685
     0.534    -0.281    -0.797
     0.442    -0.657    -0.611
     0.319    -0.802    -0.504
    -0.108    -0.820    -0.562
     0.557    -0.640    -0.529
     0.180    -0.417    -0.891
     0.162    -0.945    -0.283
    -0.213    -0.392    -0.895
     0.188    -0.389    -0.902
     0.075    -0.632    -0.771
     0.577    -0.637    -0.511
     0.641    -0.424    -0.639
     0.003    -0.865    -0.501
     0.341    -0.760    -0.554
     0.286    -0.787    -0.547
     0.291    -0.500    -0.816
     0.199    -0.765    -0.612
     0.610    -0.636    -0.473
     0.181    -0.915    -0.362
    -0.239    -0.637    -0.733
     0.323    -0.676    -0.662
     0.380    -0.481    -0.790
    -0.136    -0.533    -0.835
     0.328    -0.644    -0.691
     0.284    -0.742    -0.607
     0.599    -0.637    -0.485
     0.290    -0.637    -0.715
     0.541    -0.479    -0.691
     0.548    -0.685    -0.480
     0.487    -0.520    -0.702
     0.331    -0.650    -0.684
    -0.078    -0.788    -0.611
     0.027    -0.879    -0.476
     0.526    -0.823    -0.212
     0.653    -0.335    -0.679
     0.670    -0.377    -0.640
     0.356    -0.490    -0.796
     0.173    -0.354    -0.919
     0.415    -0.629    -0.657
     0.072    -0.678    -0.732
     0.336    -0.573    -0.747
    -0.003    -0.345    -0.939
     0.212    -0.653    -0.727
     0.649    -0.692    -0.316
     0.057    -0.338    -0.939
     0.524    -0.465    -0.714
     0.083    -0.543    -0.836
     0.259    -0.655    -0.710
     0.356    -0.388    -0.850
    -0.097    -0.605    -0.791
     0.314    -0.878    -0.361
     0.470    -0.076    -0.880
     0.486    -0.712    -0.507
     0.207    -0.948    -0.244
     0.177    -0.727    -0.663
    -0.017    -0.762    -0.647
     0.329    -0.760    -0.561
     0.171    -0.772    -0.613
    -0.012    -0.544    -0.839
     0.175    -0.956    -0.237
     0.192    -0.705    -0.683
     0.479    -0.645    -0.595
     0.092    -0.719    -0.689
     0.660    -0.240    -0.711
     0.435    -0.684    -0.586
     0.569     0.002    -0.822
     0.352    -0.595    -0.722
     0.143    -0.904    -0.402
     0.570    -0.627    -0.530
     0.722    -0.551    -0.418
     0.207    -0.954    -0.216
    -0.198    -0.463    -0.864
    -0.208    -0.687    -0.696
     0.417    -0.783    -0.463
     0.193    -0.791    -0.581
     0.434    -0.886    -0.164
     0.014    -0.527    -0.850
     0.311    -0.535    -0.785
     0.322    -0.429    -0.844
     0.469    -0.829    -0.304
     0.611    -0.480    -0.630
     0.445    -0.747    -0.495
     0.017    -0.525    -0.851
    -0.033    -0.253    -0.967
     0.707    -0.439    -0.554
     0.674    -0.569    -0.470
     0.440    -0.663    -0.605
     0.142    -0.286    -0.948
    -0.144    -0.713    -0.686
     0.042    -0.575    -0.817
     0.265    -0.857    -0.442
    -0.035    -0.625    -0.779
     0.614    -0.465    -0.638
     0.384    -0.513    -0.768
     0.398    -0.271    -0.876
     0.070    -0.667    -0.742
     0.635    -0.400    -0.661
    -0.081    -0.745    -0.662
     0.737    -0.586    -0.337
     0.502    -0.657    -0.562
     0.287    -0.443    -0.849
     0.363    -0.762    -0.536
     0.135    -0.425    -0.895
     0.178    -0.833    -0.525
     0.282    -0.481    -0.830
     0.527    -0.390    -0.755
     0.096    -0.567    -0.818
     0.285     0.105    -0.953
    -0.144    -0.484    -0.863
     0.524    -0.805    -0.277
     0.274    -0.648    -0.711
     0.691    -0.550    -0.469
     0.244    -0.964    -0.104
     0.623    -0.144    -0.769
     0.236    -0.641    -0.730
     0.261    -0.828    -0.497
     0.470    -0.589    -0.657
     0.787    -0.390    -0.477
     0.095    -0.895    -0.436
     0.305    -0.565    -0.766
     0.476    -0.714    -0.514
     0.722    -0.353    -0.595
     0.613    -0.340    -0.714
     0.486    -0.796    -0.362
     0.407    -0.898    -0.168
     0.334    -0.564    -0.755
     0.638    -0.356    -0.683
     0.635    -0.593    -0.496
     0.381    -0.741    -0.553
     0.078    -0.781    -0.619
     0.382    -0.281    -0.880
     0.601    -0.316    -0.735
     0.565    -0.711    -0.419
     0.143    -0.833    -0.535
     0.676    -0.717    -0.173
     0.124    -0.749    -0.651
     0.203    -0.622    -0.756
     0.368    -0.601    -0.709
     0.829    -0.392    -0.398
     0.455    -0.439    -0.775
     0.269    -0.751    -0.603
     0.522    -0.216    -0.825
     0.275    -0.746    -0.607
     0.183    -0.841    -0.509
     0.180    -0.175    -0.968
     0.513    -0.771    -0.376
    -0.009    -0.932    -0.363
     0.401    -0.767    -0.502
     0.579    -0.081    -0.811
     0.528    -0.168    -0.833
     0.058    -0.650    -0.758
     0.416    -0.689    -0.593
     0.110    -0.619    -0.778
     0.101    -0.732    -0.674
     0.758    -0.460    -0.462
     0.285    -0.556    -0.781
     0.367    -0.553    -0.748
    -0.201    -0.717    -0.667
     0.236    -0.780    -0.580
    -0.005    -0.584    -0.812
     0.102    -0.722    -0.684
    -0.060    -0.740    -0.670
     0.149    -0.399    -0.905
     0.478    -0.815    -0.327
     0.649    -0.717    -0.255
     0.125    -0.773    -0.622
     0.468    -0.827    -0.313
    -0.058    -0.370    -0.927
    -0.059    -0.688    -0.723
     0.400    -0.762    -0.508
     0.213    -0.946    -0.243
     0.300    -0.368    -0.880
     0.233    -0.792    -0.564
     0.442    -0.682    -0.583
     0.674    -0.348    -0.651
    -0.009    -0.459    -0.888
     0.326    -0.653    -0.683
     0.507    -0.672    -0.539
     0.152    -0.488    -0.860
     0.231    -0.709    -0.666
     0.405    -0.831    -0.382
     0.185    -0.866    -0.465
     0.160    -0.973     0.165
     0.590    -0.588    -0.553
     0.616    -0.366    -0.697
     0.407    -0.706    -0.579
     0.496    -0.606    -0.622
     0.432    -0.784    -0.446
     0.403    -0.628    -0.666
     0.420    -0.564    -0.711
     0.530    -0.434    -0.729
     0.214    -0.941    -0.261
     0.162    -0.664    -0.730
     0.376    -0.640    -0.670
     0.150    -0.603    -0.784
     0.488    -0.083    -0.869
     0.436    -0.813    -0.386
     0.500    -0.651    -0.571
     0.834    -0.304    -0.460
     0.483    -0.682    -0.550
     0.294    -0.837    -0.461
     0.457    -0.594    -0.662
     0.426    -0.656    -0.623
     0.166    -0.613    -0.773
     0.166    -0.743    -0.649
     0.813    -0.448    -0.372
     0.419    -0.559    -0.716
     0.235    -0.696    -0.678
    -0.378    -0.296    -0.877
    -0.220    -0.759    -0.613
     0.470    -0.490    -0.734
     0.396    -0.526    -0.753
     0.236    -0.793    -0.562
     0.051    -0.745    -0.665
     0.437    -0.574    -0.692
     0.658    -0.689    -0.305
     0.323    -0.500    -0.804
     0.144    -0.740    -0.657
     0.411    -0.810    -0.418
     0.522    -0.431    -0.736
     0.018    -0.888    -0.459
     0.451    -0.373    -0.811
     0.422    -0.679    -0.601
     0.205    -0.601    -0.772
     0.093    -0.388    -0.917
     0.362    -0.421    -0.832
     0.361    -0.899    -0.249
    -0.119    -0.582    -0.805
    -0.159    -0.779    -0.606
     0.331    -0.404    -0.853
    -0.523    -0.722    -0.452
     0.011    -0.641    -0.767
     0.450    -0.506    -0.736
     0.584    -0.482    -0.654
     0.432    -0.443    -0.786
     0.069    -0.501    -0.863
     0.256    -0.522    -0.814
    -0.160    -0.922    -0.352
     0.039    -0.511    -0.859
     0.073    -0.749    -0.659
     0.447    -0.539    -0.714
     0.289    -0.513    -0.808
     0.318    -0.469    -0.824
     0.215    -0.591    -0.778
     0.430    -0.705    -0.564
     0.264    -0.648    -0.714
     0.589    -0.745    -0.314
     0.272    -0.436    -0.858
     0.494    -0.434    -0.753
     0.696    -0.511    -0.504
    -0.042    -0.778    -0.627
     0.476    -0.222    -0.851
     0.526    -0.546    -0.652
     0.417    -0.491    -0.765
     0.708    -0.601    -0.371
     0.322    -0.532    -0.783
     0.105    -0.774    -0.624
     0.829    -0.449    -0.333
     0.185    -0.558    -0.809
     0.287    -0.900    -0.328
     0.587    -0.351    -0.729
     0.242    -0.876    -0.416
     0.233    -0.459    -0.857
     0.565    -0.503    -0.654
    -0.101    -0.457    -0.884
     0.419    -0.774    -0.474
     0.084    -0.649    -0.756
     0.553    -0.624    -0.552
     0.658    -0.717    -0.231
     0.608    -0.505    -0.613
     0.472    -0.660    -0.585
     0.632    -0.646    -0.429
     0.724    -0.630    -0.282
     0.136    -0.601    -0.787
     0.084    -0.386    -0.919
     0.080    -0.828    -0.554
    -0.182    -0.688    -0.703
    -0.101    -0.683    -0.724
     0.171    -0.599    -0.783
    -0.040    -0.205    -0.978
     0.224    -0.763    -0.606
     0.565    -0.685    -0.460
     0.361    -0.349    -0.865
     0.301    -0.769    -0.564
     0.607    -0.496    -0.620
     0.466    -0.593    -0.657
     0.498    -0.463    -0.733
     0.109    -0.689    -0.717
     0.525    -0.686    -0.504
     0.129    -0.558    -0.820
     0.369    -0.299    -0.880
     0.364    -0.801    -0.475
     0.206    -0.628    -0.751
     0.068    -0.863    -0.500
     0.498    -0.659    -0.563
     0.402    -0.772    -0.491
     0.390    -0.001    -0.921
     0.356    -0.707    -0.612
    -0.041    -0.884    -0.466
    -0.083    -0.910    -0.406
     0.297    -0.594    -0.748
     0.308    -0.671    -0.675
    -0.023    -0.897    -0.441
     0.004    -0.749    -0.662
     0.363    -0.079    -0.928
     0.461    -0.729    -0.507
     0.712    -0.292    -0.639
     0.330    -0.599    -0.730
     0.811    -0.413    -0.415
     0.116    -0.655    -0.747
     0.531    -0.604    -0.594
    -0.050    -0.762    -0.645
     0.603    -0.410    -0.684
     0.182    -0.902    -0.392
     0.429    -0.640    -0.637
    -0.052    -0.519    -0.853
     0.661    -0.423    -0.620
     0.407    -0.796    -0.448
     0.276    -0.586    -0.762
     0.214    -0.278    -0.937
    -0.233    -0.285    -0.930
     0.556    -0.393    -0.733
     0.551    -0.797    -0.247
     0.677    -0.339    -0.653
     0.219    -0.534    -0.817
     0.516    -0.849    -0.111
     0.658    -0.620    -0.428
    -0.073    -0.810    -0.582
     0.392    -0.783    -0.482
     0.387    -0.847    -0.364
     0.285    -0.730    -0.621
     0.608    -0.392    -0.690
     0.235    -0.581    -0.779
     0.126    -0.657    -0.743
     0.280    -0.543    -0.792
     0.208    -0.581    -0.786
     0.444    -0.606    -0.660
     0.280    -0.126    -0.952
     0.500    -0.621    -0.604
     0.304    -0.883    -0.358
     0.676    -0.567    -0.471
     0.086    -0.982    -0.165
     0.527    -0.541    -0.655
     0.675    -0.535    -0.508
     0.219    -0.755    -0.618
     0.232    -0.733    -0.640
     0.678    -0.379    -0.630
     0.400    -0.537    -0.742
     0.079    -0.924    -0.375
     0.331    -0.584    -0.741
     0.077    -0.666    -0.742
     0.344    -0.685    -0.643
     0.324    -0.134    -0.937
     0.107    -0.542    -0.833
     0.019    -0.544    -0.839
     0.038    -0.779    -0.626
     0.446    -0.843    -0.300
     0.079    -0.404    -0.911
     0.219    -0.760    -0.612
     0.277    -0.892    -0.358
     0.474    -0.276    -0.836
     0.185    -0.911    -0.369
     0.486    -0.311    -0.817
     0.325    -0.769    -0.550
     0.167    -0.726    -0.667
     0.532    -0.668    -0.520
     0.296    -0.829    -0.473
     0.273    -0.703    -0.656
     0.378    -0.782    -0.495
     0.326    -0.392    -0.860
     0.241    -0.347    -0.907
     0.249    -0.764    -0.596
     0.425    -0.368    -0.827
     0.583    -0.537    -0.609
     0.158    -0.613    -0.774
     0.366    -0.514    -0.776
     0.344    -0.605    -0.718
     0.521    -0.639    -0.567
     0.546    -0.772    -0.325
     0.311    -0.561    -0.768
     0.340    -0.898    -0.277
     0.029    -0.794    -0.608
     0.776    -0.521    -0.356
    -0.013    -0.765    -0.643
     0.244    -0.566    -0.788
     0.491    -0.554    -0.672
     0.317    -0.685    -0.656
     0.378    -0.701    -0.605
     0.420    -0.741    -0.524
     0.400    -0.729    -0.555
     0.091    -0.866    -0.491
     0.578    -0.583    -0.572
     0.512    -0.557    -0.655
     0.267    -0.471    -0.841
     0.229    -0.777    -0.587
    -0.215    -0.256    -0.942
     0.573    -0.771    -0.279
     0.559    -0.532    -0.636
     0.294    -0.500    -0.814
    -0.158    -0.943    -0.293
     0.271    -0.636    -0.723
     0.271    -0.592    -0.759
    -0.005    -0.617    -0.787
     0.485    -0.334    -0.808
     0.626    -0.348    -0.698
     0.172    -0.796    -0.580
     0.442    -0.546    -0.712
     0.325    -0.647    -0.690
     0.080    -0.795    -0.601
     0.539    -0.490    -0.685
     0.046    -0.846    -0.531
     0.393    -0.883    -0.255
    -0.207    -0.651    -0.730
     0.213    -0.556    -0.804
     0.179    -0.636    -0.751
     0.068    -0.675    -0.735
     0.342    -0.786    -0.515
     0.392    -0.457    -0.799
     0.532    -0.325    -0.782
    -0.027    -0.843    -0.538
     0.007    -0.529    -0.849
     0.649    -0.424    -0.632
     0.764    -0.557    -0.326
     0.293    -0.724    -0.624
     0.292    -0.943    -0.157
     0.444    -0.668    -0.597
     0.193    -0.267    -0.944
     0.420    -0.636    -0.647
     0.185    -0.709    -0.681
     0.076    -0.876    -0.476
     0.106    -0.537    -0.837
     0.612    -0.448    -0.652
     0.561    -0.379    -0.736
    -0.042    -0.626    -0.778
     0.173    -0.877    -0.449
     0.055    -0.745    -0.664
     0.072    -0.531    -0.844
    -0.026    -0.999    -0.026
    -0.028    -0.462    -0.887
     0.723    -0.516    -0.459
     0.340    -0.343    -0.875
     0.183    -0.757    -0.628
    -0.096    -0.916    -0.391
    -0.198    -0.330    -0.923
     0.628    -0.598    -0.498
     0.217    -0.436    -0.873
     0.225    -0.274    -0.935
    -0.041    -0.835    -0.549
     0.148    -0.915    -0.376
     0.263    -0.833    -0.487
     0.347    -0.222    -0.911
    -0.027    -0.784    -0.620
     0.390    -0.629    -0.673
     0.639    -0.386    -0.666
     0.277    -0.899    -0.340
     0.104    -0.783    -0.614
     0.564    -0.563    -0.604
     0.018    -0.798    -0.602
     0.356    -0.649    -0.672
     0.520    -0.676    -0.522
     0.458    -0.508    -0.729
     0.332    -0.319    -0.888
     0.065    -0.902    -0.427
     0.441    -0.704    -0.556
     0.708    -0.495    -0.504
     0.495    -0.867    -0.062
     0.625    -0.624    -0.470
     0.694    -0.592    -0.409
     0.301    -0.785    -0.542
     0.185    -0.473    -0.861
     0.612    -0.180    -0.770
     0.103    -0.702    -0.705
     0.332    -0.358    -0.872
     0.460    -0.772    -0.439
     0.438    -0.365    -0.822
     0.458    -0.604    -0.653
     0.677    -0.446    -0.585
     0.334    -0.855    -0.397
     0.391    -0.554    -0.735
     0.356    -0.611    -0.707
     0.264    -0.373    -0.890
     0.118    -0.599    -0.792
     0.041    -0.494    -0.868
     0.458    -0.219    -0.862
     0.019    -0.626    -0.780
     0.046    -0.958    -0.282
    -0.456    -0.752    -0.476
     0.437    -0.808    -0.394
     0.193    -0.590    -0.784
     0.393    -0.625    -0.675
    -0.400    -0.442    -0.803
     0.553    -0.597    -0.582
     0.215    -0.175    -0.961
     0.337    -0.527    -0.780
    -0.110    -0.497    -0.861
     0.035    -0.880    -0.474
     0.254    -0.583    -0.772
     0.600    -0.541    -0.589
     0.186    -0.687    -0.702
     0.637    -0.551    -0.538
     0.393    -0.784    -0.481
     0.305    -0.695    -0.651
     0.689    -0.571    -0.446
     0.375    -0.108    -0.921
     0.362    -0.230    -0.903
     0.632    -0.450    -0.631
     0.340    -0.554    -0.760
     0.344    -0.406    -0.847
     0.488    -0.852    -0.188
     0.775    -0.396    -0.493
     0.617    -0.651    -0.443
     0.402    -0.604    -0.688
     0.443    -0.823    -0.356
     0.486    -0.410    -0.772
     0.191    -0.290    -0.938
     0.039    -0.578    -0.815
     0.500    -0.734    -0.460
     0.012    -0.697    -0.717
     0.296    -0.761    -0.577
     0.322    -0.525    -0.788
     0.551    -0.546    -0.631
     0.198    -0.892    -0.407
     0.034    -0.473    -0.881
     0.446    -0.734    -0.511
    -0.025    -0.669    -0.743
     0.143    -0.693    -0.707
    -0.092    -0.826    -0.557
     0.401    -0.910    -0.104
     0.088    -0.909    -0.407
     0.422    -0.748    -0.513
     0.485    -0.440    -0.756
     0.549    -0.314    -0.774
     0.079    -0.641    -0.764
     0.386    -0.656    -0.649
    -0.014    -0.621    -0.783
     0.367    -0.345    -0.864
    -0.205    -0.718    -0.665
     0.411    -0.754    -0.512
     0.530    -0.620    -0.578
     0.354    -0.569    -0.742
    -0.107    -0.839    -0.534
     0.453    -0.631    -0.629
     0.082    -0.474    -0.877
     0.253    -0.727    -0.639
     0.312    -0.820    -0.480
     0.692    -0.236    -0.683
     0.404    -0.743    -0.533
     0.636    -0.604    -0.481
     0.670    -0.568    -0.478
     0.167    -0.718    -0.676
     0.723    -0.335    -0.605
     0.489    -0.590    -0.643
     0.446    -0.893    -0.053
     0.180    -0.719    -0.671
     0.197    -0.688    -0.699
     0.301    -0.512    -0.805
     0.066    -0.796    -0.602
     0.046    -0.476    -0.878
     0.555    -0.507    -0.660
     0.530    -0.430    -0.731
     0.195    -0.721    -0.665
     0.298    -0.857    -0.421
    -0.141    -0.677    -0.722
     0.347    -0.704    -0.620
    -0.107    -0.855    -0.508
     0.700    -0.524    -0.485
     0.347    -0.573    -0.742
     0.234    -0.459    -0.857
     0.486    -0.725    -0.488
     0.445    -0.719    -0.534
     0.295    -0.905    -0.305
     0.097    -0.816    -0.570
    -0.072    -0.535    -0.842
     0.112    -0.546    -0.830
     0.627    -0.181    -0.757
    -0.019    -0.262    -0.965
     0.359    -0.712    -0.604
     0.408    -0.367    -0.836
     0.545    -0.753    -0.369
     0.452    -0.740    -0.498
    -0.093    -0.415    -0.905
     0.393    -0.481    -0.783
     0.347    -0.641    -0.685
     0.167    -0.950    -0.263
     0.206    -0.636    -0.743
     0.379    -0.010    -0.925
     0.362    -0.843    -0.397
     0.217    -0.761    -0.611
     0.618    -0.631    -0.470
     0.353    -0.810    -0.469
     0.147    -0.814    -0.562
     0.498    -0.743    -0.447
     0.186    -0.231    -0.955
     0.413    -0.784    -0.463
     0.556    -0.386    -0.736
     0.306    -0.686    -0.660
    -0.218    -0.762    -0.610
     0.383    -0.457    -0.803
    -0.132    -0.556    -0.821
     0.355    -0.440    -0.825
     0.124    -0.729    -0.673
     0.379    -0.169    -0.910
     0.037    -0.401    -0.915
     0.192    -0.761    -0.620
     0.684    -0.492    -0.538
    -0.102    -0.519    -0.848
     0.283    -0.670    -0.686
     0.522    -0.288    -0.802
     0.148    -0.587    -0.796
     0.503    -0.453    -0.736
     0.059    -0.961    -0.269
     0.446    -0.509    -0.736
     0.307    -0.862    -0.403
     0.250    -0.894    -0.372
     0.164    -0.391    -0.906
     0.391    -0.423    -0.817
     0.125    -0.648    -0.751
     0.143    -0.258    -0.956
     0.200    -0.544    -0.815
     0.359    -0.434    -0.826
    -0.054    -0.476    -0.878
     0.399    -0.581    -0.709
     0.570    -0.514    -0.641
     0.656    -0.558    -0.509
     0.195    -0.207    -0.959
     0.577    -0.453    -0.679
     0.551    -0.610    -0.570
     0.250    -0.356    -0.901
     0.238    -0.698    -0.676
     0.574    -0.566    -0.591
     0.531    -0.519    -0.670
     0.555    -0.711    -0.433
     0.083    -0.962    -0.261
    -0.003    -0.601    -0.799
     0.407    -0.379    -0.832
     0.235    -0.658    -0.715
    -0.486    -0.249    -0.838
    -0.015    -0.999    -0.048
     0.711    -0.612    -0.345
     0.416    -0.616    -0.669
     0.467    -0.789    -0.398
     0.306    -0.396    -0.866
     0.264    -0.529    -0.806
    -0.235    -0.810    -0.537
     0.178    -0.773    -0.609
     0.741    -0.641    -0.200
     0.373    -0.685    -0.626
     0.294    -0.511    -0.807
     0.775    -0.268    -0.573
     0.259    -0.733    -0.629
    -0.048    -0.683    -0.729
     0.615    -0.612    -0.497
     0.462    -0.718    -0.520
     0.276    -0.635    -0.722
     0.212    -0.571    -0.793
     0.710    -0.284    -0.645
     0.018    -0.794    -0.608
     0.656    -0.348    -0.669
     0.526    -0.619    -0.584
     0.382    -0.650    -0.657
     0.144    -0.014    -0.989
     0.243    -0.534    -0.810
     0.174    -0.835    -0.522
     0.322    -0.662    -0.677
     0.215    -0.623    -0.752
     0.687    -0.367    -0.627
     0.149    -0.774    -0.616
     0.566    -0.594    -0.572
     0.191    -0.939    -0.285
     0.059    -0.302    -0.951
     0.602    -0.589    -0.539
    -0.058    -0.434    -0.899
     0.514    -0.847    -0.136
    -0.193    -0.726    -0.660
     0.380    -0.501    -0.778
    -0.121    -0.513    -0.850
     0.120    -0.220    -0.968
     0.245    -0.742    -0.624
     0.086    -0.640    -0.763
     0.368    -0.871    -0.325
     0.385    -0.766    -0.514
     0.500    -0.616    -0.608
     0.669    -0.653    -0.354
     0.536    -0.608    -0.585
     0.289    -0.627    -0.723
     0.458    -0.816    -0.354
     0.393    -0.871    -0.294
     0.647    -0.472    -0.599
     0.283    -0.950     0.129
    -0.292    -0.530    -0.796
     0.543    -0.495    -0.679
     0.119    -0.684    -0.720
     0.304    -0.893    -0.332
     0.034    -0.536    -0.844
     0.041    -0.823    -0.566
     0.349    -0.325    -0.879
     0.638    -0.265    -0.723
     0.569    -0.695    -0.439
     0.406    -0.397    -0.823
     0.304    -0.772    -0.559
     0.340    -0.591    -0.731
     0.703    -0.123    -0.701
     0.459    -0.746    -0.483
     0.227    -0.849    -0.477
     0.281    -0.952     0.124
     0.130    -0.844    -0.520
     0.436    -0.487    -0.757
     0.276    -0.354    -0.894
     0.142    -0.586    -0.798
     0.360    -0.547    -0.756
     0.576    -0.597    -0.559
    -0.167    -0.696    -0.698
     0.249    -0.833    -0.494
     0.512    -0.207    -0.833
     0.213    -0.503    -0.838
     0.173    -0.764    -0.621
    -0.331    -0.703    -0.630
     0.264    -0.727    -0.634
     0.688    -0.592    -0.420
     0.690    -0.366    -0.624
     0.244    -0.707    -0.664
     0.246    -0.707    -0.663
     0.466    -0.622    -0.629
     0.304    -0.781    -0.546
     0.050    -0.895    -0.444
     0.100    -0.662    -0.743
    -0.681    -0.281    -0.676
     0.340    -0.804    -0.487
    -0.005    -0.668    -0.744
     0.451    -0.442    -0.775
     0.480    -0.662    -0.576
     0.180    -0.649    -0.739
    -0.107    -0.824    -0.556
     0.542    -0.710    -0.449
    -0.173    -0.858    -0.483
     0.237    -0.474    -0.848
     0.255    -0.865    -0.433
     0.538    -0.521    -0.663
     0.407    -0.659    -0.633
     0.423    -0.510    -0.749
     0.414    -0.899    -0.140
     0.338    -0.585    -0.738
     0.264    -0.874    -0.408
     0.073    -0.664    -0.744
     0.656    -0.491    -0.573
     0.375    -0.578    -0.725
     0.109    -0.669    -0.735
     0.287    -0.626    -0.725
     0.500    -0.732    -0.463
     0.159    -0.893    -0.420
     0.066    -0.274    -0.960
     0.302    -0.811    -0.500
     0.590    -0.526    -0.612
     0.388    -0.721    -0.574
     0.183    -0.772    -0.608
     0.095    -0.700    -0.708
     0.091    -0.921    -0.380
     0.333    -0.739    -0.586
     0.540    -0.788    -0.294
     0.231    -0.877    -0.420
     0.514    -0.595    -0.618
     0.441    -0.713    -0.544
    -0.156    -0.820    -0.551
     0.080    -0.868    -0.491
     0.089    -0.925    -0.370
     0.694    -0.540    -0.476
     0.102    -0.564    -0.819
     0.405    -0.543    -0.736
    -0.124    -0.798    -0.590
     0.126    -0.568    -0.813
     0.644    -0.531    -0.550
     0.258    -0.800    -0.541
     0.353    -0.689    -0.633
     0.563    -0.177    -0.807
     0.345    -0.669    -0.658
     0.150    -0.724    -0.673
     0.383    -0.720    -0.579
     0.081    -0.297    -0.951
     0.389    -0.870    -0.303
     0.518    -0.675    -0.525
    -0.082    -0.395    -0.915
     0.140    -0.710    -0.691
     0.238    -0.755    -0.611
     0.289    -0.568    -0.770
     0.244    -0.871    -0.427
     0.201    -0.661    -0.724
     0.338    -0.716    -0.611
    -0.012    -0.592    -0.806
     0.253    -0.954    -0.159
     0.152     0.157    -0.976
    -0.244    -0.781    -0.575
     0.198    -0.557    -0.807
     0.098    -0.332    -0.938
     0.386    -0.694    -0.607
     0.345    -0.826    -0.445
     0.261    -0.728    -0.634
     0.186    -0.853    -0.488
     0.634    -0.438    -0.637
     0.699    -0.528    -0.483
     0.052    -0.889    -0.455
     0.375    -0.543    -0.751
     0.003    -0.645    -0.764
     0.113    -0.601    -0.791
     0.122    -0.739    -0.663
     0.079    -0.830    -0.551
     0.386    -0.741    -0.550
     0.305    -0.851    -0.427
     0.080    -0.829    -0.554
     0.596    -0.574    -0.561
     0.219    -0.197    -0.956
     0.318    -0.526    -0.789
     0.544    -0.588    -0.598
     0.367    -0.427    -0.827
     0.142    -0.503    -0.853
    -0.013    -0.621    -0.783
     0.575    -0.586    -0.571
     0.331    -0.574    -0.749
     0.077    -0.930    -0.360
     0.227    -0.639    -0.735
     0.656    -0.563    -0.503
     0.468    -0.372    -0.801
     0.238    -0.555    -0.797
     0.533    -0.532    -0.658
     0.543    -0.481    -0.688
     0.069    -0.686    -0.724
     0.491    -0.806    -0.330
     0.236    -0.551    -0.800
     0.387    -0.731    -0.562
     0.767    -0.621    -0.161
     0.505    -0.755    -0.419
     0.220    -0.257    -0.941
     0.459    -0.502    -0.733
    -0.064    -0.255    -0.965
     0.270    -0.522    -0.809
     0.458    -0.497    -0.737
     0.676    -0.487    -0.553
     0.565    -0.311    -0.764
     0.246    -0.260    -0.934
     0.036    -0.542    -0.839
     0.303    -0.258    -0.918
     0.339    -0.786    -0.517
     0.394    -0.799    -0.453
     0.606    -0.584    -0.539
     0.316    -0.948     0.046
     0.453    -0.707    -0.543
     0.317    -0.613    -0.724
     0.010    -0.705    -0.709
     0.307    -0.912    -0.271
     0.246    -0.494    -0.834
     0.382    -0.802    -0.459
    -0.117    -0.487    -0.865
     0.374    -0.733    -0.568
     0.330    -0.039    -0.943
     0.396    -0.796    -0.458
     0.260    -0.643    -0.720
     0.187    -0.821    -0.539
     0.411    -0.294    -0.863
    -0.160    -0.522    -0.838
     0.513    -0.351    -0.783
     0.558    -0.347    -0.754
     0.540    -0.656    -0.527
     0.359    -0.163    -0.919
     0.750    -0.486    -0.449
     0.126    -0.545    -0.829
     0.564    -0.300    -0.769
     0.438    -0.802    -0.407
     0.803    -0.210    -0.557
     0.480     0.233    -0.846
     0.320    -0.872    -0.370
     0.564    -0.525    -0.638
     0.581    -0.345    -0.738
     0.239    -0.686    -0.688
     0.346    -0.264    -0.901
     0.085    -0.743    -0.664
     0.143    -0.295    -0.945
     0.236    -0.633    -0.737
     0.377    -0.306    -0.874
     0.331    -0.708    -0.623
     0.315    -0.854    -0.415
     0.041    -0.779    -0.626
     0.153    -0.580    -0.800
    -0.131    -0.704    -0.698
     0.713    -0.254    -0.654
     0.396    -0.687    -0.610
     0.355    -0.755    -0.551
     0.431    -0.464    -0.773
     0.199    -0.772    -0.604
     0.307    -0.534    -0.788
     0.417    -0.735    -0.534
     0.237    -0.516    -0.823
     0.079    -0.807    -0.585
     0.178    -0.616    -0.767
     0.164    -0.713    -0.681
     0.567    -0.366    -0.738
    -0.039    -0.517    -0.855
     0.315    -0.554    -0.770
     0.423    -0.476    -0.771
     0.202    -0.576    -0.792
     0.005    -0.800    -0.601
     0.498    -0.309    -0.810
     0.450    -0.232    -0.862
     0.127    -0.344    -0.930
     0.449    -0.489    -0.748
     0.386    -0.918     0.095
     0.095    -0.701    -0.707
     0.453    -0.358    -0.817
     0.623    -0.534    -0.572
     0.362    -0.618    -0.697
     0.719    -0.672    -0.178
     0.615    -0.600    -0.511
     0.655    -0.625    -0.425
     0.336    -0.311    -0.889
     0.547    -0.411    -0.729
     0.289    -0.621    -0.728
     0.429    -0.628    -0.649
     0.678    -0.035    -0.734
     0.622    -0.563    -0.545
     0.728    -0.309    -0.612
     0.506    -0.379    -0.775
     0.441    -0.478    -0.760
     0.415    -0.590    -0.693
     0.603    -0.703    -0.378
     0.585    -0.516    -0.625
     0.229    -0.797    -0.559
     0.420    -0.442    -0.793
     0.314    -0.600    -0.736
     0.590    -0.621    -0.515
     0.164    -0.084    -0.983
     0.293    -0.403    -0.867
     0.372    -0.695    -0.616
     0.113    -0.416    -0.902
     0.110    -0.608    -0.787
    -0.084    -0.619    -0.781
    -0.238    -0.679    -0.695
     0.321    -0.631    -0.706
     0.283    -0.597    -0.750
     0.749    -0.290    -0.596
     0.030    -0.828    -0.560
     0.282    -0.393    -0.876
     0.641    -0.369    -0.673
     0.758    -0.435    -0.486
     0.016    -0.884    -0.467
     0.548    -0.538    -0.641
     0.522    -0.502    -0.690
     0.165    -0.887    -0.432
     0.157    -0.742    -0.652
     0.535    -0.678    -0.504
     0.073    -0.590    -0.804
     0.001    -0.871    -0.491
     0.531    -0.486    -0.694
     0.216    -0.830    -0.514
    -0.032    -0.885    -0.464
     0.346    -0.728    -0.591
     0.598    -0.674    -0.434
     0.108    -0.784    -0.612
     0.103    -0.743    -0.661
    -0.463    -0.391    -0.796
     0.077    -0.836    -0.544
     0.434    -0.145    -0.889
     0.386    -0.686    -0.617
     0.208    -0.777    -0.595
     0.745    -0.433    -0.507
    -0.286    -0.759    -0.585
     0.756    -0.415    -0.506
    -0.004    -0.638    -0.770
     0.212    -0.422    -0.881
     0.052    -0.802    -0.595
     0.548    -0.567    -0.615
     0.295    -0.242    -0.924
     0.118    -0.653    -0.748
     0.510    -0.614    -0.603
     0.055    -0.723    -0.689
     0.054    -0.327    -0.944
     0.622    -0.588    -0.517
     0.790    -0.545    -0.281
     0.168    -0.672    -0.721
     0.019    -0.010    -1.000
     0.351    -0.092    -0.932
     0.505    -0.535    -0.677
     0.594    -0.358    -0.720
    -0.163    -0.375    -0.913
     0.365    -0.886    -0.287
     0.097    -0.580    -0.809
     0.189    -0.619    -0.763
     0.332    -0.705    -0.627
     0.160    -0.772    -0.616
     0.436    -0.565    -0.701
     0.413    -0.337    -0.846
    -0.075    -0.454    -0.888
     0.622    -0.468    -0.628
     0.697    -0.409    -0.588
     0.829    -0.309    -0.467
     0.538    -0.263    -0.801
     0.271    -0.316    -0.909
     0.011    -0.773    -0.634
     0.439    -0.843    -0.311
     0.473    -0.721    -0.506
     0.845    -0.186    -0.501
    -0.034    -0.537    -0.843
     0.761    -0.295    -0.578
    -0.012    -0.683    -0.730
     0.418    -0.621    -0.663
     0.771    -0.619    -0.153
     0.605    -0.417    -0.678
    -0.026    -0.494    -0.869
     0.307    -0.834    -0.458
     0.251    -0.925    -0.287
     0.427    -0.689    -0.586
     0.491    -0.487    -0.722
     0.472    -0.356    -0.806
     0.258    -0.680    -0.686
     0.275    -0.806    -0.524
    -0.026    -0.891    -0.454
     0.383    -0.720    -0.579
     0.171    -0.459    -0.872
     0.242    -0.505    -0.829
     0.184    -0.748    -0.638
    -0.073    -0.682    -0.728
    -0.227    -0.774    -0.591
     0.785    -0.597    -0.166
     0.345    -0.791    -0.505
     0.253    -0.645    -0.721
    -0.232    -0.675    -0.701
    -0.100    -0.603    -0.791
    -0.465    -0.792    -0.396
     0.301    -0.607    -0.735
     0.188    -0.851    -0.491
     0.180    -0.828    -0.531
     0.643    -0.644    -0.415
    -0.185    -0.542    -0.820
    -0.006    -0.518    -0.855
     0.385    -0.500    -0.776
     0.468    -0.403    -0.787
     0.257    -0.707    -0.659
     0.262    -0.575    -0.775
     0.269    -0.949    -0.163
     0.250    -0.386    -0.888
     0.207    -0.876    -0.436
     0.256    -0.754    -0.605
    -0.006    -0.643    -0.766
     0.576    -0.706    -0.413
     0.149    -0.637    -0.756
     0.857    -0.372    -0.357
     0.614    -0.584    -0.531
     0.254    -0.791    -0.556
     0.287    -0.208    -0.935
     0.271    -0.381    -0.884
     0.370    -0.172    -0.913
     0.374    -0.183    -0.909
     0.366    -0.467    -0.805
    -0.358    -0.550    -0.754
     0.365    -0.786    -0.500
     0.295    -0.523    -0.799
    -0.037    -0.910    -0.412
     0.300    -0.802    -0.516
     0.247    -0.388    -0.888
     0.364    -0.619    -0.696
     0.312    -0.518    -0.796
     0.580    -0.574    -0.577
     0.655    -0.470    -0.591
     0.321    -0.703    -0.634
     0.557    -0.735    -0.386
     0.397    -0.781    -0.482
     0.031    -0.693    -0.721
     0.576    -0.517    -0.633
     0.274    -0.731    -0.625
     0.379    -0.903    -0.204
     0.027    -0.298    -0.954
     0.595    -0.513    -0.618
     0.505    -0.443    -0.741
     0.389    -0.512    -0.766
    -0.123    -0.563    -0.818
     0.330    -0.316    -0.889
     0.271    -0.556    -0.786
     0.643    -0.446    -0.622
     0.703    -0.526    -0.478
     0.289    -0.747    -0.599
     0.440    -0.708    -0.552
     0.792    -0.366    -0.489
    -0.031    -0.847    -0.531
     0.427    -0.389    -0.816
     0.038    -0.848    -0.529
     0.424    -0.756    -0.498
     0.499    -0.448    -0.742
     0.507    -0.555    -0.660
     0.148    -0.868    -0.474
     0.232    -0.867    -0.440
     0.014    -0.683    -0.731
     0.534    -0.638    -0.555
     0.324    -0.479    -0.816
     0.294    -0.433    -0.852
     0.460    -0.798    -0.388
     0.461    -0.425    -0.780
     0.247    -0.677    -0.694
     0.537    -0.361    -0.762
     0.233    -0.372    -0.898
    -0.075    -0.723    -0.687
     0.191    -0.517    -0.834
     0.694    -0.559    -0.453
     0.226    -0.175    -0.958
     0.375    -0.786    -0.492
     0.291    -0.446    -0.846
     0.580    -0.139    -0.803
     0.178    -0.684    -0.708
     0.230    -0.837    -0.497
     0.432    -0.507    -0.745
     0.520    -0.461    -0.719
     0.553    -0.530    -0.644
     0.228    -0.877    -0.423
    -0.395    -0.608    -0.689
     0.418    -0.724    -0.549
     0.345    -0.496    -0.797
     0.383    -0.867    -0.318
     0.415    -0.910    -0.003
     0.411    -0.524    -0.746
     0.416    -0.785    -0.459
     0.515    -0.480    -0.710
     0.036    -0.683    -0.729
     0.638    -0.605    -0.476
     0.105    -0.535    -0.839
     0.386    -0.646    -0.658
     0.081    -0.964    -0.252
     0.097    -0.750    -0.655
     0.274    -0.557    -0.784
     0.024    -0.456    -0.890
     0.374    -0.477    -0.795
     0.195    -0.870    -0.452
     0.049    -0.919    -0.390
     0.654    -0.198    -0.730
     0.143    -0.227    -0.963
     0.016    -0.821    -0.571
     0.274    -0.383    -0.882
     0.320    -0.554    -0.768
     0.484    -0.585    -0.651
     0.591    -0.674    -0.442
     0.700    -0.597    -0.393
     0.496    -0.567    -0.658
     0.371    -0.647    -0.666
    -0.357    -0.379    -0.853
     0.642    -0.580    -0.501
     0.448    -0.496    -0.744
     0.548    -0.369    -0.750
     0.263    -0.765    -0.589
     0.215    -0.569    -0.794
     0.259    -0.521    -0.813
     0.390    -0.555    -0.734
     0.473    -0.705    -0.529
     0.118    -0.923    -0.367
     0.251    -0.377    -0.892
     0.239    -0.618    -0.749
     0.464    -0.328    -0.823
     0.665    -0.321    -0.675
     0.600    -0.396    -0.695
     0.482    -0.714    -0.507
     0.194    -0.138    -0.971
     0.179    -0.585    -0.791
     0.689    -0.316    -0.652
     0.080    -0.162    -0.984
     0.216    -0.582    -0.784
     0.270    -0.707    -0.653
     0.219    -0.627    -0.748
     0.292    -0.755    -0.587
     0.198    -0.304    -0.932
    -0.125    -0.750    -0.650
     0.549     0.020    -0.835
     0.460    -0.734    -0.500
    -0.059    -0.515    -0.855
     0.163    -0.771    -0.616
     0.794    -0.451    -0.407
     0.682    -0.209    -0.701
     0.030    -0.471    -0.882
     0.251    -0.944    -0.213
     0.622    -0.195    -0.758
     0.227    -0.428    -0.875
     0.502    -0.847    -0.174
     0.232    -0.469    -0.852
     0.475    -0.799    -0.368
     0.201    -0.819    -0.537
     0.018    -0.685    -0.728
     0.371    -0.840    -0.397
     0.319    -0.559    -0.766
     0.366    -0.605    -0.708
     0.260    -0.709    -0.656
     0.302    -0.539    -0.786
     0.328    -0.616    -0.716
     0.710    -0.558    -0.430
     0.427    -0.614    -0.664
     0.349    -0.541    -0.765
     0.457    -0.772    -0.441
     0.153    -0.962    -0.226
     0.269    -0.667    -0.695
     0.583    -0.543    -0.604
     0.571    -0.239    -0.786
     0.254    -0.687    -0.681
     0.402    -0.624    -0.671
    -0.053    -0.477    -0.877
     0.626    -0.386    -0.677
     0.797    -0.335    -0.502
     0.282    -0.559    -0.780
    -0.017    -0.485    -0.875
     0.343    -0.915     0.213
     0.013    -0.403    -0.915
     0.423    -0.513    -0.747
     0.888    -0.415    -0.199
     0.386    -0.417    -0.823
     0.303    -0.705    -0.641
     0.364    -0.731    -0.578
     0.338    -0.541    -0.770
     0.112    -0.621    -0.776
     0.230    -0.761    -0.606
     0.211    -0.219    -0.952
     0.335    -0.819    -0.466
     0.094    -0.896    -0.434
     0.427    -0.505    -0.750
     0.429    -0.413    -0.803
     0.019    -0.965    -0.261
     0.557    -0.567    -0.607
     0.419    -0.780    -0.464
     0.273    -0.846    -0.458
     0.390    -0.503    -0.771
     0.104    -0.697    -0.709
     0.372    -0.761    -0.531
     0.105    -0.886    -0.452
     0.206    -0.450    -0.869
     0.595    -0.623    -0.509
     0.163    -0.792    -0.588
     0.545    -0.339    -0.767
     0.043    -0.898    -0.438
     0.319    -0.499    -0.806
     0.433    -0.695    -0.575
    -0.115    -0.477    -0.871
    -0.282    -0.587    -0.759
     0.084    -0.916    -0.393
     0.043    -0.854    -0.519
     0.570    -0.230    -0.789
     0.183    -0.590    -0.786
     0.345    -0.695    -0.631
     0.620    -0.414    -0.667
     0.118    -0.258    -0.959
     0.026    -0.889    -0.458
    -0.029    -0.577    -0.816
    -0.045    -0.753    -0.657
     0.257    -0.963    -0.083
    -0.007    -0.594    -0.805
     0.550    -0.467    -0.692
    -0.078    -0.725    -0.684
     0.749    -0.573    -0.331
     0.575    -0.564    -0.593
    -0.378    -0.082    -0.922
     0.348    -0.622    -0.701
    -0.260    -0.663    -0.702
     0.204    -0.145    -0.968
     0.398    -0.842    -0.363
     0.420    -0.846    -0.329
     0.419    -0.792    -0.443
    -0.129    -0.503    -0.855
     0.410    -0.832    -0.374
     0.531    -0.659    -0.533
     0.229    -0.073    -0.971
     0.032    -0.883    -0.468
     0.346    -0.874    -0.341
     0.582    -0.669    -0.462
     0.323    -0.542    -0.776
     0.161    -0.558    -0.814
     0.280    -0.671    -0.687
     0.293    -0.142    -0.946
     0.577    -0.439    -0.689
    -0.237    -0.534    -0.811
     0.506    -0.633    -0.586
     0.653    -0.424    -0.628
     0.351    -0.727    -0.590
     0.711    -0.246    -0.659
    -0.327    -0.744    -0.583
     0.401    -0.405    -0.821
     0.173    -0.619    -0.766
     0.367    -0.472    -0.802
     0.600    -0.379    -0.704
     0.617    -0.523    -0.588
     0.629    -0.304    -0.715
     0.685    -0.314    -0.657
     0.434    -0.621    -0.653
     0.574    -0.734    -0.363
     0.556    -0.649    -0.519
     0.697    -0.508    -0.507
     0.229    -0.773    -0.592
     0.224    -0.823    -0.522
    -0.098    -0.841    -0.532
     0.456    -0.530    -0.715
     0.499    -0.746    -0.440
     0.680    -0.465    -0.567
     0.403    -0.266    -0.876
     0.029    -0.814    -0.580
    -0.042    -0.542    -0.839
     0.129    -0.992     0.011
     0.746    -0.184    -0.640
     0.269    -0.516    -0.813
     0.394    -0.383    -0.836
     0.461    -0.331    -0.824
     0.060    -0.788    -0.613
     0.599    -0.419    -0.683
     0.254    -0.319    -0.913
     0.354    -0.732    -0.582
     0.183    -0.756    -0.629
     0.498    -0.506    -0.704
     0.319    -0.154    -0.935
     0.492    -0.742    -0.456
    -0.095    -0.431    -0.897
     0.508    -0.824    -0.250
     0.446    -0.485    -0.752
    -0.291    -0.503    -0.814
    -0.008    -0.567    -0.824
     0.242    -0.555    -0.796
     0.399    -0.607    -0.687
     0.610    -0.772    -0.181
     0.336    -0.645    -0.686
     0.535    -0.617    -0.577
     0.359    -0.806    -0.470
     0.457    -0.601    -0.656
     0.109    -0.912    -0.396
     0.580    -0.620    -0.528
     0.330    -0.445    -0.832
     0.176    -0.617    -0.767
     0.299    -0.590    -0.750
    -0.026    -0.783    -0.621
     0.694    -0.649    -0.310
     0.350    -0.804    -0.480
     0.576    -0.742    -0.344
     0.580    -0.424    -0.695
     0.302    -0.783    -0.543
     0.134    -0.752    -0.645
     0.765    -0.548    -0.337
    -0.108    -0.921    -0.374
     0.260    -0.567    -0.782
     0.347    -0.600    -0.721
     0.365    -0.800    -0.476
     0.617    -0.488    -0.617
     0.580    -0.531    -0.618
     0.300    -0.921    -0.248
     0.488    -0.809    -0.329
     0.605    -0.702    -0.377
     0.212    -0.610    -0.763
     0.370    -0.569    -0.734
     0.546    -0.752    -0.368
     0.264    -0.319    -0.910
     0.175     0.044    -0.984
     0.412    -0.465    -0.783
    -0.025    -0.636    -0.771
     0.495    -0.572    -0.654
     0.151    -0.674    -0.723
     0.622    -0.619    -0.480
    -0.025    -0.520    -0.854
     0.138    -0.543    -0.828
    -0.164    -0.698    -0.697
     0.509    -0.743    -0.435
    -0.078    -0.769    -0.635
     0.403    -0.518    -0.755
     0.080    -0.650    -0.756
     0.048    -0.396    -0.917
     0.085    -0.891    -0.446
     0.383    -0.616    -0.688
     0.127    -0.737    -0.664
     0.376    -0.323    -0.869
     0.557    -0.447    -0.701
     0.648    -0.575    -0.500
    -0.418    -0.671    -0.612
     0.528    -0.606    -0.595
     0.536    -0.627    -0.566
    -0.096    -0.577    -0.811
    -0.116    -0.841    -0.529
     0.592    -0.713    -0.377
     0.510    -0.363    -0.780
     0.390    -0.386    -0.836
     0.294    -0.633    -0.717
     0.828    -0.203    -0.523
     0.257    -0.385    -0.886
     0.519    -0.405    -0.753
     0.225    -0.520    -0.824
     0.702    -0.507    -0.500
     0.042    -0.909    -0.415
     0.512    -0.468    -0.720
     0.601    -0.641    -0.477
     0.407    -0.380    -0.831
     0.132    -0.664    -0.736
     0.269    -0.613    -0.743
     0.590    -0.468    -0.658
     0.162    -0.341    -0.926
     0.027    -0.530    -0.848
     0.704    -0.669    -0.239
     0.419    -0.461    -0.782
     0.533    -0.489    -0.691
     0.674    -0.241    -0.699
     0.062    -0.485    -0.873
    -0.059    -0.872    -0.487
     0.691    -0.591    -0.417
     0.013    -0.484    -0.875
     0.058    -0.703    -0.709
     0.475    -0.256    -0.842
     0.312    -0.535    -0.785
     0.242    -0.633    -0.735
     0.387    -0.679    -0.624
     0.770    -0.273    -0.577
     0.382    -0.823    -0.421
     0.320    -0.915    -0.246
     0.245    -0.614    -0.750
     0.275    -0.797    -0.538
    -0.210    -0.571    -0.793
     0.342    -0.752    -0.563
     0.232    -0.514    -0.826
     0.145    -0.294    -0.945
     0.251    -0.882    -0.399
     0.241    -0.594    -0.768
     0.576    -0.336    -0.745
     0.825    -0.183    -0.534
     0.089    -0.318    -0.944
     0.580    -0.112    -0.807
     0.563    -0.373    -0.737
     0.020    -0.529    -0.849
     0.336    -0.777    -0.533
     0.138    -0.850    -0.508
     0.429    -0.327    -0.842
     0.308    -0.894    -0.324
     0.324    -0.571    -0.754
    -0.158    -0.862    -0.481
     0.912    -0.354    -0.205
     0.529    -0.611    -0.589
     0.295    -0.717    -0.631
     0.701    -0.413    -0.581
     0.497    -0.577    -0.648
     0.262    -0.396    -0.880
     0.145    -0.899    -0.413
    -0.087    -0.846    -0.526
     0.301    -0.755    -0.583
     0.354    -0.800    -0.484
     0.217    -0.171    -0.961
     0.272    -0.916    -0.294
     0.645    -0.711    -0.280
     0.425    -0.116    -0.898
     0.575    -0.398    -0.715
     0.411    -0.715    -0.566
     0.382    -0.802    -0.459
     0.421    -0.705    -0.571
     0.358    -0.136    -0.924
     0.186    -0.540    -0.821
     0.644    -0.429    -0.634
     0.289    -0.690    -0.664
     0.392    -0.523    -0.757
     0.034    -0.828    -0.560
     0.215    -0.507    -0.834
    -0.108    -0.568    -0.816
     0.800    -0.521     0.299
     0.495    -0.330    -0.804
     0.353    -0.736    -0.577
     0.713    -0.456    -0.533
     0.335    -0.463    -0.820
     0.509    -0.561    -0.652
     0.264    -0.823    -0.504
     0.165    -0.742    -0.650
     0.426    -0.749    -0.508
     0.315    -0.428    -0.847
     0.271    -0.780    -0.564
     0.242    -0.789    -0.565
     0.346    -0.459    -0.819
     0.528    -0.767    -0.365
     0.273    -0.958    -0.090
     0.261    -0.289    -0.921
     0.276    -0.671    -0.688
    -0.160    -0.665    -0.730
     0.580    -0.740    -0.340
     0.087    -0.194    -0.977
     0.048    -0.567    -0.822
     0.369    -0.253    -0.894
     0.268    -0.367    -0.891
     0.411    -0.484    -0.772
     0.511    -0.727    -0.459
     0.721    -0.340    -0.603
    -0.258    -0.361    -0.896
     0.201    -0.675    -0.710
     0.384    -0.584    -0.715
     0.159    -0.285    -0.945
     0.344    -0.767    -0.541
    -0.247    -0.870    -0.426
     0.658    -0.335    -0.675
     0.387    -0.807    -0.447
     0.233    -0.800    -0.552
     0.501    -0.381    -0.777
     0.019    -0.683    -0.730
     0.068    -0.353    -0.933
     0.317    -0.505    -0.803
     0.788    -0.500    -0.359
     0.617    -0.498    -0.610
     0.369    -0.795    -0.481
     0.519    -0.812    -0.269
     0.508    -0.273    -0.817
     0.347    -0.786    -0.511
     0.665    -0.688    -0.290
     0.673    -0.133    -0.727
     0.768    -0.519    -0.376
     0.144    -0.857    -0.494
     0.351    -0.514    -0.783
     0.668    -0.623    -0.408
    -0.098    -0.760    -0.642
     0.471    -0.843    -0.261
     0.262    -0.479    -0.838
     0.038    -0.654    -0.755
     0.226    -0.326    -0.918
    -0.049    -0.289    -0.956
     0.594    -0.509    -0.623
    -0.004    -0.596    -0.803
     0.379    -0.326    -0.866
     0.268    -0.867    -0.419
     0.465    -0.767    -0.442
     0.250    -0.772    -0.585
     0.441    -0.507    -0.741
     0.012    -0.863    -0.505
     0.375    -0.868    -0.325
     0.448    -0.886    -0.122
     0.661    -0.358    -0.660
     0.327    -0.619    -0.714
     0.361    -0.878    -0.316
     0.293    -0.754    -0.588
     0.119    -0.505    -0.855
     0.392    -0.374    -0.840
     0.049    -0.335    -0.941
     0.292    -0.696    -0.656
     0.837    -0.456    -0.304
     0.313    -0.899    -0.307
     0.253    -0.527    -0.811
     0.080    -0.924    -0.373
     0.604    -0.749    -0.272
     0.594    -0.704    -0.389
     0.393    -0.639    -0.662
     0.428    -0.579    -0.694
     0.132    -0.526    -0.840
    -0.091    -0.566    -0.819
     0.357    -0.339    -0.870
     0.213    -0.382    -0.900
    -0.128     0.092    -0.987
     0.713    -0.200    -0.672
     0.331    -0.564    -0.756
     0.277    -0.533    -0.800
     0.334    -0.316    -0.888
     0.543    -0.424    -0.725
    -0.254    -0.850    -0.461
     0.451    -0.525    -0.722
     0.558    -0.181    -0.810
     0.430    -0.412    -0.804
     0.336    -0.822    -0.459
     0.486    -0.310    -0.817
     0.167    -0.847    -0.504
     0.314    -0.624    -0.716
     0.463    -0.707    -0.534
     0.245    -0.692    -0.679
     0.252    -0.355    -0.900
     0.420    -0.640    -0.643
    -0.269    -0.708    -0.654
     0.486    -0.785    -0.384
     0.219    -0.578    -0.786
     0.136    -0.566    -0.813
     0.380    -0.781    -0.495
    -0.244    -0.667    -0.704
     0.127    -0.748    -0.651
     0.409    -0.563    -0.718
     0.704    -0.481    -0.523
    -0.025    -0.784    -0.620
     0.418    -0.622    -0.663
     0.186    -0.793    -0.580
     0.304    -0.768    -0.564
     0.589    -0.354    -0.726
     0.575    -0.546    -0.609
     0.131    -0.798    -0.588
    -0.065    -0.271    -0.960
    -0.037    -0.352    -0.935
     0.196    -0.639    -0.744
     0.379    -0.727    -0.573
     0.056    -0.441    -0.896
     0.226    -0.300    -0.927
     0.531    -0.483    -0.697
    -0.012    -0.402    -0.915
     0.308    -0.826    -0.471
     0.423    -0.752    -0.505
     0.449    -0.607    -0.655
    -0.038    -0.904    -0.426
     0.361    -0.711    -0.603
     0.376    -0.713    -0.592
     0.426    -0.701    -0.572
    -0.077    -0.432    -0.898
     0.644    -0.565    -0.516
     0.474    -0.561    -0.679
    -0.020    -0.894    -0.448
     0.362    -0.754    -0.548
     0.349    -0.406    -0.845
     0.586    -0.485    -0.649
    -0.070    -0.732    -0.678
    -0.141    -0.572    -0.808
    -0.044    -0.573    -0.818
     0.638    -0.370    -0.676
     0.522    -0.810    -0.267
     0.344    -0.536    -0.771
     0.294    -0.647    -0.704
     0.054    -0.670    -0.741
    -0.105    -0.764    -0.636
     0.230    -0.786    -0.574
     0.283    -0.938    -0.199
     0.446    -0.578    -0.683
     0.026    -0.887    -0.460
     0.158    -0.638    -0.753
     0.518    -0.608    -0.601
     0.240    -0.123    -0.963
     0.788    -0.376    -0.487
     0.407    -0.684    -0.605
     0.702    -0.256    -0.665
     0.545    -0.584    -0.601
     0.288    -0.792    -0.538
     0.070    -0.835    -0.545
     0.131    -0.385    -0.914
     0.246    -0.846    -0.472
     0.485    -0.483    -0.729
    -0.129    -0.629    -0.766
     0.403    -0.465    -0.789
     0.037    -0.202    -0.979
     0.173    -0.594    -0.785
     0.358    -0.741    -0.568
    -0.032    -0.427    -0.904
     0.581    -0.589    -0.562
     0.537    -0.791    -0.295
     0.494    -0.626    -0.603
     0.440    -0.735    -0.516
     0.522    -0.646    -0.557
     0.362    -0.016    -0.932
     0.711    -0.677    -0.188
     0.281    -0.950    -0.136
    -0.512    -0.647    -0.564
     0.497    -0.511    -0.701
     0.398    -0.780    -0.482
     0.027    -0.829    -0.559
     0.469    -0.360    -0.807
     0.583    -0.547    -0.601
     0.097    -0.667    -0.739
     0.690    -0.335    -0.642
     0.624    -0.734    -0.268
     0.179    -0.530    -0.829
     0.479    -0.655    -0.585
     0.477    -0.783    -0.399
     0.437    -0.710    -0.552
     0.051    -0.634    -0.772
     0.281    -0.737    -0.614
    -0.005    -0.551    -0.835
     0.475    -0.318    -0.821
     0.126    -0.176    -0.976
     0.459    -0.733    -0.502
     0.424    -0.447    -0.788
     0.575    -0.527    -0.626
     0.626    -0.461    -0.629
    -0.057    -0.924    -0.377
     0.588    -0.449    -0.673
     0.714    -0.192    -0.673
    -0.106    -0.470    -0.876
     0.279    -0.816    -0.505
     0.635    -0.621    -0.459
    -0.207    -0.270    -0.940
    -0.064    -0.444    -0.894
     0.261    -0.834    -0.486
     0.205    -0.547    -0.812
     0.147    -0.585    -0.797
     0.411    -0.637    -0.652
     0.100    -0.869    -0.484
     0.124    -0.471    -0.873
     0.275    -0.590    -0.759
     0.246    -0.231    -0.941
     0.107    -0.763    -0.637
    -0.020    -0.831    -0.556
     0.386    -0.679    -0.625
     0.356    -0.800    -0.482
    -0.084    -0.182    -0.980
     0.349    -0.536    -0.768
     0.374    -0.522    -0.767
     0.367    -0.646    -0.670
     0.119    -0.709    -0.695
     0.571    -0.716    -0.401
     0.558    -0.548    -0.623
     0.260    -0.514    -0.817
     0.413    -0.608    -0.678
     0.252    -0.611    -0.751
     0.521    -0.236    -0.820
     0.239    -0.629    -0.739
     0.444    -0.539    -0.716
     0.049    -0.683    -0.729
     0.458    -0.440    -0.773
    -0.009    -0.810    -0.586
     0.742    -0.257    -0.619
     0.267    -0.512    -0.816
    -0.051    -0.708    -0.705
     0.299    -0.334    -0.894
     0.051    -0.719    -0.693
     0.553    -0.390    -0.736
     0.817    -0.282    -0.504
     0.187    -0.236    -0.954
     0.430    -0.389    -0.815
     0.221    -0.651    -0.726
    -0.092    -0.597    -0.797
     0.430    -0.430    -0.794
     0.773    -0.154    -0.616
     0.247    -0.686    -0.685
     0.643    -0.433    -0.631
     0.424    -0.805    -0.415
     0.591    -0.447    -0.671
     0.030    -0.608    -0.793
    -0.248    -0.277    -0.928
     0.315    -0.724    -0.614
     0.526    -0.639    -0.561
     0.158    -0.711    -0.685
     0.194    -0.487    -0.852
     0.483    -0.505    -0.715
    -0.098    -0.912    -0.397
     0.851    -0.479    -0.217
     0.099    -0.802    -0.589
     0.285    -0.842    -0.458
     0.411    -0.664    -0.625
     0.691    -0.478    -0.542
     0.119    -0.729    -0.674
     0.446    -0.500    -0.742
     0.371    -0.622    -0.689
     0.096    -0.016    -0.995
    -0.022    -0.404    -0.915
     0.104    -0.552    -0.827
     0.659    -0.615    -0.434
     0.171    -0.506    -0.845
     0.596    -0.694    -0.404
     0.636    -0.716    -0.287
     0.669    -0.146    -0.729
     0.268    -0.768    -0.582
     0.455    -0.575    -0.680
    -0.162    -0.674    -0.721
     0.421    -0.746    -0.516
     0.754    -0.579    -0.309
    -0.047    -0.449    -0.892
