     0.822     0.559    -0.109
     0.792     0.611     0.004
     0.866     0.479    -0.141
     0.731     0.678    -0.079
     0.781     0.625     0.016
     0.846     0.528    -0.080
     0.804     0.594     0.025
     0.837     0.542    -0.076
     0.750     0.654    -0.102
     0.824     0.559    -0.097
     0.724     0.688     0.048
     0.785     0.619    -0.008
     0.820     0.537    -0.197
     0.776     0.630    -0.023
     0.724     0.664    -0.187
     0.747     0.634    -0.198
     0.798     0.592    -0.116
     0.750     0.642    -0.161
     0.758     0.637    -0.139
     0.712     0.691    -0.127
     0.820     0.553    -0.150
     0.788     0.604    -0.118
     0.821     0.571     0.018
     0.750     0.650    -0.121
     0.794     0.607    -0.027
     0.797     0.594    -0.111
     0.804     0.592    -0.054
     0.716     0.686    -0.131
     0.742     0.650    -0.164
     0.834     0.541    -0.109
     0.784     0.576    -0.231
     0.765     0.634    -0.116
     0.780     0.624    -0.052
     0.848     0.529     0.020
     0.825     0.565    -0.007
     0.765     0.631    -0.129
     0.849     0.522    -0.085
     0.843     0.492    -0.218
     0.850     0.508    -0.144
     0.689     0.677    -0.258
     0.780     0.589    -0.212
     0.601     0.790    -0.116
     0.759     0.651    -0.016
     0.746     0.640    -0.185
     0.764     0.619    -0.182
     0.816     0.572    -0.079
     0.913     0.404    -0.053
     0.801     0.585    -0.126
     0.709     0.671    -0.218
     0.841     0.539    -0.042
     0.754     0.655    -0.046
     0.754     0.647    -0.114
     0.844     0.489    -0.219
     0.718     0.691     0.084
     0.758     0.636    -0.143
     0.767     0.615    -0.183
     0.796     0.597     0.098
     0.862     0.507    -0.023
     0.811     0.580    -0.071
     0.771     0.636    -0.032
     0.821     0.570    -0.038
     0.883     0.464    -0.075
     0.776     0.595    -0.208
     0.793     0.609    -0.008
     0.671     0.725    -0.157
     0.869     0.477    -0.134
     0.797     0.577    -0.178
     0.799     0.597    -0.073
     0.779     0.611    -0.137
     0.816     0.563     0.133
     0.810     0.580     0.081
     0.732     0.675    -0.099
     0.877     0.441    -0.191
     0.794     0.595    -0.123
     0.839     0.543    -0.031
     0.710     0.698    -0.096
     0.788     0.614     0.049
     0.799     0.597    -0.074
     0.836     0.549    -0.017
     0.845     0.532     0.057
     0.759     0.647    -0.067
     0.730     0.683    -0.022
     0.725     0.688     0.007
     0.781     0.616    -0.105
     0.779     0.594    -0.201
     0.803     0.597    -0.006
     0.729     0.675    -0.116
     0.808     0.588    -0.029
     0.892     0.451     0.034
     0.810     0.586     0.007
     0.833     0.525    -0.177
     0.812     0.583    -0.037
     0.857     0.507    -0.094
     0.844     0.505    -0.177
     0.735     0.678    -0.012
     0.721     0.684    -0.115
     0.824     0.552    -0.128
     0.806     0.567    -0.169
     0.800     0.597     0.064
     0.868     0.485     0.102
     0.839     0.544    -0.028
     0.743     0.621    -0.250
     0.805     0.580    -0.125
     0.818     0.556    -0.149
     0.743     0.652    -0.153
     0.830     0.534    -0.160
     0.786     0.612    -0.088
     0.742     0.671    -0.017
     0.801     0.593    -0.079
     0.721     0.692     0.012
     0.893     0.451     0.014
     0.841     0.537    -0.065
     0.740     0.654    -0.157
     0.837     0.543    -0.072
     0.832     0.554    -0.042
     0.717     0.678    -0.162
     0.773     0.633     0.040
     0.695     0.698    -0.172
     0.854     0.507    -0.116
     0.831     0.490    -0.266
     0.787     0.614    -0.051
     0.805     0.577    -0.137
     0.742     0.664    -0.094
     0.857     0.515    -0.010
     0.791     0.609    -0.052
     0.785     0.537    -0.309
     0.844     0.535     0.047
     0.832     0.553    -0.055
     0.751     0.658    -0.060
     0.734     0.679    -0.017
     0.803     0.591    -0.084
     0.727     0.683    -0.069
     0.871     0.491    -0.023
     0.811     0.585     0.019
     0.781     0.624     0.016
     0.747     0.664    -0.007
     0.771     0.630    -0.091
     0.845     0.535     0.011
     0.817     0.576     0.011
     0.733     0.680     0.014
     0.661     0.750    -0.024
     0.708     0.698    -0.105
     0.784     0.608    -0.126
     0.806     0.589    -0.058
     0.715     0.698    -0.042
     0.777     0.625    -0.079
     0.754     0.644     0.127
     0.733     0.673    -0.101
     0.759     0.601    -0.251
     0.817     0.575    -0.041
     0.723     0.683    -0.105
     0.682     0.707     0.186
     0.724     0.687    -0.058
     0.828     0.494    -0.265
     0.764     0.642    -0.067
     0.817     0.541    -0.199
     0.830     0.557    -0.033
     0.797     0.598     0.082
     0.769     0.618    -0.161
     0.772     0.581    -0.258
     0.739     0.646    -0.191
     0.737     0.675     0.015
     0.823     0.548    -0.151
     0.837     0.544    -0.057
     0.774     0.631    -0.056
     0.732     0.681     0.003
     0.741     0.669    -0.054
     0.774     0.617    -0.141
     0.829     0.544    -0.129
     0.788     0.613    -0.064
     0.679     0.730    -0.081
     0.856     0.508    -0.099
     0.794     0.606    -0.046
     0.818     0.574     0.043
     0.759     0.651    -0.013
     0.812     0.560    -0.165
     0.836     0.531    -0.138
     0.759     0.615    -0.215
     0.807     0.572    -0.145
     0.816     0.578    -0.030
     0.757     0.617    -0.216
     0.797     0.595    -0.103
     0.859     0.504    -0.093
     0.793     0.598    -0.115
     0.813     0.561    -0.156
     0.854     0.514    -0.082
     0.874     0.470    -0.122
     0.762     0.622    -0.180
     0.859     0.499    -0.117
     0.824     0.549    -0.140
     0.701     0.689    -0.184
     0.824     0.564    -0.057
     0.784     0.612    -0.104
     0.830     0.555    -0.058
     0.786     0.615    -0.069
     0.701     0.709    -0.076
     0.721     0.688    -0.087
     0.870     0.473    -0.141
     0.661     0.686    -0.304
     0.815     0.579    -0.035
     0.784     0.614    -0.092
     0.719     0.677    -0.161
     0.801     0.590    -0.103
     0.687     0.722    -0.083
     0.833     0.543    -0.107
     0.866     0.470    -0.172
     0.801     0.588    -0.109
     0.813     0.557    -0.169
     0.772     0.628    -0.095
     0.808     0.566    -0.161
     0.819     0.556    -0.144
     0.721     0.657    -0.220
     0.691     0.723    -0.002
     0.769     0.629    -0.114
     0.844     0.536    -0.019
     0.771     0.637    -0.029
     0.770     0.623    -0.135
     0.841     0.532    -0.097
     0.809     0.581    -0.087
     0.847     0.517     0.124
     0.740     0.656    -0.149
     0.783     0.621     0.027
     0.834     0.465    -0.297
     0.797     0.570    -0.198
     0.779     0.570    -0.261
     0.817     0.571    -0.084
     0.777     0.615    -0.132
     0.790     0.597    -0.138
     0.857     0.512    -0.062
     0.877     0.459    -0.140
     0.842     0.518    -0.149
     0.695     0.704    -0.149
     0.811     0.578    -0.091
     0.803     0.588    -0.102
     0.791     0.585    -0.181
     0.749     0.635    -0.187
     0.869     0.465    -0.167
     0.745     0.649    -0.157
     0.800     0.581    -0.148
     0.866     0.460    -0.195
     0.796     0.594    -0.119
     0.839     0.535    -0.097
     0.786     0.614    -0.074
     0.761     0.647    -0.044
     0.854     0.484    -0.189
     0.786     0.614     0.075
     0.760     0.649    -0.034
     0.820     0.571    -0.027
     0.857     0.515     0.035
     0.846     0.531    -0.036
     0.821     0.551    -0.146
     0.827     0.558    -0.063
     0.746     0.662    -0.069
     0.778     0.628    -0.036
     0.839     0.511    -0.186
     0.713     0.680    -0.173
     0.813     0.570    -0.121
     0.811     0.577    -0.096
     0.857     0.515    -0.008
     0.727     0.685     0.043
     0.735     0.677    -0.044
     0.764     0.637    -0.099
     0.809     0.588    -0.019
     0.815     0.568    -0.118
     0.685     0.724    -0.078
     0.844     0.527    -0.099
     0.674     0.734    -0.076
     0.840     0.527    -0.134
     0.731     0.678    -0.075
     0.866     0.490    -0.105
     0.808     0.583     0.079
     0.794     0.595    -0.121
     0.846     0.516    -0.135
     0.824     0.564    -0.049
     0.819     0.549    -0.168
     0.774     0.564    -0.290
     0.806     0.548    -0.222
     0.821     0.527    -0.219
     0.784     0.592    -0.186
     0.825     0.562    -0.059
     0.698     0.713    -0.064
     0.744     0.668    -0.011
     0.811     0.560    -0.167
     0.726     0.652    -0.218
     0.762     0.644     0.064
     0.764     0.642    -0.066
     0.800     0.594    -0.088
     0.727     0.687     0.007
     0.779     0.602    -0.174
     0.704     0.643    -0.302
     0.777     0.618    -0.121
     0.673     0.698    -0.246
     0.606     0.784    -0.133
     0.791     0.596     0.141
     0.868     0.482    -0.119
     0.762     0.645     0.063
     0.874     0.484     0.050
     0.810     0.585    -0.043
     0.772     0.610    -0.179
     0.834     0.547    -0.075
     0.803     0.595     0.016
     0.751     0.650     0.116
     0.711     0.702    -0.035
     0.809     0.574    -0.124
     0.843     0.514    -0.158
     0.770     0.631    -0.093
     0.791     0.599    -0.121
     0.810     0.552    -0.198
     0.715     0.699     0.014
     0.750     0.661     0.000
     0.855     0.517     0.037
     0.759     0.643    -0.100
     0.862     0.506    -0.018
     0.821     0.562    -0.102
     0.785     0.619    -0.015
     0.732     0.668    -0.135
     0.846     0.478     0.235
     0.740     0.669    -0.065
     0.783     0.620    -0.046
     0.684     0.716    -0.139
     0.729     0.656    -0.195
     0.717     0.687    -0.117
     0.895     0.439    -0.082
     0.675     0.734    -0.081
     0.831     0.550     0.078
     0.740     0.668    -0.083
     0.788     0.612     0.070
     0.765     0.644     0.009
     0.683     0.727    -0.074
     0.845     0.505    -0.176
     0.829     0.553    -0.084
     0.911     0.409    -0.063
     0.851     0.524    -0.006
     0.636     0.753    -0.173
     0.666     0.731    -0.151
     0.741     0.672    -0.001
     0.858     0.498    -0.124
     0.748     0.663    -0.032
     0.844     0.533    -0.066
     0.833     0.552    -0.038
     0.701     0.709    -0.079
     0.787     0.615    -0.051
     0.763     0.645    -0.042
     0.799     0.589    -0.121
     0.750     0.645    -0.146
     0.764     0.644    -0.045
     0.815     0.570    -0.100
     0.675     0.718    -0.171
     0.732     0.662    -0.160
     0.807     0.590     0.033
     0.862     0.502    -0.077
     0.806     0.589    -0.058
     0.791     0.612     0.008
     0.782     0.614    -0.106
     0.832     0.552     0.047
     0.790     0.612    -0.020
     0.815     0.577    -0.054
     0.800     0.597    -0.064
     0.881     0.416    -0.224
     0.838     0.545    -0.026
     0.776     0.625    -0.083
     0.892     0.409    -0.195
     0.685     0.692    -0.227
     0.791     0.607    -0.078
     0.719     0.695    -0.002
     0.841     0.531     0.104
     0.796     0.546    -0.263
     0.855     0.518     0.025
     0.728     0.669    -0.149
     0.827     0.560    -0.048
     0.776     0.630    -0.025
     0.828     0.557     0.067
     0.694     0.679    -0.239
     0.717     0.659    -0.226
     0.805     0.590    -0.070
     0.806     0.574    -0.143
     0.810     0.581    -0.086
     0.783     0.603    -0.153
     0.817     0.571    -0.081
     0.742     0.651    -0.159
     0.831     0.549     0.090
     0.746     0.655    -0.121
     0.825     0.544    -0.153
     0.792     0.593    -0.142
     0.784     0.602     0.149
     0.838     0.540    -0.085
     0.808     0.582    -0.091
     0.770     0.601    -0.215
     0.785     0.618    -0.044
     0.871     0.462    -0.166
     0.867     0.469    -0.170
     0.774     0.615    -0.151
     0.782     0.623     0.001
     0.739     0.664     0.115
     0.823     0.566     0.057
     0.733     0.677    -0.068
     0.671     0.736    -0.091
     0.839     0.544    -0.015
     0.670     0.737    -0.084
     0.744     0.653    -0.142
     0.749     0.655    -0.097
     0.814     0.577    -0.070
     0.787     0.611    -0.088
     0.816     0.562    -0.137
     0.833     0.544    -0.106
     0.831     0.548    -0.092
     0.771     0.637    -0.011
     0.755     0.647    -0.105
     0.808     0.579    -0.108
     0.754     0.639    -0.151
     0.716     0.687    -0.124
     0.799     0.600     0.031
     0.839     0.526    -0.141
     0.824     0.562     0.070
     0.890     0.448    -0.083
     0.823     0.554    -0.124
     0.797     0.600    -0.069
     0.791     0.585    -0.181
     0.751     0.653    -0.099
     0.778     0.627    -0.043
     0.820     0.546     0.170
     0.855     0.517     0.023
     0.789     0.605    -0.107
     0.810     0.574    -0.123
     0.784     0.619    -0.036
     0.777     0.623    -0.090
     0.753     0.657    -0.040
     0.762     0.632    -0.141
     0.833     0.514    -0.204
     0.741     0.667    -0.075
     0.749     0.661    -0.042
     0.855     0.516     0.052
     0.807     0.587    -0.063
     0.840     0.541    -0.054
     0.778     0.627    -0.044
     0.853     0.483    -0.197
     0.777     0.625    -0.079
     0.804     0.566    -0.179
     0.710     0.703    -0.038
     0.763     0.633    -0.128
     0.825     0.557    -0.097
     0.756     0.654     0.024
     0.717     0.656    -0.234
     0.735     0.677    -0.047
     0.778     0.621    -0.097
     0.824     0.566    -0.018
     0.845     0.532    -0.057
     0.753     0.656     0.050
     0.855     0.504    -0.118
     0.676     0.721    -0.152
     0.690     0.717    -0.097
     0.652     0.737    -0.178
     0.804     0.594     0.006
     0.868     0.468    -0.167
     0.801     0.584    -0.130
     0.802     0.593    -0.064
     0.746     0.662    -0.071
     0.885     0.428    -0.184
     0.815     0.579     0.028
     0.696     0.718    -0.001
     0.830     0.552    -0.078
     0.771     0.630    -0.090
     0.726     0.672    -0.149
     0.833     0.544    -0.094
     0.806     0.584    -0.094
     0.775     0.623    -0.101
     0.754     0.579    -0.309
     0.823     0.568     0.028
     0.773     0.634     0.004
     0.739     0.674    -0.006
     0.725     0.688    -0.025
     0.785     0.611    -0.103
     0.778     0.605    -0.169
     0.789     0.601    -0.129
     0.773     0.609    -0.177
     0.708     0.703    -0.062
     0.749     0.657    -0.084
     0.729     0.673    -0.126
     0.719     0.682    -0.133
     0.778     0.625    -0.070
     0.796     0.597    -0.103
     0.779     0.599    -0.184
     0.807     0.581    -0.109
     0.771     0.637    -0.004
     0.794     0.569    -0.214
     0.819     0.570    -0.056
     0.860     0.498    -0.115
     0.806     0.574    -0.146
     0.812     0.582    -0.040
     0.772     0.633    -0.062
     0.737     0.668    -0.104
     0.756     0.654    -0.031
     0.730     0.667    -0.147
     0.820     0.551    -0.154
     0.794     0.606     0.040
     0.702     0.711    -0.039
     0.854     0.513    -0.087
     0.712     0.701    -0.038
     0.821     0.552    -0.146
     0.809     0.572    -0.138
     0.802     0.596    -0.038
     0.742     0.654    -0.150
     0.709     0.701    -0.069
     0.666     0.710    -0.227
     0.796     0.591    -0.128
     0.789     0.614     0.015
     0.702     0.683    -0.202
     0.812     0.582    -0.054
     0.748     0.662     0.032
     0.828     0.561    -0.008
     0.811     0.579    -0.086
     0.770     0.634    -0.069
     0.725     0.680    -0.111
     0.755     0.638    -0.152
     0.707     0.705     0.054
     0.793     0.602    -0.095
     0.797     0.601    -0.057
     0.646     0.761    -0.056
     0.769     0.626    -0.132
     0.852     0.521    -0.043
     0.844     0.468    -0.261
     0.688     0.710    -0.150
     0.713     0.624    -0.319
     0.757     0.649    -0.073
     0.730     0.683    -0.042
     0.774     0.631    -0.058
     0.885     0.442    -0.143
     0.809     0.588    -0.020
     0.637     0.769     0.052
     0.758     0.635    -0.151
     0.825     0.563    -0.046
     0.907     0.416     0.071
     0.743     0.629    -0.230
     0.785     0.608    -0.120
     0.693     0.721    -0.005
     0.749     0.651    -0.124
     0.833     0.518    -0.196
     0.708     0.700    -0.096
     0.771     0.627    -0.106
     0.751     0.660    -0.016
     0.760     0.650     0.003
     0.801     0.598    -0.025
     0.766     0.641     0.057
     0.665     0.738    -0.117
     0.824     0.560    -0.089
     0.798     0.601     0.043
     0.725     0.687    -0.038
     0.849     0.527     0.041
     0.738     0.648    -0.187
     0.794     0.608    -0.004
     0.729     0.684    -0.032
     0.827     0.561    -0.038
     0.768     0.597    -0.233
     0.767     0.632    -0.114
     0.731     0.681     0.047
     0.834     0.552    -0.020
     0.757     0.649    -0.078
     0.750     0.616    -0.242
     0.748     0.659    -0.080
     0.804     0.592     0.053
     0.841     0.525     0.130
     0.726     0.678     0.111
     0.764     0.637    -0.099
     0.637     0.767    -0.080
     0.856     0.517    -0.013
     0.827     0.558    -0.071
     0.787     0.613    -0.075
     0.710     0.694    -0.121
     0.717     0.690    -0.101
     0.829     0.559     0.021
     0.821     0.554    -0.140
     0.761     0.646     0.055
     0.717     0.696     0.036
     0.826     0.541    -0.157
     0.836     0.543    -0.077
     0.849     0.527    -0.027
     0.758     0.652     0.033
     0.668     0.727    -0.158
     0.748     0.648    -0.143
     0.809     0.559    -0.183
     0.753     0.649    -0.107
     0.836     0.541    -0.097
     0.786     0.595    -0.170
     0.786     0.609    -0.105
     0.703     0.711    -0.023
     0.826     0.548    -0.133
     0.858     0.488    -0.161
     0.715     0.699    -0.025
     0.870     0.481    -0.105
     0.849     0.499    -0.177
     0.825     0.564    -0.004
     0.840     0.529    -0.117
     0.869     0.486     0.093
     0.798     0.598    -0.079
     0.774     0.633    -0.027
     0.799     0.602     0.001
     0.736     0.669    -0.104
     0.701     0.706    -0.102
     0.690     0.720    -0.075
     0.749     0.662     0.033
     0.818     0.555    -0.152
     0.866     0.491    -0.099
     0.806     0.591    -0.021
     0.816     0.522    -0.250
     0.710     0.702    -0.054
     0.819     0.562    -0.114
     0.765     0.639    -0.075
     0.810     0.566    -0.155
     0.807     0.588    -0.058
     0.833     0.553    -0.028
     0.657     0.723    -0.212
     0.869     0.495     0.004
     0.766     0.642     0.026
     0.802     0.595    -0.049
     0.749     0.650    -0.126
     0.781     0.619    -0.083
     0.640     0.763    -0.090
     0.898     0.429    -0.092
     0.759     0.639    -0.122
     0.752     0.644    -0.140
     0.776     0.631     0.020
     0.775     0.627    -0.076
     0.810     0.585    -0.030
     0.862     0.507    -0.007
     0.869     0.479    -0.125
     0.702     0.705    -0.102
     0.786     0.615    -0.058
     0.767     0.638    -0.073
     0.813     0.575    -0.093
     0.807     0.588    -0.051
     0.803     0.586    -0.107
     0.791     0.598    -0.128
     0.810     0.531    -0.249
     0.808     0.572    -0.142
     0.722     0.688     0.075
     0.791     0.595     0.143
     0.790     0.598    -0.131
     0.814     0.579    -0.049
     0.764     0.621    -0.174
     0.865     0.495    -0.080
     0.807     0.589    -0.042
     0.801     0.591    -0.090
     0.863     0.451    -0.227
     0.815     0.521    -0.254
     0.796     0.583    -0.163
     0.817     0.576     0.000
     0.774     0.632    -0.040
     0.810     0.563    -0.167
     0.710     0.701    -0.072
     0.776     0.629    -0.040
     0.823     0.554    -0.129
     0.797     0.601    -0.055
     0.821     0.564    -0.087
     0.717     0.697     0.026
     0.781     0.623    -0.033
     0.866     0.498     0.030
     0.683     0.676    -0.275
     0.752     0.631    -0.190
     0.791     0.609    -0.060
     0.795     0.602    -0.076
     0.799     0.601     0.020
     0.682     0.728    -0.072
     0.810     0.582    -0.077
     0.686     0.724    -0.066
     0.788     0.606    -0.108
     0.826     0.562    -0.042
     0.812     0.582    -0.050
     0.867     0.498    -0.007
     0.731     0.682    -0.014
     0.650     0.735    -0.194
     0.758     0.641    -0.119
     0.817     0.565    -0.113
     0.695     0.710    -0.117
     0.765     0.636    -0.101
     0.814     0.564    -0.137
     0.756     0.644    -0.118
     0.802     0.565    -0.194
     0.727     0.686    -0.040
     0.821     0.570    -0.023
     0.826     0.563    -0.020
     0.737     0.672    -0.072
