     0.380     0.925    -0.028
     0.159     0.983    -0.093
     0.263     0.962     0.078
     0.486     0.843    -0.230
     0.112     0.989    -0.101
     0.257     0.944     0.206
     0.489     0.867    -0.094
     0.400     0.913     0.084
     0.253     0.948    -0.192
     0.352     0.935     0.035
     0.271     0.962     0.018
     0.332     0.885     0.327
     0.314     0.949     0.007
     0.344     0.939    -0.008
     0.246     0.966    -0.077
     0.461     0.856     0.232
     0.637     0.768     0.065
     0.448     0.885    -0.128
     0.107     0.931    -0.350
     0.324     0.946    -0.004
     0.142     0.990    -0.004
     0.343     0.926    -0.155
     0.459     0.815     0.354
     0.400     0.895     0.200
     0.381     0.909     0.169
     0.329     0.941     0.076
     0.400     0.907    -0.135
     0.463     0.882     0.091
     0.656     0.755    -0.022
     0.493     0.868    -0.056
     0.352     0.936    -0.005
     0.171     0.985     0.001
     0.367     0.929    -0.040
     0.427     0.847    -0.316
     0.267     0.926    -0.269
     0.457     0.835     0.305
     0.592     0.791    -0.157
     0.344     0.923     0.172
     0.215     0.966    -0.142
     0.395     0.917    -0.057
     0.559     0.829    -0.019
     0.236     0.957     0.170
     0.289     0.957    -0.009
     0.398     0.916    -0.040
     0.415     0.910     0.001
     0.436     0.896    -0.083
    -0.082     0.996     0.044
     0.453     0.835    -0.312
     0.248     0.951     0.186
     0.448     0.893     0.047
     0.228     0.966    -0.120
     0.687     0.725    -0.054
     0.831     0.553    -0.056
     0.218     0.943     0.250
     0.348     0.937    -0.036
     0.454     0.862     0.226
     0.460     0.887    -0.030
     0.474     0.880     0.022
     0.621     0.722    -0.304
     0.355     0.927    -0.122
     0.505     0.855     0.115
     0.808     0.564     0.170
     0.331     0.943    -0.024
     0.257     0.966     0.034
     0.505     0.850     0.150
     0.387     0.919    -0.074
     0.352     0.929    -0.116
     0.508     0.861    -0.012
     0.381     0.919    -0.100
     0.690     0.723    -0.011
     0.557     0.789     0.259
     0.200     0.964    -0.176
     0.191     0.981    -0.047
     0.405     0.908     0.106
     0.574     0.756     0.315
     0.573     0.819    -0.030
     0.511     0.812     0.281
     0.271     0.948    -0.165
     0.314     0.946    -0.080
     0.221     0.963     0.157
     0.284     0.958     0.044
     0.406     0.881     0.244
     0.169     0.985    -0.042
     0.139     0.988    -0.068
     0.301     0.912     0.277
     0.399     0.916     0.049
    -0.028     0.998     0.050
     0.378     0.908     0.181
     0.341     0.916     0.210
     0.426     0.904     0.038
     0.465     0.779     0.421
     0.164     0.986     0.036
     0.669     0.719    -0.189
     0.546     0.817    -0.183
     0.444     0.896    -0.002
     0.658     0.750     0.058
     0.664     0.703     0.256
     0.284     0.915     0.287
     0.409     0.907     0.100
     0.294     0.949    -0.113
     0.442     0.896     0.045
     0.404     0.897    -0.180
     0.329     0.944    -0.025
     0.250     0.957     0.149
     0.356     0.920     0.161
     0.458     0.889     0.021
     0.387     0.922     0.012
     0.384     0.923    -0.031
     0.128     0.969     0.212
     0.389     0.921    -0.018
     0.054     0.998    -0.045
     0.316     0.948    -0.034
     0.370     0.925    -0.082
     0.558     0.829     0.017
     0.232     0.972     0.040
     0.421     0.902     0.099
     0.387     0.918     0.084
     0.582     0.812    -0.037
     0.404     0.900    -0.161
     0.088     0.988     0.130
     0.280     0.942    -0.183
     0.174     0.855     0.488
     0.421     0.876    -0.236
     0.456     0.869     0.191
     0.438     0.860     0.262
     0.366     0.917     0.158
     0.415     0.900     0.136
     0.513     0.851     0.116
     0.235     0.971     0.044
     0.201     0.970    -0.134
     0.228     0.974    -0.020
     0.372     0.915     0.155
     0.267     0.963    -0.036
     0.167     0.971     0.173
     0.211     0.944     0.252
     0.529     0.844     0.093
     0.568     0.816     0.109
     0.587     0.752    -0.300
     0.520     0.847     0.108
     0.417     0.881    -0.223
     0.178     0.954    -0.242
     0.488     0.849    -0.202
     0.312     0.940    -0.138
     0.228     0.973    -0.039
     0.497     0.840    -0.218
     0.466     0.853    -0.235
     0.270     0.910    -0.315
     0.575     0.808    -0.132
     0.616     0.773     0.153
     0.344     0.882     0.322
     0.682     0.690    -0.242
     0.481     0.808     0.340
     0.213     0.977    -0.017
     0.218     0.970    -0.111
     0.459     0.886    -0.070
     0.293     0.899    -0.327
     0.616     0.664     0.425
     0.437     0.899     0.028
     0.433     0.888     0.153
     0.365     0.927    -0.084
     0.195     0.981    -0.018
     0.647     0.677     0.351
     0.302     0.916     0.264
     0.476     0.854     0.208
     0.662     0.719     0.212
     0.019     0.974    -0.227
     0.228     0.969    -0.091
     0.386     0.911    -0.143
     0.213     0.969    -0.125
     0.097     0.992     0.077
     0.041     0.972     0.229
     0.296     0.925    -0.239
     0.351     0.936     0.027
     0.502     0.859     0.105
     0.448     0.889     0.098
     0.274     0.960     0.052
     0.512     0.859     0.015
     0.367     0.928    -0.056
     0.182     0.951     0.248
     0.257     0.966     0.035
     0.757     0.641     0.127
     0.454     0.863     0.222
     0.337     0.940    -0.046
     0.232     0.971     0.053
     0.639     0.769    -0.003
     0.278     0.951     0.133
     0.563     0.761    -0.324
     0.360     0.906    -0.223
     0.159     0.971    -0.178
     0.345     0.927    -0.148
     0.304     0.947     0.098
     0.437     0.864     0.252
     0.039     0.995     0.089
     0.246     0.969     0.028
     0.262     0.964     0.047
     0.572     0.819     0.054
     0.408     0.913    -0.003
     0.574     0.790    -0.213
     0.667     0.732    -0.137
     0.340     0.880     0.332
     0.574     0.819     0.002
     0.487     0.872     0.056
     0.258     0.965     0.041
     0.498     0.860    -0.110
     0.229     0.963     0.140
     0.361     0.932    -0.029
     0.280     0.958     0.058
     0.533     0.844    -0.058
     0.251     0.965     0.081
     0.023     0.999     0.045
     0.528     0.842     0.113
     0.432     0.901     0.033
     0.250     0.968    -0.021
     0.583     0.810    -0.064
     0.713     0.665     0.220
     0.564     0.797     0.216
     0.243     0.956    -0.162
     0.267     0.932    -0.246
     0.432     0.872    -0.231
     0.444     0.896    -0.027
     0.528     0.820    -0.220
     0.229     0.844    -0.486
     0.659     0.746     0.091
     0.489     0.871    -0.038
     0.506     0.739    -0.445
     0.650     0.716     0.254
     0.340     0.925    -0.169
     0.123     0.992    -0.032
     0.649     0.761     0.006
    -0.003     0.974     0.225
     0.196     0.976     0.091
     0.455     0.890    -0.027
     0.190     0.981    -0.030
     0.463     0.885    -0.043
     0.592     0.774    -0.222
     0.427     0.892     0.151
     0.518     0.855     0.027
     0.399     0.898    -0.187
     0.303     0.929     0.214
     0.372     0.921     0.111
     0.527     0.825    -0.202
     0.461     0.804    -0.375
     0.369     0.929     0.030
     0.092     0.996    -0.002
     0.026     0.998    -0.056
     0.406     0.894     0.190
     0.429     0.881     0.200
     0.434     0.864    -0.256
     0.281     0.960     0.004
     0.435     0.895    -0.104
     0.445     0.822     0.356
     0.506     0.844    -0.179
     0.303     0.912    -0.277
     0.470     0.882     0.038
     0.595     0.803     0.031
     0.643     0.735    -0.218
     0.250     0.968    -0.038
     0.463     0.881     0.098
     0.390     0.901    -0.192
     0.481     0.874     0.069
     0.255     0.929     0.268
     0.697     0.716    -0.044
     0.402     0.913     0.063
     0.523     0.851     0.048
     0.459     0.879     0.130
     0.518     0.849    -0.105
     0.123     0.960    -0.250
     0.311     0.947     0.082
     0.656     0.742     0.138
     0.729     0.643     0.236
     0.218     0.967    -0.134
     0.351     0.916    -0.194
     0.197     0.971     0.135
     0.480     0.865    -0.145
     0.359     0.896     0.260
     0.487     0.856     0.171
     0.481     0.876     0.026
     0.592     0.794    -0.136
     0.215     0.941    -0.260
     0.481     0.859    -0.176
     0.267     0.962    -0.056
     0.517     0.856    -0.014
     0.484     0.838     0.252
     0.398     0.843     0.363
     0.164     0.972    -0.166
     0.633     0.750     0.193
     0.628     0.772     0.094
     0.527     0.847     0.075
    -0.001     0.974     0.224
     0.286     0.948     0.137
     0.319     0.945    -0.067
     0.452     0.892     0.018
     0.322     0.946     0.043
     0.349     0.918    -0.187
     0.289     0.935    -0.203
     0.389     0.921    -0.034
     0.653     0.757    -0.019
     0.458     0.885     0.086
     0.422     0.867    -0.264
     0.513     0.784     0.349
     0.064     0.996     0.067
     0.289     0.911     0.294
     0.427     0.904    -0.031
     0.362     0.858    -0.364
     0.652     0.753     0.087
     0.326     0.917    -0.231
     0.331     0.941     0.063
     0.524     0.851     0.038
     0.262     0.964     0.051
     0.346     0.931    -0.115
     0.620     0.784     0.039
     0.636     0.746     0.197
     0.376     0.903    -0.210
     0.641     0.759    -0.109
    -0.244     0.869     0.430
     0.223     0.961    -0.161
     0.489     0.860     0.147
     0.506     0.849     0.150
     0.579     0.812     0.073
     0.563     0.826     0.005
     0.393     0.888    -0.239
     0.295     0.955     0.006
     0.470     0.847     0.247
     0.402     0.914    -0.047
     0.497     0.867     0.025
     0.033     0.999    -0.044
     0.190     0.982     0.020
     0.441     0.894    -0.079
     0.202     0.961    -0.191
     0.280     0.960     0.029
     0.265     0.952    -0.156
     0.256     0.950    -0.177
     0.407     0.902    -0.145
     0.273     0.961    -0.027
     0.281     0.956     0.080
     0.384     0.923    -0.037
     0.634     0.773    -0.020
     0.614     0.783     0.101
     0.162     0.982     0.099
     0.286     0.956    -0.072
     0.768     0.620    -0.162
     0.349     0.906     0.240
     0.006     0.997     0.081
     0.215     0.966     0.143
     0.228     0.962    -0.148
     0.500     0.856    -0.133
     0.316     0.907    -0.278
     0.431     0.725    -0.537
     0.765     0.641     0.072
     0.681     0.732     0.035
     0.056     0.970    -0.236
     0.343     0.935     0.090
     0.347     0.937    -0.032
     0.017     0.999    -0.036
     0.590     0.806    -0.050
     0.403     0.882     0.244
     0.560     0.827    -0.052
     0.442     0.897     0.025
     0.110     0.955     0.274
     0.319     0.791     0.523
     0.545     0.828     0.136
     0.619     0.785    -0.029
     0.312     0.942     0.124
     0.529     0.848     0.024
     0.522     0.786    -0.330
     0.218     0.971    -0.101
     0.027     0.995     0.094
     0.399     0.898    -0.188
     0.561     0.817     0.136
     0.488     0.827    -0.279
     0.557     0.817     0.152
     0.356     0.909    -0.219
     0.294     0.934     0.204
     0.417     0.896     0.155
     0.514     0.857     0.036
    -0.141     0.975     0.170
     0.242     0.949     0.203
     0.303     0.867    -0.396
     0.512     0.858    -0.045
     0.479     0.871    -0.103
     0.281     0.959    -0.026
     0.703     0.687    -0.186
     0.543     0.828     0.142
     0.428     0.898    -0.104
     0.289     0.922    -0.257
     0.479     0.878     0.018
     0.293     0.951     0.094
     0.310     0.947    -0.084
     0.367     0.922     0.126
     0.457     0.875     0.157
     0.648     0.739     0.185
     0.407     0.908     0.103
     0.541     0.749    -0.383
     0.561     0.823    -0.095
     0.281     0.959     0.036
     0.389     0.909     0.146
     0.583     0.811    -0.055
     0.379     0.885    -0.270
     0.236     0.961    -0.148
     0.445     0.895     0.013
     0.587     0.777    -0.227
     0.515     0.836    -0.189
     0.133     0.984    -0.115
     0.361     0.825    -0.434
     0.550     0.833     0.056
     0.570     0.820    -0.046
     0.282     0.932     0.227
     0.256     0.937     0.239
     0.606     0.787    -0.114
     0.246     0.936    -0.253
     0.450     0.818    -0.359
     0.517     0.844     0.144
     0.488     0.868    -0.093
     0.254     0.965    -0.060
     0.619     0.673     0.405
     0.334     0.942    -0.012
     0.229     0.966     0.116
     0.699     0.709     0.091
     0.236     0.967    -0.094
     0.290     0.954    -0.076
     0.321     0.947     0.018
     0.356     0.935    -0.004
     0.264     0.965    -0.003
     0.361     0.919    -0.160
     0.624     0.722    -0.299
     0.086     0.985    -0.149
     0.495     0.868     0.034
     0.476     0.874     0.096
     0.322     0.931     0.169
     0.468     0.878     0.101
     0.777     0.614     0.134
     0.407     0.906     0.117
     0.506     0.759    -0.410
     0.504     0.814     0.288
     0.529     0.783    -0.327
     0.416     0.899    -0.140
     0.648     0.749     0.143
     0.559     0.792    -0.245
     0.459     0.888    -0.043
     0.411     0.909    -0.060
     0.350     0.929    -0.122
     0.550     0.786     0.284
     0.429     0.895    -0.124
     0.154     0.969     0.192
     0.391     0.888    -0.242
     0.380     0.923     0.053
     0.539     0.842    -0.012
     0.475     0.880     0.002
     0.305     0.947    -0.098
     0.613     0.781    -0.120
     0.263     0.878    -0.401
     0.299     0.954     0.010
     0.381     0.914    -0.139
     0.629     0.747     0.214
     0.361     0.930    -0.069
     0.516     0.848     0.121
     0.674     0.731    -0.106
     0.495     0.821    -0.284
     0.349     0.930     0.118
     0.175     0.974    -0.146
     0.184     0.983    -0.014
     0.272     0.954    -0.122
     0.317     0.764     0.562
     0.485     0.874     0.022
     0.249     0.967    -0.045
     0.565     0.821     0.086
     0.172     0.969     0.179
     0.417     0.907    -0.059
     0.266     0.943    -0.201
     0.242     0.970     0.022
     0.092     0.996     0.006
     0.347     0.936     0.056
     0.111     0.943    -0.313
     0.619     0.776    -0.122
     0.495     0.851     0.173
     0.414     0.910    -0.027
     0.444     0.890     0.106
     0.680     0.710    -0.184
     0.406     0.812    -0.419
     0.562     0.822     0.088
     0.234     0.933    -0.274
     0.311     0.919     0.241
     0.198     0.977     0.075
     0.594     0.799    -0.095
     0.350     0.907    -0.235
     0.566     0.754     0.334
     0.422     0.863    -0.278
     0.362     0.931     0.034
     0.030     1.000    -0.005
     0.617     0.754     0.224
     0.327     0.943    -0.061
     0.542     0.835     0.099
     0.533     0.845     0.050
     0.592     0.805    -0.016
     0.368     0.918    -0.148
     0.545     0.823    -0.159
     0.691     0.713    -0.115
     0.491     0.834     0.251
     0.719     0.693     0.045
     0.396     0.883     0.251
     0.380     0.916     0.132
     0.267     0.892    -0.366
     0.348     0.912    -0.217
     0.460     0.856     0.238
     0.474     0.838     0.270
     0.181     0.955    -0.235
     0.539     0.842    -0.028
     0.343     0.933     0.109
     0.204     0.978     0.037
     0.123     0.979    -0.163
     0.559     0.804     0.203
     0.223     0.882     0.415
     0.230     0.961     0.152
     0.419     0.731     0.539
     0.150     0.942     0.300
     0.700     0.653    -0.290
     0.346     0.936    -0.072
     0.338     0.941     0.030
     0.083     0.992     0.099
     0.372     0.923     0.098
     0.386     0.917    -0.098
     0.452     0.872     0.187
     0.318     0.946     0.066
     0.362     0.932     0.019
     0.283     0.952    -0.116
     0.480     0.854    -0.199
     0.411     0.901     0.139
     0.195     0.974    -0.116
     0.348     0.935     0.074
     0.440     0.886    -0.145
     0.521     0.853     0.027
     0.482     0.872     0.082
     0.502     0.864     0.023
     0.411     0.909    -0.063
     0.799     0.591    -0.109
     0.558     0.816    -0.148
     0.412     0.905    -0.110
     0.561     0.812     0.159
     0.216     0.959     0.182
     0.425     0.903    -0.059
     0.288     0.941     0.175
     0.325     0.946     0.004
     0.336     0.942     0.008
     0.608     0.793    -0.038
     0.299     0.946    -0.122
     0.340     0.932     0.125
     0.436     0.894     0.105
     0.720     0.663     0.203
     0.423     0.861    -0.283
     0.259     0.965     0.040
     0.338     0.935    -0.106
     0.545     0.783     0.299
     0.508     0.780     0.366
     0.250     0.929     0.272
     0.354     0.934    -0.034
     0.297     0.926     0.231
     0.225     0.974     0.009
     0.378     0.912     0.158
     0.286     0.944    -0.161
     0.161     0.975    -0.155
     0.413     0.858    -0.305
     0.340     0.925    -0.172
     0.527     0.837     0.146
     0.525     0.850    -0.047
     0.302     0.942     0.146
     0.122     0.956     0.266
     0.204     0.979    -0.005
     0.430     0.901     0.051
     0.308     0.950    -0.048
     0.425     0.905     0.005
     0.214     0.961     0.177
     0.567     0.779    -0.269
     0.534     0.840    -0.096
     0.222     0.962    -0.162
     0.444     0.895     0.045
     0.170     0.976    -0.132
     0.518     0.846    -0.123
     0.169     0.968    -0.186
     0.447     0.871    -0.202
     0.377     0.925    -0.043
     0.327     0.913    -0.243
     0.562     0.818    -0.124
     0.278     0.926     0.254
     0.276     0.942    -0.190
     0.321     0.933     0.159
     0.440     0.892    -0.100
     0.409     0.904    -0.122
     0.351     0.932     0.089
     0.312     0.950    -0.020
     0.576     0.816    -0.046
     0.490     0.870    -0.053
     0.391     0.919     0.052
     0.279     0.959    -0.055
     0.238     0.970    -0.046
     0.459     0.821     0.340
     0.398     0.875     0.277
     0.568     0.823    -0.030
     0.560     0.809    -0.181
     0.672     0.739    -0.047
     0.444     0.896    -0.013
     0.664     0.740    -0.102
     0.422     0.897    -0.130
     0.469     0.877     0.101
     0.569     0.806     0.163
     0.456     0.884    -0.099
     0.568     0.811     0.141
     0.325     0.940     0.105
     0.304     0.873     0.381
     0.556     0.827     0.085
     0.546     0.837     0.032
     0.421     0.854    -0.306
     0.654     0.750    -0.097
     0.460     0.879     0.121
     0.435     0.888    -0.151
     0.587     0.795     0.152
     0.437     0.890     0.126
     0.439     0.871     0.223
     0.213     0.977     0.007
     0.568     0.770    -0.290
     0.434     0.898    -0.078
     0.313     0.948     0.051
     0.483     0.861     0.163
     0.529     0.847     0.063
    -0.019     0.996     0.087
     0.623     0.780     0.047
     0.589     0.615     0.524
     0.268     0.963    -0.019
     0.344     0.906     0.244
     0.364     0.925    -0.107
     0.222     0.966    -0.129
     0.275     0.961    -0.037
     0.282     0.957    -0.071
     0.278     0.960    -0.022
     0.555     0.817    -0.156
     0.077     0.987     0.144
     0.439     0.892    -0.107
     0.314     0.938     0.145
     0.244     0.963     0.112
     0.542     0.766     0.345
     0.355     0.919     0.170
     0.570     0.797     0.199
     0.352     0.817    -0.456
     0.359     0.929     0.091
     0.564     0.816     0.128
     0.518     0.838    -0.171
     0.306     0.951    -0.039
     0.395     0.837     0.379
     0.591     0.795    -0.135
     0.531     0.847    -0.026
     0.511     0.855    -0.088
     0.425     0.821     0.381
     0.513     0.858     0.018
     0.352     0.935     0.038
     0.335     0.853    -0.400
     0.474     0.880     0.030
     0.203     0.978    -0.051
     0.394     0.877     0.273
     0.139     0.979    -0.149
     0.470     0.882     0.034
     0.342     0.935     0.091
     0.527     0.840     0.129
     0.556     0.828     0.079
     0.491     0.807    -0.328
     0.536     0.833    -0.136
     0.274     0.962    -0.012
     0.521     0.851    -0.063
     0.426     0.895     0.136
     0.562     0.823     0.083
     0.471     0.879     0.072
     0.541     0.841    -0.017
     0.179     0.975    -0.129
     0.432     0.902     0.025
     0.264     0.963    -0.050
     0.460     0.882     0.104
     0.467     0.882     0.065
     0.399     0.916     0.039
     0.493     0.827     0.272
     0.199     0.937     0.289
     0.564     0.819     0.107
     0.130     0.991    -0.021
     0.409     0.909    -0.080
     0.684     0.690     0.237
     0.524     0.837     0.154
     0.234     0.951     0.200
     0.328     0.899    -0.288
     0.506     0.802     0.317
     0.167     0.965    -0.202
     0.594     0.774    -0.220
     0.381     0.887    -0.261
     0.199     0.979    -0.047
     0.343     0.926     0.160
     0.488     0.864    -0.127
     0.859     0.435    -0.269
     0.406     0.871     0.278
     0.489     0.850     0.195
     0.320     0.942     0.105
     0.563     0.824    -0.063
     0.132     0.921    -0.366
     0.245     0.955     0.169
     0.570     0.814     0.110
     0.561     0.812     0.158
     0.573     0.787     0.230
     0.358     0.926     0.121
     0.275     0.947    -0.163
     0.464     0.860    -0.214
     0.273     0.934    -0.231
     0.400     0.884    -0.244
     0.388     0.921     0.028
     0.303     0.952     0.029
     0.333     0.943     0.028
     0.475     0.878     0.065
     0.346     0.927     0.147
     0.601     0.798     0.046
     0.533     0.835    -0.136
     0.349     0.857    -0.380
     0.406     0.891     0.202
     0.553     0.833    -0.019
     0.228     0.917     0.326
     0.572     0.783     0.246
     0.547     0.828     0.123
     0.539     0.834    -0.117
     0.448     0.884    -0.131
     0.496     0.868     0.026
     0.604     0.786     0.133
    -0.347     0.933    -0.099
     0.440     0.897    -0.028
     0.477     0.877     0.060
     0.159     0.981     0.111
     0.597     0.793    -0.119
     0.314     0.894     0.320
     0.501     0.865     0.020
     0.406     0.913     0.050
     0.297     0.938    -0.178
     0.472     0.881     0.026
     0.361     0.921     0.148
     0.158     0.987     0.016
     0.274     0.932    -0.238
     0.141     0.976    -0.165
     0.429     0.895     0.123
     0.503     0.864    -0.026
     0.520     0.853    -0.035
     0.512     0.851     0.117
     0.458     0.863    -0.215
     0.460     0.888    -0.020
     0.322     0.943    -0.084
     0.577     0.790     0.204
     0.313     0.950    -0.003
     0.107     0.971     0.212
     0.339     0.905    -0.257
     0.301     0.854    -0.424
     0.279     0.944     0.174
     0.640     0.765    -0.074
     0.383     0.897     0.221
     0.358     0.934     0.009
     0.785     0.611    -0.103
     0.744     0.663    -0.089
     0.567     0.823     0.045
     0.361     0.904    -0.231
     0.288     0.952     0.104
     0.376     0.921     0.105
     0.272     0.949    -0.162
     0.063     0.975     0.212
     0.173     0.981    -0.084
     0.532     0.844     0.069
     0.665     0.746     0.036
     0.537     0.843     0.032
     0.397     0.846    -0.355
     0.514     0.841     0.168
     0.359     0.908     0.215
     0.409     0.907     0.098
     0.506     0.821    -0.263
     0.612     0.778    -0.141
     0.550     0.834     0.051
     0.323     0.945     0.039
     0.732     0.669     0.130
     0.440     0.888     0.130
     0.496     0.867    -0.058
     0.337     0.940    -0.043
     0.541     0.731     0.415
     0.311     0.950     0.013
     0.472     0.841     0.264
     0.395     0.918     0.033
     0.395     0.896     0.201
     0.300     0.844    -0.444
     0.433     0.901    -0.038
     0.219     0.975    -0.038
     0.495     0.868    -0.042
     0.318     0.848     0.424
     0.494     0.852    -0.173
     0.462     0.880     0.109
     0.452     0.876     0.171
     0.240     0.915     0.323
     0.371     0.897    -0.241
     0.321     0.933     0.164
     0.335     0.926     0.173
     0.493     0.862    -0.118
     0.431     0.902     0.017
     0.442     0.857     0.266
     0.146     0.965     0.216
     0.272     0.953    -0.130
     0.254     0.936    -0.245
     0.254     0.945    -0.206
     0.364     0.929     0.068
     0.327     0.929     0.172
     0.212     0.959     0.187
     0.544     0.700    -0.463
     0.354     0.934    -0.042
     0.177     0.980     0.093
     0.475     0.820    -0.320
     0.534     0.845     0.001
     0.281     0.935     0.214
     0.295     0.948     0.123
     0.449     0.808    -0.381
     0.335     0.942     0.003
     0.342     0.902     0.264
     0.519     0.828     0.212
     0.576     0.817     0.033
     0.367     0.918     0.152
     0.055     0.997     0.054
     0.378     0.922     0.085
     0.493     0.860    -0.134
     0.482     0.844     0.235
     0.763     0.644     0.044
     0.322     0.946    -0.021
     0.485     0.865     0.130
     0.386     0.921    -0.042
     0.637     0.656     0.405
     0.280     0.943    -0.181
     0.269     0.955     0.126
     0.534     0.820    -0.207
     0.505     0.863     0.020
     0.266     0.951     0.160
     0.209     0.974    -0.088
     0.451     0.887     0.097
     0.600     0.799     0.036
     0.094     0.913    -0.396
     0.303     0.943     0.139
     0.534     0.842     0.079
     0.444     0.823     0.355
     0.482     0.876    -0.033
     0.653     0.731    -0.196
     0.346     0.937    -0.051
     0.227     0.965     0.131
     0.351     0.889    -0.295
     0.475     0.871     0.130
     0.422     0.903     0.074
     0.264     0.935     0.235
     0.475     0.880    -0.004
     0.567     0.823    -0.006
     0.314     0.918    -0.244
     0.247     0.959     0.141
     0.182     0.948    -0.260
     0.518     0.854    -0.051
     0.483     0.871    -0.089
     0.599     0.789     0.134
     0.381     0.912     0.154
     0.500     0.847     0.179
     0.443     0.881    -0.167
     0.454     0.890    -0.038
     0.433     0.901     0.025
     0.516     0.836    -0.184
     0.685     0.728    -0.014
     0.249     0.944    -0.217
     0.496     0.851    -0.172
     0.475     0.878    -0.063
     0.373     0.928     0.028
     0.194     0.956    -0.219
     0.426     0.877    -0.220
     0.348     0.937    -0.002
     0.318     0.948     0.023
     0.433     0.898     0.079
     0.341     0.933     0.118
     0.157     0.956     0.248
     0.284     0.934    -0.216
     0.168     0.968     0.187
     0.522     0.851     0.067
     0.540     0.806    -0.241
     0.490     0.846     0.210
     0.474     0.695    -0.541
     0.549     0.825    -0.136
     0.377     0.920     0.111
     0.304     0.904    -0.301
     0.544     0.832     0.107
     0.394     0.786     0.476
     0.459     0.887    -0.061
     0.512     0.859    -0.032
     0.464     0.858     0.220
     0.535     0.800     0.272
     0.439     0.896     0.064
     0.280     0.956    -0.085
     0.370     0.928     0.054
     0.314     0.949    -0.036
     0.141     0.989     0.036
     0.291     0.956     0.046
     0.109     0.994     0.006
     0.293     0.901    -0.319
     0.303     0.947     0.104
     0.034     0.996     0.082
     0.065     0.936    -0.345
     0.460     0.882    -0.103
     0.620     0.612     0.492
     0.357     0.923     0.141
     0.528     0.792    -0.309
     0.184     0.890    -0.417
     0.579     0.812     0.071
     0.289     0.913     0.289
     0.243     0.902    -0.356
     0.300     0.945     0.133
     0.250     0.944     0.217
     0.453     0.879     0.148
     0.523     0.847    -0.098
     0.273     0.955     0.115
     0.656     0.748     0.099
     0.248     0.969    -0.001
     0.365     0.925     0.108
     0.661     0.736    -0.144
     0.653     0.678    -0.339
     0.158     0.978    -0.135
     0.302     0.953     0.036
     0.136     0.984     0.118
     0.404     0.914     0.025
     0.344     0.932    -0.114
     0.281     0.947     0.157
     0.553     0.822    -0.138
     0.310     0.949    -0.065
     0.316     0.923     0.222
     0.285     0.814    -0.507
     0.295     0.955    -0.009
     0.353     0.926     0.137
     0.448     0.868     0.213
     0.474     0.878     0.060
     0.530     0.823    -0.205
     0.533     0.834     0.144
     0.053     0.978     0.200
     0.347     0.938     0.031
     0.480     0.865    -0.142
     0.336     0.936     0.104
     0.397     0.918     0.008
     0.381     0.916     0.125
     0.522     0.798     0.300
     0.486     0.861     0.151
     0.703     0.627     0.335
     0.553     0.831    -0.063
     0.332     0.942     0.050
     0.171     0.969     0.180
     0.348     0.935    -0.065
     0.396     0.918     0.002
     0.421     0.771     0.478
     0.356     0.931    -0.077
     0.496     0.868    -0.020
     0.394     0.887     0.242
     0.275     0.960    -0.052
     0.480     0.877     0.029
     0.575     0.814     0.088
     0.657     0.737     0.158
     0.649     0.757    -0.071
     0.127     0.991     0.044
     0.549     0.820    -0.161
     0.032     0.992     0.120
     0.134     0.979     0.154
     0.328     0.934    -0.142
     0.562     0.815     0.139
     0.351     0.897     0.269
     0.107     0.985    -0.136
     0.374     0.909    -0.185
     0.414     0.909    -0.042
     0.564     0.820     0.099
     0.237     0.925     0.296
     0.597     0.793     0.123
     0.458     0.809     0.368
     0.213     0.962     0.172
     0.545     0.811     0.211
     0.558     0.830    -0.003
     0.592     0.805     0.047
     0.729     0.665     0.163
     0.747     0.652     0.129
     0.402     0.906     0.133
     0.271     0.938    -0.218
     0.413     0.910     0.047
     0.453     0.845     0.283
     0.220     0.975    -0.011
     0.322     0.929    -0.185
     0.472     0.881     0.034
     0.207     0.977     0.046
     0.523     0.824     0.218
     0.504     0.863     0.038
     0.368     0.929    -0.030
     0.526     0.817     0.235
     0.479     0.878    -0.016
     0.461     0.848    -0.261
     0.240     0.961     0.135
     0.253     0.967    -0.001
     0.401     0.911    -0.099
     0.612     0.783    -0.109
     0.511     0.844     0.164
     0.291     0.930    -0.226
     0.475     0.877    -0.071
     0.702     0.712    -0.002
     0.529     0.838     0.136
     0.580     0.717    -0.385
     0.612     0.769    -0.185
     0.257     0.963    -0.076
     0.597     0.600    -0.533
     0.473     0.875    -0.105
     0.343     0.930    -0.131
     0.324     0.945    -0.037
     0.423     0.875     0.235
     0.188     0.981     0.042
     0.584     0.812    -0.013
     0.253     0.900    -0.354
     0.329     0.912     0.246
     0.067     0.994    -0.090
     0.153     0.987     0.042
     0.438     0.898    -0.035
     0.409     0.909    -0.078
     0.328     0.941    -0.083
     0.356     0.930     0.090
     0.596     0.787    -0.160
     0.295     0.925    -0.240
     0.377     0.917    -0.128
     0.595     0.759     0.266
     0.502     0.816     0.287
     0.640     0.737     0.215
     0.488     0.871     0.057
     0.478     0.851    -0.218
     0.534     0.845    -0.021
     0.573     0.807    -0.146
     0.436     0.900     0.009
     0.491     0.804    -0.336
     0.371     0.912    -0.173
     0.375     0.925     0.055
     0.687     0.722    -0.082
     0.377     0.919     0.114
     0.281     0.954    -0.102
     0.286     0.944     0.164
     0.642     0.747     0.175
     0.061     0.905     0.420
     0.168     0.969    -0.183
     0.195     0.899    -0.391
     0.376     0.919     0.115
     0.444     0.732     0.516
     0.230     0.940     0.252
     0.176     0.983    -0.047
     0.409     0.837     0.363
     0.690     0.722     0.045
     0.291     0.944    -0.154
     0.689     0.716     0.115
     0.431     0.899    -0.078
     0.449     0.827     0.338
     0.692     0.700     0.173
     0.345     0.939     0.012
     0.482     0.842    -0.241
     0.464     0.873     0.149
     0.723     0.684     0.091
     0.497     0.858    -0.132
     0.632     0.749     0.199
     0.274     0.942     0.193
     0.726     0.667    -0.167
     0.258     0.963    -0.074
     0.631     0.774    -0.051
     0.459     0.887    -0.052
     0.386     0.919    -0.082
     0.571     0.821    -0.033
     0.430     0.903     0.006
     0.270     0.935    -0.232
     0.177     0.984    -0.007
     0.629     0.777     0.012
     0.343     0.883    -0.321
     0.147     0.989     0.036
     0.442     0.888    -0.131
     0.555     0.784    -0.277
     0.493     0.857     0.153
     0.601     0.785     0.154
     0.492     0.844    -0.212
     0.504     0.863     0.011
     0.539     0.842     0.010
     0.495     0.856     0.149
     0.300     0.953    -0.047
     0.620     0.784    -0.037
     0.473     0.881     0.031
     0.323     0.945     0.043
     0.349     0.937    -0.012
     0.114     0.946    -0.304
     0.192     0.958     0.215
     0.434     0.868    -0.239
     0.473     0.844     0.255
     0.442     0.893    -0.080
     0.090     0.987    -0.130
     0.459     0.871     0.177
     0.220     0.919     0.326
     0.618     0.776    -0.125
     0.556     0.783    -0.277
     0.466     0.857    -0.219
     0.713     0.692    -0.117
     0.403     0.904    -0.141
     0.495     0.848     0.188
     0.283     0.927     0.245
     0.328     0.940     0.091
     0.365     0.911    -0.191
     0.455     0.882    -0.121
     0.087     0.860    -0.503
     0.531     0.833    -0.156
     0.705     0.609     0.362
     0.582     0.740     0.338
     0.114     0.986    -0.125
     0.303     0.812     0.498
    -0.079     0.973    -0.219
     0.305     0.925     0.228
     0.336     0.871     0.359
     0.611     0.771    -0.178
     0.594     0.803     0.035
     0.599     0.798    -0.065
     0.073     0.996    -0.042
     0.672     0.733     0.109
     0.509     0.821    -0.259
     0.246     0.969     0.018
    -0.004     0.910    -0.414
     0.356     0.869    -0.343
     0.283     0.959    -0.025
     0.464     0.871    -0.162
     0.552     0.816     0.173
     0.286     0.936     0.205
     0.506     0.862    -0.040
     0.445     0.891    -0.091
     0.265     0.934    -0.242
     0.519     0.855    -0.010
     0.301     0.954    -0.020
     0.442     0.878    -0.183
     0.604     0.797     0.018
     0.547     0.836     0.046
     0.260     0.965     0.045
     0.442     0.896     0.024
     0.249     0.953    -0.173
     0.284     0.955    -0.083
     0.162     0.984     0.073
     0.726     0.687     0.032
     0.414     0.907     0.077
     0.693     0.718     0.060
     0.394     0.880    -0.265
     0.499     0.857     0.129
     0.245     0.896     0.371
     0.540     0.820    -0.190
     0.456     0.877    -0.150
     0.348     0.934    -0.076
     0.415     0.896     0.160
     0.319     0.945     0.069
     0.511     0.859    -0.024
    -0.084     0.990    -0.113
     0.477     0.878     0.027
     0.166     0.986    -0.013
     0.404     0.914     0.021
     0.426     0.904    -0.030
     0.384     0.923    -0.022
     0.255     0.965     0.060
     0.065     0.993     0.098
     0.340     0.940    -0.015
     0.280     0.959     0.041
     0.164     0.940     0.300
     0.467     0.836    -0.288
     0.496     0.850    -0.179
     0.214     0.973     0.092
     0.127     0.991     0.044
     0.040     0.996     0.075
     0.390     0.896    -0.212
     0.432     0.901    -0.018
     0.429     0.855    -0.292
     0.150     0.988    -0.039
     0.331     0.943     0.030
     0.433     0.864     0.257
     0.384     0.905     0.182
     0.418     0.901     0.116
     0.449     0.881     0.148
     0.507     0.861    -0.030
     0.392     0.919    -0.054
     0.364     0.922     0.132
     0.364     0.931    -0.007
     0.286     0.958    -0.016
     0.544     0.827    -0.140
     0.429     0.880    -0.203
     0.401     0.911     0.096
     0.337     0.938    -0.076
     0.235     0.964    -0.126
     0.208     0.964     0.165
     0.594     0.801     0.072
     0.379     0.922    -0.081
     0.671     0.735     0.099
     0.521     0.843    -0.132
     0.216     0.950     0.227
     0.264     0.964    -0.044
     0.299     0.932     0.207
     0.313     0.940     0.137
     0.323     0.935     0.148
     0.286     0.951    -0.115
     0.198     0.962    -0.186
     0.098     0.973    -0.210
     0.463     0.872    -0.158
     0.250     0.939    -0.238
     0.619     0.732     0.286
     0.448     0.866     0.223
     0.179     0.975     0.134
     0.405     0.895     0.186
    -0.002     0.977    -0.215
     0.175     0.982     0.063
     0.343     0.922    -0.180
     0.406     0.889    -0.210
     0.244     0.960    -0.134
     0.247     0.952    -0.178
     0.378     0.906    -0.190
     0.623     0.768    -0.150
     0.136     0.967     0.213
     0.431     0.902    -0.002
     0.138     0.990     0.028
     0.347     0.935     0.073
     0.332     0.942     0.040
     0.343     0.939    -0.017
     0.418     0.892     0.169
     0.527     0.847     0.065
     0.328     0.936    -0.129
     0.368     0.930     0.002
     0.307     0.888     0.343
     0.574     0.787     0.224
     0.525     0.843     0.122
     0.296     0.953    -0.073
     0.419     0.894    -0.161
     0.422     0.907    -0.003
     0.416     0.872    -0.259
     0.525     0.841     0.129
     0.317     0.904     0.288
     0.001     0.941    -0.339
     0.452     0.884    -0.115
     0.281     0.931     0.235
     0.337     0.917    -0.213
     0.117     0.964    -0.240
     0.236     0.920    -0.312
     0.174     0.984     0.048
     0.529     0.836     0.144
     0.347     0.936    -0.050
     0.587     0.785     0.201
     0.521     0.821    -0.235
     0.247     0.967     0.055
     0.443     0.886    -0.135
     0.152     0.982     0.110
     0.436     0.881     0.185
     0.472     0.874     0.110
     0.441     0.883     0.159
     0.393     0.898    -0.199
     0.413     0.910    -0.045
     0.208     0.900    -0.384
     0.070     0.989    -0.131
     0.389     0.851     0.352
     0.581     0.809     0.095
     0.137     0.961     0.242
     0.340     0.936     0.089
     0.401     0.916    -0.005
     0.556     0.804     0.212
     0.359     0.905    -0.228
     0.568     0.821     0.057
     0.201     0.968    -0.152
     0.215     0.949    -0.231
     0.476     0.873    -0.110
     0.253     0.967     0.030
     0.454     0.889     0.061
     0.452     0.846    -0.283
     0.303     0.946     0.114
     0.660     0.734    -0.159
     0.465     0.883     0.068
     0.390     0.898    -0.205
     0.387     0.922     0.016
     0.414     0.878    -0.239
     0.593     0.802     0.071
     0.516     0.847    -0.128
     0.292     0.954    -0.069
     0.329     0.930    -0.166
     0.617     0.779    -0.112
     0.274     0.913    -0.303
     0.519     0.852    -0.067
     0.572     0.800     0.179
     0.512     0.837     0.192
     0.279     0.953    -0.120
     0.449     0.893     0.003
     0.446     0.895    -0.027
     0.351     0.902     0.249
     0.336     0.939     0.068
     0.296     0.955     0.005
     0.158     0.987     0.016
     0.423     0.905    -0.049
     0.677     0.721     0.146
     0.709     0.701     0.075
     0.352     0.928     0.125
     0.474     0.862    -0.179
     0.204     0.979     0.019
     0.511     0.858    -0.059
     0.332     0.943    -0.017
     0.386     0.891     0.238
     0.242     0.949     0.204
     0.131     0.986     0.102
     0.571     0.788     0.229
     0.340     0.935    -0.104
     0.424     0.905     0.037
     0.184     0.975     0.123
     0.312     0.949     0.037
     0.441     0.853    -0.278
     0.389     0.921     0.028
     0.545     0.839     0.014
     0.304     0.953    -0.014
     0.268     0.961     0.064
     0.322     0.925     0.200
     0.167     0.950     0.265
     0.459     0.874     0.158
     0.411     0.907    -0.090
     0.372     0.927    -0.040
     0.158     0.982    -0.104
     0.350     0.928    -0.125
     0.643     0.763     0.073
     0.513     0.850     0.120
     0.307     0.840     0.448
     0.349     0.937     0.030
     0.506     0.841    -0.191
     0.300     0.949    -0.096
     0.427     0.889     0.167
     0.186     0.976     0.115
     0.485     0.873    -0.060
     0.422     0.897    -0.129
     0.237     0.937     0.256
     0.284     0.947    -0.151
     0.378     0.893     0.244
     0.652     0.751     0.106
     0.439     0.886    -0.151
     0.438     0.890    -0.124
     0.323     0.936     0.138
     0.565     0.823     0.051
     0.413     0.906     0.091
    -0.025     0.969     0.245
     0.608     0.793     0.038
     0.307     0.932    -0.193
     0.625     0.767    -0.142
     0.279     0.939    -0.203
     0.284     0.955    -0.084
     0.560     0.750    -0.353
     0.506     0.848     0.156
     0.458     0.764    -0.456
     0.023     1.000     0.013
     0.552     0.834    -0.012
     0.256     0.926     0.279
     0.491     0.864    -0.106
     0.312     0.949     0.039
     0.565     0.824     0.039
     0.475     0.876     0.089
    -0.020     1.000    -0.023
     0.426     0.866     0.262
     0.528     0.817     0.229
     0.623     0.780     0.062
     0.371     0.916    -0.150
     0.493     0.870     0.004
     0.387     0.920     0.055
     0.426     0.869    -0.253
     0.317     0.920     0.229
     0.291     0.915    -0.281
     0.295     0.907     0.302
     0.486     0.853    -0.191
     0.171     0.980     0.105
     0.511     0.816    -0.270
     0.239     0.867    -0.437
     0.310     0.936    -0.169
     0.563     0.800    -0.207
     0.501     0.853     0.146
     0.451     0.868    -0.207
     0.187     0.972    -0.145
     0.391     0.920    -0.005
     0.431     0.899    -0.072
     0.243     0.970     0.011
     0.399     0.915    -0.067
     0.287     0.955    -0.080
     0.577     0.748    -0.328
     0.461     0.871     0.170
     0.442     0.892    -0.098
     0.372     0.924    -0.083
     0.456     0.887    -0.076
     0.199     0.928     0.316
     0.392     0.919     0.027
     0.530     0.814     0.237
     0.852     0.518    -0.071
     0.239     0.967     0.087
     0.424     0.903     0.070
     0.563     0.820    -0.103
     0.256     0.956    -0.143
     0.196     0.922     0.334
     0.688     0.721    -0.085
     0.230     0.973    -0.021
     0.278     0.959    -0.062
     0.427     0.896     0.124
     0.663     0.723     0.195
     0.414     0.892    -0.179
     0.569     0.820     0.052
     0.467     0.853     0.232
     0.697     0.705     0.134
     0.176     0.949    -0.262
     0.588     0.805     0.080
     0.265     0.947     0.183
     0.488     0.827    -0.279
     0.665     0.745     0.048
     0.038     0.985     0.171
     0.067     0.996    -0.055
     0.710     0.699     0.086
     0.590     0.804    -0.075
     0.329     0.944    -0.001
     0.374     0.891    -0.259
     0.437     0.897    -0.071
     0.213     0.768     0.604
     0.311     0.940     0.140
     0.799     0.601     0.002
     0.074     0.978    -0.193
     0.437     0.894     0.095
     0.319     0.947     0.032
     0.377     0.925    -0.045
     0.144     0.980    -0.134
     0.310     0.950     0.045
     0.444     0.873    -0.204
     0.510     0.845     0.163
     0.414     0.897    -0.155
     0.490     0.844     0.218
     0.667     0.745     0.009
     0.275     0.954    -0.121
     0.477     0.868     0.138
     0.253     0.964     0.081
     0.427     0.904     0.024
     0.198     0.915    -0.353
     0.450     0.886    -0.111
     0.527     0.843     0.106
     0.528     0.806     0.266
     0.381     0.914     0.139
     0.453     0.883     0.125
     0.290     0.957     0.005
     0.231     0.969     0.085
     0.318     0.948    -0.025
     0.142     0.989     0.028
     0.429     0.894     0.128
    -0.014     0.942     0.335
     0.540     0.839     0.061
     0.354     0.935     0.010
     0.541     0.700    -0.465
     0.367     0.927    -0.071
     0.777     0.592     0.216
     0.713     0.635     0.295
     0.151     0.989     0.005
     0.267     0.925    -0.270
     0.412     0.900    -0.142
     0.405     0.898     0.173
     0.153     0.977    -0.148
     0.346     0.934    -0.090
     0.235     0.956    -0.177
     0.209     0.966    -0.149
     0.296     0.948     0.119
     0.229     0.969     0.096
     0.270     0.877     0.398
     0.322     0.933    -0.158
     0.376     0.893     0.247
     0.206     0.938     0.279
     0.106     0.985    -0.134
     0.362     0.825     0.433
     0.190     0.981     0.049
     0.257     0.961    -0.103
     0.138     0.988    -0.072
     0.417     0.894     0.166
     0.363     0.897     0.251
     0.564     0.826     0.007
     0.426     0.887    -0.176
     0.329     0.944     0.007
     0.259     0.942     0.215
     0.316     0.934     0.165
     0.326     0.945    -0.042
     0.205     0.979     0.001
     0.528     0.844     0.091
     0.536     0.841    -0.077
     0.498     0.867     0.035
     0.153     0.987     0.047
     0.427     0.904    -0.024
     0.186     0.983     0.010
     0.195     0.930    -0.313
     0.390     0.911     0.132
     0.285     0.948     0.145
     0.144     0.979    -0.145
     0.235     0.955    -0.183
     0.603     0.795     0.059
     0.389     0.899    -0.200
     0.161     0.950     0.269
     0.595     0.768     0.235
     0.532     0.842    -0.095
     0.139     0.989     0.060
     0.300     0.948    -0.109
     0.407     0.913    -0.030
     0.444     0.865    -0.233
     0.472     0.881    -0.038
     0.375     0.875    -0.306
     0.411     0.909    -0.068
