    -0.060     0.507     0.860
     0.014     0.517     0.856
     0.015     0.523     0.852
    -0.066     0.619     0.783
     0.028     0.543     0.839
    -0.016     0.420     0.907
     0.010     0.573     0.820
     0.022     0.529     0.849
    -0.059     0.440     0.896
    -0.012     0.588     0.809
     0.023     0.512     0.859
     0.039     0.662     0.749
     0.160     0.526     0.835
    -0.089     0.515     0.853
    -0.029     0.582     0.813
    -0.021     0.587     0.809
    -0.006     0.491     0.871
    -0.049     0.535     0.844
     0.157     0.596     0.788
     0.035     0.611     0.791
    -0.013     0.493     0.870
    -0.039     0.496     0.867
    -0.071     0.540     0.839
     0.005     0.546     0.838
     0.055     0.548     0.835
    -0.032     0.507     0.862
     0.064     0.489     0.870
    -0.071     0.519     0.852
     0.054     0.489     0.870
    -0.011     0.597     0.802
    -0.034     0.528     0.849
    -0.108     0.582     0.806
     0.042     0.554     0.832
     0.061     0.586     0.808
     0.033     0.599     0.800
    -0.010     0.584     0.812
    -0.074     0.568     0.820
     0.071     0.578     0.813
    -0.013     0.494     0.870
    -0.081     0.575     0.814
     0.087     0.608     0.789
    -0.000     0.502     0.865
     0.019     0.611     0.791
     0.041     0.564     0.825
    -0.012     0.500     0.866
    -0.027     0.547     0.837
     0.007     0.584     0.811
     0.061     0.513     0.856
     0.009     0.589     0.808
    -0.058     0.525     0.849
    -0.019     0.548     0.837
    -0.072     0.527     0.847
     0.061     0.587     0.808
     0.012     0.649     0.761
    -0.025     0.479     0.878
     0.010     0.458     0.889
     0.093     0.570     0.816
     0.010     0.554     0.833
     0.046     0.565     0.824
    -0.049     0.528     0.848
    -0.022     0.472     0.881
    -0.022     0.596     0.803
    -0.036     0.604     0.796
    -0.042     0.564     0.825
    -0.127     0.573     0.810
     0.007     0.608     0.794
     0.040     0.602     0.798
     0.002     0.627     0.779
    -0.012     0.519     0.855
     0.003     0.555     0.832
    -0.022     0.562     0.827
    -0.053     0.568     0.821
     0.011     0.544     0.839
     0.016     0.552     0.834
     0.044     0.491     0.870
     0.122     0.488     0.864
     0.146     0.494     0.857
     0.001     0.514     0.858
    -0.006     0.518     0.856
     0.046     0.578     0.815
    -0.047     0.560     0.827
    -0.026     0.564     0.825
    -0.092     0.605     0.791
     0.063     0.627     0.777
    -0.051     0.572     0.818
     0.005     0.550     0.835
     0.051     0.492     0.869
    -0.037     0.525     0.850
     0.098     0.500     0.861
     0.067     0.454     0.888
    -0.084     0.589     0.803
    -0.094     0.536     0.839
     0.008     0.580     0.815
     0.038     0.528     0.849
    -0.015     0.490     0.872
    -0.045     0.594     0.803
    -0.039     0.529     0.848
     0.088     0.584     0.807
     0.002     0.492     0.871
    -0.019     0.586     0.810
     0.057     0.547     0.835
    -0.016     0.602     0.798
    -0.084     0.554     0.828
     0.010     0.484     0.875
     0.006     0.530     0.848
    -0.098     0.615     0.783
    -0.040     0.529     0.848
     0.025     0.488     0.873
    -0.078     0.578     0.812
     0.115     0.563     0.819
     0.053     0.528     0.848
    -0.019     0.541     0.841
    -0.182     0.587     0.788
     0.004     0.453     0.892
     0.037     0.585     0.811
    -0.037     0.514     0.857
    -0.042     0.580     0.814
     0.027     0.613     0.790
     0.073     0.588     0.806
    -0.065     0.532     0.844
     0.036     0.483     0.875
    -0.011     0.613     0.790
     0.025     0.568     0.822
    -0.057     0.560     0.826
     0.145     0.547     0.825
     0.234     0.491     0.839
     0.052     0.604     0.795
    -0.066     0.439     0.896
    -0.116     0.580     0.806
     0.028     0.559     0.828
     0.010     0.440     0.898
     0.113     0.533     0.838
     0.043     0.519     0.854
    -0.013     0.593     0.805
    -0.054     0.589     0.806
     0.084     0.579     0.811
     0.052     0.566     0.823
     0.026     0.530     0.848
    -0.019     0.513     0.858
     0.041     0.550     0.834
     0.102     0.594     0.798
     0.047     0.499     0.866
     0.006     0.513     0.859
     0.152     0.619     0.770
     0.025     0.590     0.807
     0.058     0.566     0.822
     0.071     0.583     0.809
    -0.035     0.597     0.801
    -0.067     0.569     0.820
     0.058     0.634     0.771
     0.014     0.479     0.878
    -0.012     0.588     0.809
     0.055     0.487     0.871
     0.005     0.597     0.802
     0.001     0.406     0.914
    -0.039     0.565     0.824
    -0.080     0.574     0.815
    -0.010     0.584     0.812
     0.052     0.567     0.822
    -0.010     0.533     0.846
     0.018     0.515     0.857
    -0.092     0.585     0.806
     0.088     0.543     0.835
     0.084     0.592     0.801
    -0.002     0.536     0.844
    -0.037     0.543     0.839
     0.006     0.539     0.842
    -0.079     0.534     0.842
    -0.008     0.654     0.756
    -0.060     0.607     0.793
    -0.009     0.608     0.794
     0.081     0.591     0.802
    -0.062     0.614     0.787
     0.016     0.573     0.819
     0.028     0.559     0.829
     0.081     0.514     0.854
     0.032     0.482     0.876
     0.039     0.549     0.835
    -0.069     0.600     0.797
    -0.057     0.560     0.827
    -0.046     0.524     0.851
     0.030     0.498     0.867
     0.030     0.571     0.820
     0.015     0.580     0.815
    -0.017     0.568     0.823
    -0.073     0.456     0.887
    -0.061     0.474     0.879
    -0.051     0.481     0.875
    -0.050     0.585     0.809
    -0.028     0.483     0.875
     0.022     0.546     0.837
    -0.114     0.513     0.851
     0.029     0.632     0.774
     0.026     0.422     0.906
     0.090     0.470     0.878
     0.048     0.540     0.840
    -0.011     0.551     0.834
     0.096     0.582     0.808
    -0.068     0.626     0.776
    -0.003     0.588     0.809
     0.087     0.598     0.797
    -0.033     0.495     0.868
     0.094     0.513     0.853
     0.042     0.555     0.831
    -0.027     0.568     0.823
     0.109     0.567     0.817
    -0.026     0.541     0.841
    -0.064     0.641     0.765
    -0.065     0.605     0.794
    -0.034     0.515     0.857
    -0.030     0.527     0.849
     0.134     0.520     0.844
    -0.043     0.525     0.850
     0.072     0.560     0.826
    -0.067     0.534     0.843
     0.042     0.541     0.840
    -0.112     0.558     0.822
    -0.070     0.467     0.882
     0.014     0.572     0.820
     0.119     0.544     0.830
    -0.085     0.476     0.875
     0.021     0.606     0.795
     0.039     0.520     0.854
     0.034     0.665     0.746
     0.044     0.532     0.845
     0.002     0.479     0.878
    -0.054     0.422     0.905
     0.095     0.502     0.859
     0.046     0.548     0.835
    -0.072     0.557     0.828
    -0.153     0.554     0.818
    -0.014     0.561     0.828
    -0.018     0.609     0.793
    -0.034     0.510     0.859
     0.009     0.552     0.834
    -0.069     0.627     0.776
     0.112     0.494     0.862
     0.136     0.583     0.801
    -0.061     0.607     0.792
    -0.002     0.588     0.809
    -0.024     0.576     0.817
     0.067     0.574     0.816
     0.068     0.545     0.836
    -0.053     0.515     0.856
     0.043     0.604     0.796
     0.003     0.500     0.866
     0.024     0.454     0.890
     0.045     0.522     0.852
    -0.057     0.554     0.830
     0.079     0.429     0.900
    -0.005     0.557     0.830
    -0.023     0.588     0.808
     0.041     0.554     0.832
    -0.013     0.570     0.821
     0.031     0.540     0.841
     0.109     0.501     0.859
     0.040     0.535     0.844
    -0.050     0.513     0.857
     0.022     0.617     0.787
     0.042     0.578     0.815
    -0.023     0.544     0.839
    -0.017     0.620     0.785
    -0.001     0.582     0.813
    -0.022     0.514     0.857
     0.098     0.530     0.843
    -0.001     0.552     0.834
     0.033     0.542     0.840
     0.089     0.532     0.842
    -0.072     0.554     0.830
    -0.028     0.539     0.842
     0.011     0.573     0.819
     0.012     0.551     0.834
    -0.002     0.504     0.864
    -0.022     0.661     0.750
     0.079     0.564     0.822
    -0.019     0.541     0.841
    -0.125     0.545     0.829
     0.042     0.613     0.789
    -0.027     0.624     0.781
     0.037     0.483     0.875
    -0.032     0.533     0.846
     0.035     0.533     0.846
    -0.136     0.615     0.777
    -0.015     0.481     0.877
    -0.067     0.579     0.813
    -0.032     0.537     0.843
     0.120     0.566     0.816
     0.161     0.571     0.805
    -0.051     0.617     0.785
     0.042     0.544     0.838
     0.034     0.546     0.837
     0.029     0.669     0.743
    -0.002     0.541     0.841
    -0.022     0.552     0.833
    -0.068     0.552     0.831
    -0.033     0.554     0.832
     0.050     0.516     0.855
     0.024     0.534     0.845
    -0.035     0.553     0.832
    -0.126     0.577     0.807
     0.064     0.593     0.803
     0.036     0.502     0.864
     0.026     0.508     0.861
     0.054     0.609     0.791
    -0.044     0.573     0.818
     0.020     0.504     0.864
     0.030     0.539     0.842
     0.060     0.585     0.808
    -0.060     0.450     0.891
     0.049     0.449     0.892
     0.031     0.591     0.806
    -0.035     0.550     0.834
     0.066     0.532     0.844
    -0.020     0.537     0.843
     0.012     0.569     0.822
    -0.043     0.515     0.856
    -0.016     0.579     0.815
    -0.000     0.537     0.844
    -0.047     0.536     0.843
    -0.074     0.524     0.848
     0.014     0.611     0.792
    -0.020     0.533     0.846
    -0.037     0.520     0.853
     0.107     0.534     0.839
    -0.031     0.536     0.844
    -0.020     0.473     0.881
    -0.044     0.622     0.781
     0.051     0.565     0.824
     0.029     0.522     0.852
     0.118     0.526     0.842
     0.069     0.538     0.840
    -0.097     0.476     0.874
    -0.002     0.585     0.811
    -0.005     0.522     0.853
    -0.076     0.579     0.812
     0.044     0.568     0.822
     0.082     0.480     0.873
     0.106     0.582     0.806
     0.001     0.547     0.837
     0.071     0.561     0.825
     0.048     0.566     0.823
     0.009     0.634     0.773
     0.012     0.575     0.818
     0.040     0.536     0.843
