     0.114     0.969     0.220
    -0.056     0.984     0.170
     0.025     0.983     0.182
     0.137     0.920     0.368
     0.052     0.972     0.227
    -0.020     0.982     0.188
    -0.056     0.958     0.280
     0.207     0.961     0.185
     0.041     0.993     0.114
    -0.062     0.997     0.041
     0.170     0.967     0.188
    -0.050     0.969     0.243
     0.023     0.984     0.178
    -0.090     0.986     0.140
     0.182     0.944     0.274
     0.052     0.981     0.185
     0.149     0.965     0.217
     0.023     0.991     0.133
     0.045     0.966     0.256
     0.127     0.971     0.204
     0.095     0.982     0.161
     0.229     0.905     0.359
    -0.011     0.986     0.164
     0.031     0.948     0.317
     0.036     0.931     0.363
     0.053     0.947     0.316
     0.183     0.952     0.244
     0.128     0.966     0.226
     0.113     0.964     0.243
     0.060     0.973     0.225
     0.142     0.945     0.294
     0.101     0.989     0.111
     0.014     0.952     0.307
    -0.076     0.938     0.339
     0.124     0.957     0.264
    -0.049     0.977     0.205
     0.009     0.975     0.224
     0.096     0.973     0.209
    -0.025     0.961     0.274
     0.079     0.937     0.341
     0.115     0.971     0.212
     0.068     0.971     0.227
     0.140     0.954     0.264
     0.057     0.959     0.278
     0.158     0.964     0.212
     0.126     0.975     0.185
     0.158     0.952     0.264
     0.099     0.972     0.211
     0.173     0.977     0.127
     0.181     0.965     0.192
     0.040     0.951     0.306
    -0.114     0.975     0.191
     0.121     0.973     0.196
     0.092     0.991     0.097
     0.022     0.934     0.357
     0.103     0.981     0.164
     0.050     0.937     0.345
     0.078     0.969     0.236
     0.185     0.968     0.170
     0.135     0.937     0.321
     0.122     0.973     0.197
     0.030     0.985     0.170
     0.008     0.961     0.277
     0.086     0.965     0.248
    -0.046     0.976     0.211
     0.154     0.964     0.219
     0.076     0.949     0.305
    -0.166     0.945     0.283
     0.009     0.986     0.169
     0.114     0.933     0.342
     0.148     0.960     0.237
     0.141     0.971     0.195
     0.070     0.932     0.357
     0.037     0.958     0.284
     0.041     0.989     0.145
     0.105     0.994    -0.035
     0.070     0.961     0.269
     0.063     0.916     0.395
     0.061     0.978     0.200
     0.037     0.993     0.115
     0.166     0.938     0.303
     0.098     0.973     0.208
     0.186     0.968     0.170
     0.110     0.927     0.358
     0.065     0.963     0.261
     0.079     0.921     0.380
     0.156     0.932     0.328
     0.030     0.944     0.330
     0.001     0.993     0.118
     0.061     0.958     0.281
     0.196     0.965     0.173
     0.043     0.986     0.158
     0.078     0.936     0.343
     0.014     0.981     0.193
     0.146     0.956     0.256
     0.192     0.963     0.191
     0.061     0.988     0.145
     0.085     0.952     0.295
     0.097     0.973     0.211
     0.215     0.960     0.179
    -0.025     0.977     0.210
     0.101     0.936     0.337
     0.112     0.959     0.259
     0.078     0.970     0.229
     0.120     0.968     0.222
     0.127     0.978     0.164
     0.128     0.970     0.204
     0.078     0.972     0.222
     0.078     0.938     0.338
     0.153     0.982     0.112
    -0.047     0.964     0.261
     0.105     0.953     0.285
     0.029     0.941     0.338
    -0.045     0.985     0.167
    -0.030     0.974     0.224
     0.086     0.965     0.248
    -0.015     0.963     0.268
    -0.049     0.970     0.238
     0.060     0.969     0.238
     0.200     0.950     0.238
     0.176     0.900     0.399
     0.126     0.953     0.275
     0.131     0.943     0.306
     0.139     0.965     0.223
     0.209     0.939     0.272
     0.026     0.961     0.276
     0.069     0.966     0.249
     0.052     0.968     0.246
     0.052     0.976     0.211
    -0.012     0.976     0.216
     0.024     0.943     0.333
     0.108     0.964     0.242
     0.039     0.979     0.198
     0.081     0.967     0.243
    -0.024     0.980     0.197
    -0.005     0.960     0.281
     0.038     0.978     0.205
     0.062     0.969     0.238
     0.105     0.953     0.283
     0.263     0.962     0.069
     0.175     0.948     0.267
    -0.043     0.959     0.279
    -0.053     0.982     0.181
     0.069     0.983     0.171
     0.040     0.990     0.135
     0.138     0.931     0.339
     0.025     0.985     0.172
    -0.027     0.977     0.214
    -0.038     0.953     0.299
     0.075     0.960     0.268
     0.018     0.954     0.300
     0.033     0.968     0.250
     0.144     0.969     0.200
    -0.011     0.971     0.238
     0.069     0.942     0.328
     0.219     0.946     0.239
    -0.037     0.953     0.300
    -0.071     0.942     0.329
     0.137     0.948     0.286
     0.171     0.961     0.216
     0.096     0.951     0.293
    -0.015     0.980     0.199
     0.134     0.958     0.252
     0.144     0.974     0.176
    -0.088     0.951     0.297
     0.110     0.939     0.326
     0.013     0.972     0.234
     0.035     0.973     0.230
    -0.063     0.941     0.331
     0.071     0.942     0.327
     0.087     0.957     0.278
     0.037     0.991     0.132
     0.041     0.967     0.252
     0.018     0.948     0.318
     0.094     0.966     0.241
     0.176     0.935     0.307
     0.121     0.936     0.331
     0.078     0.977     0.200
    -0.035     0.975     0.221
     0.040     0.964     0.264
    -0.007     0.972     0.235
     0.044     0.971     0.237
     0.158     0.961     0.228
     0.090     0.941     0.327
     0.174     0.975     0.138
     0.109     0.992     0.065
    -0.016     0.965     0.260
    -0.102     0.939     0.329
     0.034     0.953     0.301
     0.088     0.953     0.292
     0.127     0.985     0.120
     0.054     0.931     0.360
     0.054     0.985     0.164
     0.153     0.966     0.208
    -0.034     0.958     0.285
     0.201     0.958     0.206
     0.035     0.984     0.176
     0.043     0.998     0.042
     0.058     0.959     0.277
     0.083     0.982     0.167
     0.130     0.937     0.325
     0.095     0.966     0.240
     0.080     0.975     0.207
     0.044     0.921     0.386
     0.159     0.968     0.196
     0.122     0.901     0.417
     0.021     0.972     0.233
    -0.116     0.957     0.265
     0.062     0.934     0.350
     0.094     0.917     0.387
     0.026     0.970     0.241
    -0.010     0.952     0.307
    -0.019     0.957     0.290
    -0.018     0.978     0.207
     0.090     0.977     0.195
    -0.002     0.991     0.134
     0.020     0.982     0.185
     0.054     0.960     0.275
     0.127     0.987     0.097
     0.066     0.960     0.272
     0.098     0.975     0.198
     0.108     0.898     0.427
     0.039     0.993     0.110
     0.047     0.959     0.279
     0.122     0.976     0.180
     0.051     0.966     0.254
    -0.066     0.968     0.243
     0.064     0.952     0.298
     0.036     0.983     0.180
     0.025     0.960     0.280
     0.223     0.965     0.136
     0.111     0.942     0.316
     0.056     0.967     0.248
     0.072     0.968     0.239
     0.143     0.978     0.150
     0.058     0.985     0.164
     0.084     0.956     0.283
     0.091     0.981     0.169
     0.019     0.957     0.289
     0.008     0.986     0.168
    -0.035     0.959     0.281
     0.023     0.950     0.313
     0.012     0.980     0.199
     0.045     0.974     0.222
     0.117     0.931     0.345
    -0.008     0.968     0.252
     0.087     0.985     0.150
     0.044     0.962     0.269
     0.163     0.970     0.178
     0.102     0.941     0.323
     0.087     0.978     0.190
     0.099     0.947     0.306
     0.006     0.981     0.194
     0.032     0.984     0.174
     0.121     0.977     0.178
     0.195     0.958     0.212
     0.174     0.936     0.307
     0.198     0.955     0.220
     0.050     0.978     0.203
     0.065     0.974     0.216
     0.049     0.953     0.300
     0.034     0.989     0.145
    -0.008     0.980     0.197
     0.160     0.953     0.258
     0.214     0.971     0.102
     0.185     0.955     0.230
     0.106     0.971     0.215
    -0.019     0.956     0.292
     0.245     0.963     0.114
     0.089     0.940     0.328
     0.109     0.954     0.278
     0.102     0.985     0.140
     0.078     0.934     0.348
     0.044     0.980     0.195
     0.132     0.952     0.277
    -0.068     0.969     0.237
     0.032     0.925     0.378
     0.089     0.935     0.343
     0.140     0.961     0.240
     0.166     0.937     0.307
     0.078     0.949     0.306
     0.046     0.944     0.328
     0.170     0.954     0.246
     0.040     0.960     0.276
     0.002     0.974     0.225
     0.047     0.966     0.256
     0.031     0.971     0.237
    -0.001     0.987     0.162
     0.064     0.980     0.189
    -0.033     0.952     0.305
     0.022     0.961     0.274
     0.142     0.965     0.221
     0.100     0.974     0.204
     0.029     0.942     0.334
     0.098     0.949     0.298
    -0.082     0.961     0.263
     0.067     0.918     0.390
     0.057     0.954     0.293
     0.090     0.931     0.353
     0.109     0.969     0.222
     0.127     0.963     0.237
     0.136     0.926     0.351
     0.071     0.966     0.248
     0.131     0.961     0.245
     0.118     0.978     0.171
    -0.069     0.983     0.171
     0.172     0.940     0.294
     0.067     0.972     0.226
     0.001     0.965     0.261
    -0.009     0.974     0.226
     0.091     0.958     0.273
     0.101     0.981     0.164
    -0.084     0.972     0.219
    -0.014     0.960     0.279
     0.020     0.970     0.241
     0.070     0.925     0.372
    -0.125     0.941     0.314
     0.070     0.994     0.086
     0.122     0.966     0.230
     0.018     0.969     0.245
     0.126     0.968     0.215
     0.100     0.983     0.157
     0.028     0.950     0.310
    -0.004     0.999     0.053
     0.076     0.952     0.297
     0.119     0.934     0.337
     0.221     0.952     0.211
     0.001     0.979     0.206
     0.172     0.984     0.054
     0.155     0.961     0.231
     0.174     0.932     0.318
    -0.031     0.980     0.195
     0.055     0.966     0.253
     0.199     0.946     0.255
     0.132     0.985     0.115
     0.081     0.968     0.237
     0.050     0.957     0.287
     0.024     0.970     0.240
     0.111     0.967     0.229
     0.106     0.935     0.338
     0.130     0.936     0.326
    -0.009     0.935     0.355
     0.148     0.943     0.299
     0.023     0.956     0.294
     0.037     0.984     0.177
     0.207     0.946     0.248
     0.045     0.956     0.289
     0.098     0.963     0.252
     0.041     0.978     0.203
     0.124     0.979     0.163
    -0.031     0.926     0.377
     0.124     0.966     0.225
     0.079     0.956     0.281
     0.227     0.924     0.308
    -0.011     0.953     0.304
     0.163     0.936     0.313
     0.055     0.965     0.255
    -0.083     0.945     0.315
     0.241     0.890     0.387
     0.096     0.952     0.292
     0.116     0.972     0.204
     0.032     0.941     0.337
    -0.038     0.973     0.228
     0.022     0.994     0.109
     0.093     0.937     0.337
     0.061     0.965     0.254
     0.097     0.964     0.247
     0.199     0.955     0.219
    -0.045     0.972     0.229
     0.108     0.942     0.318
     0.139     0.954     0.266
     0.104     0.929     0.355
    -0.099     0.964     0.246
     0.061     0.976     0.207
     0.089     0.959     0.270
     0.114     0.949     0.293
     0.109     0.981     0.161
     0.243     0.936     0.256
    -0.044     0.983     0.178
     0.075     0.955     0.287
     0.131     0.963     0.237
     0.098     0.961     0.260
     0.028     0.985     0.170
     0.162     0.952     0.260
     0.146     0.975     0.166
     0.129     0.981     0.146
     0.069     0.947     0.313
     0.131     0.944     0.302
     0.026     0.964     0.266
     0.121     0.953     0.278
     0.044     0.967     0.250
    -0.019     0.950     0.312
    -0.043     0.961     0.274
    -0.018     0.933     0.360
     0.131     0.975     0.177
     0.046     0.973     0.228
     0.133     0.968     0.215
     0.043     0.977     0.210
     0.041     0.970     0.240
     0.031     0.971     0.236
    -0.023     0.990     0.137
     0.200     0.938     0.284
     0.115     0.949     0.293
    -0.008     0.951     0.309
     0.074     0.973     0.217
     0.239     0.965     0.108
    -0.038     0.968     0.247
     0.089     0.930     0.357
     0.001     0.963     0.268
     0.068     0.974     0.215
     0.179     0.969     0.171
     0.179     0.968     0.174
     0.062     0.982     0.179
     0.080     0.962     0.259
     0.181     0.961     0.210
     0.044     0.959     0.279
     0.084     0.973     0.214
     0.093     0.919     0.384
     0.031     0.952     0.304
     0.070     0.959     0.274
     0.128     0.978     0.165
     0.166     0.947     0.275
     0.125     0.926     0.357
     0.192     0.946     0.260
     0.045     0.975     0.219
     0.050     0.980     0.194
     0.076     0.970     0.230
     0.096     0.961     0.259
     0.082     0.969     0.232
    -0.052     0.968     0.247
     0.071     0.981     0.179
     0.101     0.950     0.296
     0.096     0.966     0.240
     0.068     0.921     0.384
     0.079     0.991     0.110
     0.076     0.966     0.249
     0.045     0.965     0.258
     0.031     0.990     0.136
     0.068     0.960     0.270
     0.120     0.966     0.229
     0.085     0.948     0.306
     0.096     0.958     0.270
     0.156     0.961     0.227
     0.048     0.935     0.351
     0.056     0.951     0.303
     0.021     0.965     0.262
     0.016     0.952     0.305
     0.055     0.961     0.270
     0.081     0.991     0.106
     0.045     0.966     0.253
     0.079     0.970     0.232
     0.096     0.972     0.216
    -0.020     0.985     0.172
     0.053     0.972     0.229
     0.139     0.958     0.250
     0.050     0.969     0.241
     0.180     0.964     0.198
     0.112     0.964     0.242
     0.028     0.982     0.186
    -0.050     0.973     0.226
     0.099     0.980     0.173
     0.055     0.984     0.168
     0.030     0.943     0.333
     0.061     0.944     0.325
     0.005     0.953     0.302
     0.048     0.959     0.280
     0.174     0.943     0.282
     0.091     0.935     0.343
     0.030     0.970     0.240
     0.056     0.953     0.297
     0.085     0.964     0.251
     0.015     0.972     0.234
     0.105     0.942     0.320
     0.069     0.971     0.227
     0.014     0.976     0.219
    -0.041     0.971     0.234
     0.201     0.962     0.184
     0.050     0.937     0.346
     0.188     0.950     0.248
     0.092     0.964     0.250
     0.219     0.947     0.235
    -0.026     0.935     0.353
     0.017     0.951     0.310
     0.044     0.968     0.245
     0.115     0.950     0.289
     0.108     0.954     0.281
     0.028     0.938     0.345
     0.111     0.961     0.251
     0.278     0.951     0.133
     0.120     0.957     0.264
     0.056     0.998     0.042
     0.049     0.973     0.225
     0.032     0.973     0.228
     0.040     0.982     0.183
     0.084     0.961     0.262
     0.057     0.980     0.193
     0.154     0.972     0.176
     0.162     0.960     0.228
    -0.017     0.950     0.313
     0.178     0.979     0.101
     0.088     0.967     0.238
    -0.008     0.973     0.232
    -0.023     0.948     0.316
     0.048     0.970     0.237
     0.189     0.938     0.289
     0.042     0.972     0.232
     0.127     0.968     0.217
     0.090     0.938     0.336
     0.099     0.994     0.046
     0.092     0.980     0.175
     0.018     0.956     0.293
     0.213     0.975     0.071
     0.032     0.936     0.349
     0.067     0.951     0.303
     0.116     0.961     0.253
     0.166     0.962     0.218
     0.122     0.977     0.173
     0.259     0.922     0.288
     0.103     0.986     0.132
     0.064     0.962     0.266
     0.131     0.969     0.209
     0.018     0.961     0.275
     0.069     0.982     0.177
     0.104     0.960     0.259
     0.072     0.966     0.250
     0.092     0.948     0.304
     0.100     0.959     0.266
     0.022     0.985     0.168
    -0.020     0.993     0.116
     0.119     0.975     0.186
     0.080     0.977     0.197
     0.013     0.966     0.258
     0.106     0.962     0.252
    -0.117     0.989     0.087
     0.100     0.978     0.183
     0.004     0.965     0.262
     0.021     0.970     0.240
     0.037     0.955     0.296
     0.082     0.933     0.351
    -0.085     0.967     0.238
     0.299     0.907     0.297
     0.108     0.972     0.211
    -0.031     0.972     0.234
     0.063     0.964     0.258
     0.101     0.937     0.335
    -0.014     0.984     0.179
     0.080     0.983     0.163
     0.020     0.950     0.311
     0.053     0.953     0.297
     0.007     0.959     0.282
    -0.001     0.984     0.179
     0.020     0.979     0.202
    -0.022     0.965     0.261
     0.132     0.950     0.285
     0.108     0.957     0.269
     0.103     0.968     0.230
     0.168     0.948     0.272
     0.130     0.956     0.264
     0.091     0.962     0.258
    -0.074     0.961     0.265
     0.006     0.937     0.349
     0.159     0.951     0.265
     0.138     0.975     0.173
    -0.008     0.993     0.118
     0.156     0.941     0.299
     0.160     0.952     0.260
     0.050     0.979     0.200
     0.038     0.974     0.225
     0.024     0.945     0.326
     0.035     0.975     0.220
     0.232     0.936     0.264
     0.064     0.965     0.255
     0.144     0.944     0.296
    -0.046     0.943     0.330
    -0.037     0.976     0.214
     0.053     0.952     0.303
     0.045     0.982     0.181
     0.043     0.993     0.112
     0.050     0.969     0.243
    -0.068     0.962     0.264
     0.084     0.960     0.267
     0.081     0.967     0.243
     0.126     0.971     0.202
     0.071     0.976     0.207
     0.181     0.947     0.265
    -0.039     0.950     0.309
     0.000     0.982     0.188
     0.114     0.971     0.209
     0.109     0.971     0.211
     0.023     0.991     0.130
     0.201     0.969     0.145
     0.149     0.954     0.262
     0.098     0.963     0.252
     0.112     0.972     0.204
     0.089     0.970     0.226
     0.175     0.973     0.150
     0.003     0.983     0.186
     0.037     0.983     0.178
     0.071     0.967     0.247
    -0.080     0.962     0.260
    -0.059     0.965     0.254
     0.115     0.949     0.293
     0.005     0.953     0.303
    -0.012     0.975     0.220
     0.179     0.940     0.289
    -0.033     0.959     0.280
     0.147     0.966     0.215
     0.012     0.906     0.423
     0.156     0.959     0.235
     0.030     0.942     0.334
     0.062     0.950     0.305
     0.026     0.989     0.145
     0.120     0.974     0.192
     0.162     0.928     0.336
    -0.031     0.971     0.238
     0.075     0.959     0.274
     0.074     0.945     0.319
     0.132     0.985     0.111
     0.091     0.958     0.270
    -0.018     0.990     0.139
     0.019     0.941     0.338
     0.160     0.964     0.212
     0.028     0.937     0.349
     0.185     0.947     0.263
     0.133     0.929     0.345
     0.189     0.967     0.171
     0.027     0.919     0.394
     0.100     0.962     0.253
     0.033     0.988     0.148
     0.170     0.944     0.284
    -0.027     0.979     0.203
     0.185     0.966     0.181
     0.018     0.964     0.265
     0.096     0.954     0.285
     0.090     0.972     0.216
     0.019     0.976     0.215
     0.002     0.986     0.166
     0.078     0.964     0.254
    -0.002     0.972     0.234
     0.184     0.956     0.228
     0.054     0.958     0.280
     0.121     0.974     0.190
     0.075     0.959     0.273
    -0.002     0.973     0.233
     0.128     0.973     0.193
     0.092     0.971     0.219
    -0.033     0.993     0.113
     0.130     0.963     0.238
     0.060     0.943     0.328
    -0.016     0.956     0.294
     0.056     0.987     0.148
     0.151     0.955     0.255
     0.069     0.926     0.372
     0.180     0.947     0.264
     0.092     0.952     0.290
     0.101     0.943     0.318
     0.069     0.970     0.235
     0.132     0.976     0.173
     0.072     0.983     0.171
    -0.056     0.983     0.176
     0.065     0.976     0.206
     0.145     0.985     0.095
     0.207     0.956     0.209
     0.099     0.951     0.294
     0.060     0.990     0.129
     0.097     0.962     0.257
     0.000     0.920     0.391
    -0.021     0.978     0.210
     0.094     0.962     0.255
     0.099     0.962     0.255
    -0.006     0.943     0.333
    -0.045     0.977     0.211
     0.145     0.948     0.282
     0.004     0.994     0.108
     0.011     0.973     0.229
     0.098     0.932     0.349
    -0.034     0.957     0.288
     0.020     0.951     0.308
    -0.048     0.987     0.155
     0.061     0.966     0.252
     0.157     0.978     0.140
    -0.114     0.972     0.204
     0.009     0.946     0.323
    -0.020     0.969     0.246
    -0.075     0.945     0.319
     0.046     0.968     0.245
     0.026     0.977     0.211
    -0.008     0.976     0.217
     0.094     0.956     0.278
     0.066     0.935     0.348
     0.082     0.955     0.285
     0.010     0.997     0.071
     0.072     0.958     0.279
     0.095     0.983     0.157
     0.044     0.954     0.298
     0.166     0.967     0.194
    -0.010     0.952     0.305
     0.209     0.918     0.338
     0.061     0.955     0.290
     0.101     0.968     0.229
     0.113     0.970     0.217
     0.094     0.918     0.385
     0.075     0.966     0.246
     0.123     0.968     0.218
     0.062     0.992     0.109
     0.099     0.985     0.139
     0.009     0.959     0.284
    -0.041     0.918     0.395
     0.066     0.958     0.280
     0.071     0.939     0.336
     0.102     0.963     0.250
    -0.032     0.973     0.228
    -0.049     0.936     0.350
     0.105     0.969     0.226
     0.113     0.966     0.231
     0.123     0.952     0.282
     0.140     0.959     0.248
     0.163     0.929     0.331
     0.138     0.978     0.156
     0.053     0.944     0.326
     0.103     0.965     0.239
     0.049     0.944     0.326
     0.025     0.926     0.376
     0.083     0.975     0.206
     0.046     0.970     0.239
     0.148     0.969     0.196
     0.097     0.967     0.236
     0.074     0.994     0.080
     0.118     0.986     0.114
     0.075     0.977     0.198
     0.059     0.954     0.293
     0.021     0.959     0.283
     0.193     0.960     0.201
     0.073     0.965     0.253
     0.046     0.955     0.293
     0.083     0.964     0.253
    -0.001     0.940     0.342
    -0.083     0.956     0.283
     0.088     0.975     0.206
     0.186     0.959     0.214
     0.198     0.942     0.272
     0.028     0.981     0.190
     0.150     0.951     0.270
     0.187     0.927     0.324
     0.099     0.979     0.181
     0.025     0.958     0.286
    -0.022     0.967     0.255
     0.103     0.953     0.285
     0.228     0.937     0.265
     0.220     0.951     0.216
     0.012     0.993     0.121
    -0.010     0.957     0.291
     0.048     0.946     0.320
     0.015     0.961     0.275
     0.135     0.976     0.169
     0.132     0.922     0.364
     0.144     0.960     0.242
     0.041     0.981     0.190
     0.159     0.964     0.213
     0.048     0.980     0.193
     0.034     0.960     0.279
     0.005     0.983     0.184
     0.013     0.976     0.216
     0.127     0.961     0.247
     0.099     0.969     0.225
     0.043     0.985     0.166
     0.092     0.971     0.219
     0.012     0.950     0.312
     0.049     0.988     0.143
     0.128     0.961     0.244
     0.094     0.970     0.225
     0.087     0.935     0.343
     0.074     0.982     0.172
     0.057     0.983     0.175
     0.034     0.963     0.268
     0.103     0.920     0.377
     0.093     0.952     0.291
     0.029     0.958     0.285
     0.043     0.958     0.285
     0.192     0.928     0.318
     0.148     0.934     0.325
     0.025     0.977     0.211
     0.018     0.983     0.181
     0.135     0.971     0.197
    -0.060     0.962     0.267
     0.037     0.983     0.180
     0.154     0.980     0.128
     0.142     0.959     0.244
     0.041     0.971     0.236
     0.119     0.959     0.256
     0.120     0.976     0.184
    -0.042     0.960     0.276
     0.119     0.979     0.167
     0.014     0.975     0.223
     0.174     0.962     0.212
     0.089     0.957     0.275
     0.114     0.940     0.321
     0.102     0.976     0.195
     0.013     0.967     0.253
     0.115     0.971     0.211
     0.012     0.959     0.284
     0.097     0.964     0.248
     0.102     0.932     0.348
    -0.001     0.981     0.192
     0.022     0.972     0.234
     0.039     0.964     0.262
    -0.006     0.993     0.122
     0.101     0.949     0.298
    -0.127     0.935     0.331
     0.029     0.964     0.264
     0.180     0.926     0.330
     0.077     0.959     0.272
     0.163     0.934     0.319
     0.123     0.978     0.167
     0.045     0.972     0.232
     0.067     0.954     0.292
     0.143     0.953     0.267
     0.192     0.961     0.197
     0.164     0.936     0.312
     0.072     0.972     0.222
     0.107     0.968     0.226
     0.080     0.987     0.141
     0.075     0.974     0.212
     0.110     0.978     0.177
    -0.018     0.955     0.297
     0.021     0.939     0.343
     0.061     0.970     0.233
     0.053     0.971     0.234
     0.042     0.960     0.278
     0.215     0.936     0.279
     0.129     0.972     0.197
    -0.028     0.986     0.164
     0.021     0.955     0.297
     0.094     0.967     0.236
     0.171     0.982     0.083
     0.101     0.974     0.203
     0.030     0.978     0.206
     0.098     0.960     0.262
     0.030     0.928     0.371
     0.044     0.950     0.309
     0.117     0.967     0.225
     0.109     0.966     0.234
     0.090     0.969     0.232
     0.089     0.966     0.241
     0.019     0.991     0.134
     0.153     0.967     0.204
     0.093     0.962     0.257
     0.070     0.963     0.259
     0.167     0.983     0.081
     0.033     0.990     0.137
     0.056     0.978     0.202
     0.079     0.962     0.260
     0.175     0.970     0.168
    -0.039     0.953     0.300
     0.180     0.955     0.236
     0.043     0.978     0.202
     0.132     0.950     0.284
     0.077     0.958     0.275
     0.140     0.972     0.188
     0.180     0.945     0.273
     0.098     0.964     0.246
     0.133     0.973     0.188
     0.060     0.940     0.337
     0.008     0.948     0.318
     0.136     0.942     0.308
    -0.015     0.973     0.228
     0.039     0.956     0.291
     0.105     0.973     0.205
     0.086     0.988     0.128
     0.120     0.930     0.348
     0.076     0.979     0.188
     0.013     0.965     0.260
     0.093     0.949     0.302
     0.044     0.977     0.209
     0.022     0.986     0.164
     0.035     0.964     0.265
     0.033     0.964     0.263
    -0.038     0.982     0.186
     0.088     0.956     0.281
    -0.000     0.974     0.226
     0.056     0.992     0.114
     0.141     0.973     0.184
    -0.018     0.973     0.230
     0.123     0.958     0.258
     0.100     0.987     0.122
     0.107     0.985     0.133
     0.081     0.971     0.223
     0.138     0.933     0.331
     0.033     0.985     0.168
     0.108     0.975     0.196
     0.095     0.926     0.364
     0.084     0.989     0.125
     0.061     0.959     0.276
     0.194     0.937     0.290
     0.279     0.925     0.258
     0.043     0.972     0.230
     0.030     0.962     0.271
    -0.086     0.980     0.177
     0.142     0.965     0.218
     0.105     0.967     0.231
     0.031     0.977     0.212
     0.125     0.961     0.249
     0.068     0.994     0.087
     0.116     0.936     0.332
     0.037     0.995     0.092
    -0.014     0.969     0.245
     0.144     0.955     0.258
     0.024     0.938     0.345
    -0.002     0.938     0.348
    -0.055     0.983     0.176
     0.051     0.993     0.106
     0.134     0.978     0.163
     0.022     0.946     0.323
     0.112     0.989     0.092
     0.093     0.988     0.122
     0.078     0.979     0.190
     0.078     0.923     0.377
     0.016     0.974     0.227
     0.056     0.985     0.164
     0.102     0.955     0.279
    -0.089     0.967     0.240
     0.102     0.959     0.264
     0.061     0.972     0.227
    -0.040     0.990     0.132
    -0.004     0.976     0.217
     0.162     0.941     0.297
     0.176     0.939     0.296
     0.118     0.947     0.298
     0.192     0.924     0.331
     0.002     0.964     0.265
     0.011     0.962     0.271
     0.182     0.953     0.242
     0.073     0.977     0.200
     0.056     0.966     0.253
     0.251     0.936     0.248
     0.060     0.972     0.225
     0.081     0.968     0.237
     0.088     0.978     0.191
     0.096     0.969     0.228
     0.018     0.924     0.382
    -0.050     0.927     0.372
    -0.076     0.965     0.249
     0.213     0.922     0.323
     0.044     0.975     0.218
     0.028     0.941     0.336
     0.113     0.980     0.162
     0.124     0.962     0.244
     0.108     0.951     0.290
     0.112     0.954     0.276
     0.094     0.967     0.238
     0.127     0.979     0.159
     0.046     0.964     0.263
     0.114     0.954     0.276
     0.160     0.942     0.296
     0.022     0.951     0.310
     0.070     0.921     0.383
     0.026     0.973     0.230
     0.115     0.971     0.212
     0.099     0.959     0.265
     0.064     0.969     0.237
     0.009     0.923     0.385
     0.203     0.964     0.170
     0.199     0.957     0.212
     0.118     0.980     0.162
     0.008     0.952     0.306
     0.131     0.965     0.226
     0.123     0.935     0.334
     0.057     0.992     0.108
     0.051     0.933     0.357
     0.128     0.956     0.265
     0.107     0.966     0.234
     0.185     0.937     0.298
     0.075     0.969     0.236
     0.131     0.974     0.186
     0.076     0.947     0.312
     0.204     0.919     0.339
     0.054     0.972     0.230
     0.010     0.983     0.184
     0.086     0.971     0.223
    -0.059     0.936     0.347
     0.184     0.953     0.243
     0.129     0.925     0.357
    -0.026     0.960     0.277
     0.089     0.947     0.308
     0.024     0.969     0.247
     0.176     0.938     0.299
    -0.022     0.927     0.375
     0.040     0.989     0.145
     0.151     0.972     0.178
     0.084     0.973     0.216
     0.088     0.986     0.145
     0.006     0.962     0.272
     0.029     0.993     0.111
     0.028     0.986     0.167
     0.073     0.962     0.262
    -0.016     0.972     0.233
     0.143     0.934     0.329
     0.092     0.955     0.281
     0.055     0.963     0.264
     0.210     0.937     0.281
     0.019     0.962     0.273
     0.170     0.953     0.252
     0.124     0.959     0.255
     0.043     0.978     0.203
     0.144     0.955     0.260
     0.144     0.987     0.077
     0.113     0.952     0.285
     0.176     0.966     0.189
     0.133     0.958     0.255
     0.094     0.961     0.262
    -0.022     0.948     0.318
     0.064     0.959     0.277
     0.088     0.965     0.249
     0.190     0.976     0.106
    -0.058     0.987     0.150
     0.145     0.960     0.241
     0.096     0.982     0.162
    -0.013     0.972     0.236
     0.009     0.969     0.245
    -0.029     0.973     0.227
     0.061     0.965     0.254
     0.180     0.933     0.312
    -0.042     0.896     0.442
     0.147     0.949     0.278
    -0.018     0.939     0.344
    -0.016     0.953     0.304
     0.028     0.976     0.214
     0.116     0.962     0.247
     0.106     0.971     0.215
     0.111     0.977     0.184
    -0.124     0.977     0.176
     0.074     0.950     0.303
    -0.028     0.988     0.153
     0.121     0.969     0.218
     0.020     0.986     0.163
    -0.056     0.936     0.349
    -0.011     0.974     0.224
     0.046     0.905     0.423
     0.072     0.950     0.305
     0.205     0.955     0.213
     0.063     0.960     0.272
     0.182     0.929     0.321
     0.093     0.980     0.176
     0.041     0.943     0.331
     0.077     0.977     0.197
     0.162     0.967     0.194
     0.060     0.992     0.115
    -0.014     0.955     0.297
     0.007     0.992     0.124
     0.112     0.926     0.361
    -0.056     0.974     0.217
     0.096     0.962     0.256
     0.106     0.982     0.159
     0.002     0.992     0.123
    -0.014     0.964     0.264
     0.040     0.965     0.260
     0.072     0.979     0.189
     0.063     0.966     0.250
     0.056     0.966     0.253
     0.117     0.965     0.235
    -0.020     0.980     0.196
     0.084     0.947     0.309
     0.126     0.984     0.127
     0.043     0.964     0.262
     0.020     0.999     0.047
     0.043     0.972     0.230
     0.175     0.966     0.191
     0.111     0.962     0.251
     0.077     0.979     0.191
     0.027     0.973     0.229
     0.166     0.941     0.296
     0.058     0.984     0.167
     0.082     0.950     0.301
     0.138     0.942     0.305
     0.038     0.971     0.234
    -0.022     0.974     0.224
     0.076     0.986     0.147
     0.101     0.954     0.284
     0.091     0.961     0.260
     0.081     0.972     0.219
     0.125     0.971     0.206
     0.129     0.985     0.114
     0.079     0.981     0.180
     0.044     0.953     0.299
     0.066     0.965     0.255
     0.006     0.970     0.244
    -0.064     0.982     0.180
     0.182     0.957     0.226
     0.126     0.957     0.261
     0.123     0.940     0.318
     0.102     0.967     0.233
     0.030     0.966     0.256
     0.091     0.954     0.284
     0.104     0.963     0.247
     0.180     0.969     0.171
     0.122     0.972     0.201
     0.131     0.966     0.223
     0.035     0.962     0.270
     0.054     0.957     0.285
     0.121     0.964     0.238
     0.057     0.961     0.272
     0.093     0.995     0.044
     0.007     0.964     0.265
     0.025     0.964     0.264
     0.070     0.968     0.240
     0.089     0.972     0.217
     0.096     0.965     0.244
     0.194     0.948     0.252
     0.003     0.987     0.159
     0.065     0.943     0.326
     0.059     0.972     0.225
     0.151     0.942     0.301
     0.048     0.974     0.223
     0.307     0.898     0.317
     0.142     0.965     0.222
     0.054     0.944     0.324
     0.048     0.933     0.356
     0.148     0.970     0.195
     0.025     0.973     0.229
     0.203     0.955     0.215
     0.025     0.988     0.155
     0.015     0.965     0.262
     0.099     0.974     0.205
    -0.041     0.993     0.106
     0.056     0.899     0.433
     0.087     0.981     0.173
     0.094     0.980     0.175
     0.077     0.948     0.308
     0.169     0.922     0.347
     0.187     0.941     0.283
     0.152     0.946     0.288
     0.168     0.930     0.328
     0.164     0.926     0.340
     0.118     0.979     0.168
     0.104     0.957     0.269
     0.017     0.975     0.219
     0.033     0.959     0.282
     0.086     0.944     0.320
     0.097     0.934     0.345
     0.009     0.966     0.260
    -0.114     0.966     0.230
     0.155     0.937     0.314
     0.158     0.976     0.148
    -0.059     0.958     0.280
     0.006     0.957     0.290
     0.078     0.969     0.233
    -0.089     0.988     0.125
     0.009     0.980     0.196
     0.072     0.979     0.191
     0.162     0.916     0.368
     0.139     0.962     0.236
     0.033     0.962     0.269
    -0.064     0.961     0.268
     0.056     0.961     0.272
     0.078     0.956     0.283
     0.118     0.971     0.207
     0.076     0.979     0.191
     0.092     0.983     0.160
     0.099     0.959     0.264
    -0.010     0.948     0.318
     0.062     0.968     0.242
     0.070     0.989     0.131
     0.158     0.966     0.202
    -0.048     0.982     0.181
     0.029     0.972     0.234
     0.060     0.956     0.288
     0.077     0.965     0.252
     0.040     0.977     0.211
     0.110     0.961     0.254
     0.138     0.951     0.276
    -0.049     0.964     0.262
     0.082     0.983     0.163
     0.066     0.989     0.130
     0.054     0.972     0.228
     0.009     0.974     0.226
     0.131     0.947     0.292
     0.154     0.965     0.211
     0.119     0.974     0.194
     0.138     0.966     0.221
     0.014     0.920     0.392
     0.240     0.960     0.147
     0.071     0.975     0.211
     0.167     0.952     0.256
    -0.067     0.971     0.229
     0.159     0.950     0.270
     0.095     0.961     0.261
     0.066     0.965     0.254
     0.004     0.970     0.241
     0.109     0.942     0.319
     0.023     0.986     0.163
     0.095     0.976     0.198
     0.016     0.970     0.242
     0.030     0.961     0.276
    -0.039     0.945     0.325
    -0.051     0.980     0.191
     0.030     0.974     0.224
     0.262     0.924     0.278
     0.003     0.939     0.343
    -0.005     0.958     0.286
     0.124     0.972     0.201
     0.134     0.906     0.402
     0.067     0.985     0.159
     0.067     0.970     0.235
     0.027     0.939     0.342
     0.125     0.955     0.270
     0.055     0.947     0.316
     0.001     0.970     0.242
     0.022     0.963     0.267
     0.127     0.972     0.199
     0.132     0.964     0.229
     0.062     0.911     0.407
     0.066     0.972     0.226
    -0.035     0.983     0.180
     0.140     0.947     0.290
     0.015     0.983     0.184
     0.092     0.944     0.317
     0.074     0.981     0.181
     0.140     0.952     0.273
     0.205     0.962     0.178
     0.212     0.957     0.197
     0.137     0.947     0.291
     0.017     0.990     0.143
     0.076     0.975     0.209
     0.080     0.940     0.331
     0.049     0.977     0.209
     0.145     0.977     0.159
     0.001     0.969     0.248
     0.094     0.968     0.234
     0.031     0.947     0.319
     0.104     0.982     0.160
     0.093     0.981     0.168
    -0.012     0.972     0.233
     0.068     0.973     0.222
     0.060     0.975     0.215
     0.067     0.977     0.204
     0.041     0.964     0.262
     0.027     0.980     0.200
     0.108     0.941     0.321
     0.195     0.967     0.162
     0.112     0.990     0.090
     0.056     0.964     0.258
     0.081     0.957     0.279
     0.135     0.966     0.221
     0.021     0.988     0.154
     0.188     0.960     0.205
     0.255     0.945     0.206
     0.076     0.953     0.292
     0.271     0.921     0.280
     0.108     0.979     0.174
     0.047     0.958     0.282
     0.090     0.963     0.253
     0.108     0.955     0.277
     0.027     0.974     0.224
     0.145     0.980     0.136
    -0.110     0.959     0.261
     0.079     0.976     0.205
     0.136     0.958     0.254
    -0.005     0.964     0.265
     0.137     0.972     0.192
     0.169     0.955     0.245
     0.039     0.955     0.295
     0.027     0.952     0.306
     0.077     0.961     0.266
     0.057     0.924     0.378
     0.121     0.978     0.168
     0.055     0.962     0.267
     0.136     0.951     0.278
    -0.079     0.936     0.343
     0.034     0.972     0.234
     0.149     0.977     0.154
     0.015     0.983     0.183
     0.043     0.975     0.218
     0.043     0.962     0.269
     0.001     0.956     0.294
     0.178     0.967     0.182
     0.175     0.976     0.129
     0.148     0.934     0.325
    -0.026     0.981     0.193
    -0.000     0.935     0.354
     0.110     0.951     0.290
     0.112     0.936     0.334
     0.207     0.975     0.081
     0.041     0.991     0.127
     0.015     0.990     0.139
     0.067     0.934     0.351
     0.090     0.967     0.240
     0.132     0.969     0.207
     0.064     0.960     0.271
    -0.030     0.950     0.310
     0.055     0.958     0.281
     0.142     0.981     0.132
     0.024     0.943     0.332
     0.123     0.946     0.299
     0.134     0.953     0.273
    -0.114     0.959     0.260
    -0.019     0.952     0.306
     0.031     0.968     0.250
     0.028     0.991     0.133
     0.058     0.938     0.341
     0.148     0.926     0.348
     0.063     0.971     0.230
     0.129     0.939     0.320
     0.050     0.969     0.242
    -0.067     0.986     0.150
     0.123     0.974     0.192
     0.142     0.964     0.224
     0.097     0.975     0.200
    -0.042     0.957     0.286
     0.144     0.968     0.206
     0.077     0.965     0.252
    -0.081     0.965     0.249
     0.086     0.973     0.215
     0.009     0.980     0.198
     0.079     0.969     0.235
     0.022     0.980     0.199
     0.127     0.944     0.303
     0.174     0.967     0.184
    -0.046     0.977     0.207
    -0.081     0.963     0.258
     0.166     0.948     0.271
     0.106     0.988     0.109
     0.108     0.980     0.165
     0.106     0.962     0.251
     0.009     0.941     0.337
    -0.007     0.973     0.232
     0.083     0.964     0.253
     0.128     0.976     0.179
     0.053     0.984     0.168
     0.109     0.908     0.404
     0.098     0.963     0.253
     0.035     0.957     0.290
     0.120     0.982     0.142
     0.073     0.932     0.356
    -0.055     0.953     0.298
     0.073     0.954     0.290
     0.167     0.983     0.069
     0.074     0.943     0.325
     0.040     0.964     0.263
     0.000     0.990     0.142
     0.124     0.961     0.246
     0.175     0.952     0.250
     0.163     0.968     0.194
     0.114     0.976     0.187
     0.104     0.960     0.260
     0.160     0.963     0.217
     0.008     0.987     0.163
     0.166     0.932     0.321
    -0.012     0.921     0.390
    -0.053     0.982     0.181
     0.101     0.975     0.196
     0.134     0.963     0.234
     0.039     0.975     0.216
     0.176     0.944     0.280
     0.061     0.945     0.321
     0.024     0.970     0.243
    -0.013     0.988     0.155
     0.076     0.965     0.250
     0.086     0.962     0.257
     0.151     0.968     0.203
     0.140     0.979     0.151
     0.118     0.950     0.291
     0.268     0.950     0.162
     0.036     0.991     0.132
    -0.005     0.944     0.330
     0.089     0.988     0.124
     0.129     0.980     0.150
     0.031     0.978     0.208
     0.053     0.995     0.079
     0.087     0.956     0.280
     0.128     0.946     0.298
     0.116     0.961     0.250
     0.123     0.967     0.223
     0.177     0.945     0.274
     0.165     0.957     0.239
     0.146     0.952     0.269
     0.024     0.980     0.200
     0.163     0.942     0.295
     0.080     0.962     0.262
     0.021     0.976     0.217
     0.080     0.972     0.220
    -0.062     0.968     0.243
     0.094     0.973     0.210
     0.118     0.980     0.158
     0.046     0.970     0.237
     0.035     0.948     0.315
     0.034     0.967     0.252
     0.149     0.926     0.348
     0.009     0.928     0.373
     0.079     0.935     0.346
     0.190     0.964     0.187
     0.180     0.968     0.176
     0.073     0.962     0.261
     0.121     0.977     0.174
    -0.086     0.975     0.203
     0.058     0.995     0.087
    -0.062     0.970     0.234
     0.059     0.990     0.130
     0.189     0.934     0.303
     0.061     0.973     0.221
     0.057     0.961     0.269
     0.154     0.958     0.241
     0.120     0.955     0.270
     0.166     0.966     0.199
     0.189     0.925     0.331
    -0.031     0.965     0.259
     0.089     0.942     0.323
    -0.002     0.933     0.361
     0.187     0.913     0.363
     0.006     0.987     0.161
     0.048     0.960     0.275
     0.080     0.992     0.101
     0.033     0.956     0.292
     0.264     0.949     0.174
     0.115     0.990     0.086
     0.080     0.975     0.207
     0.011     0.949     0.314
     0.039     0.980     0.196
     0.010     0.996     0.085
     0.050     0.973     0.224
     0.014     0.971     0.240
    -0.006     0.981     0.195
     0.086     0.954     0.287
     0.138     0.968     0.208
     0.150     0.980     0.133
     0.073     0.974     0.216
     0.031     0.989     0.144
     0.075     0.970     0.233
     0.070     0.985     0.156
     0.083     0.953     0.290
     0.086     0.964     0.253
     0.005     0.958     0.287
    -0.108     0.973     0.204
     0.028     0.986     0.167
    -0.010     0.949     0.314
     0.085     0.989     0.124
     0.131     0.953     0.275
    -0.009     0.938     0.347
     0.194     0.948     0.252
    -0.013     0.946     0.324
     0.016     0.978     0.207
     0.107     0.983     0.150
    -0.018     0.948     0.319
     0.102     0.962     0.252
     0.154     0.944     0.291
    -0.030     0.953     0.303
     0.181     0.951     0.249
     0.019     0.963     0.269
     0.056     0.972     0.228
    -0.020     0.972     0.233
     0.138     0.948     0.285
    -0.017     0.987     0.160
    -0.005     0.950     0.312
     0.086     0.945     0.315
     0.219     0.949     0.228
     0.103     0.965     0.242
     0.045     0.968     0.247
     0.023     0.978     0.207
     0.107     0.950     0.293
     0.066     0.977     0.202
     0.018     0.990     0.140
     0.102     0.938     0.331
     0.056     0.978     0.201
     0.107     0.966     0.236
    -0.047     0.960     0.277
     0.281     0.920     0.274
     0.051     0.970     0.239
     0.033     0.969     0.246
     0.026     0.956     0.293
     0.117     0.961     0.251
     0.204     0.941     0.269
     0.033     0.986     0.165
     0.070     0.968     0.239
     0.169     0.937     0.306
     0.047     0.980     0.194
     0.076     0.981     0.181
     0.031     0.993     0.115
     0.085     0.982     0.166
     0.006     0.931     0.366
     0.024     0.964     0.263
     0.128     0.963     0.239
     0.231     0.923     0.308
     0.079     0.969     0.233
     0.084     0.962     0.258
     0.183     0.955     0.234
     0.028     0.941     0.336
     0.158     0.960     0.231
     0.056     0.946     0.318
     0.102     0.965     0.242
     0.191     0.930     0.314
     0.114     0.967     0.226
     0.081     0.981     0.178
     0.036     0.973     0.229
     0.076     0.972     0.221
     0.137     0.956     0.259
    -0.016     0.952     0.305
    -0.004     0.959     0.283
     0.013     0.915     0.403
     0.080     0.989     0.122
     0.081     0.910     0.407
     0.029     0.962     0.272
     0.050     0.970     0.237
     0.032     0.927     0.375
     0.060     0.981     0.184
     0.187     0.964     0.189
     0.065     0.981     0.183
     0.016     0.960     0.279
     0.039     0.891     0.453
     0.091     0.982     0.167
    -0.005     0.980     0.200
     0.135     0.961     0.243
     0.015     0.982     0.188
     0.132     0.916     0.379
     0.003     0.964     0.265
     0.125     0.948     0.293
     0.031     0.966     0.256
     0.088     0.967     0.240
     0.029     0.984     0.177
    -0.047     0.974     0.220
     0.006     0.932     0.362
     0.230     0.960     0.160
     0.148     0.947     0.284
     0.032     0.932     0.362
     0.206     0.941     0.267
     0.124     0.941     0.314
     0.055     0.976     0.213
     0.019     0.945     0.326
     0.012     0.939     0.344
     0.086     0.968     0.237
     0.085     0.952     0.294
     0.097     0.940     0.326
     0.048     0.961     0.273
    -0.005     0.949     0.314
     0.089     0.943     0.319
     0.122     0.949     0.289
     0.088     0.963     0.253
     0.024     0.949     0.313
     0.145     0.938     0.316
     0.060     0.959     0.276
    -0.029     0.965     0.260
    -0.098     0.972     0.212
     0.009     0.949     0.315
     0.105     0.949     0.296
     0.103     0.957     0.272
     0.095     0.939     0.331
     0.199     0.961     0.194
     0.069     0.994     0.088
    -0.004     0.942     0.337
     0.164     0.949     0.270
     0.076     0.973     0.216
     0.138     0.978     0.159
     0.140     0.963     0.230
     0.120     0.982     0.145
    -0.011     0.980     0.196
     0.169     0.953     0.251
     0.033     0.948     0.318
     0.091     0.968     0.232
     0.098     0.956     0.276
     0.141     0.943     0.300
     0.190     0.960     0.207
    -0.017     0.943     0.334
     0.001     0.969     0.246
     0.164     0.964     0.208
     0.136     0.963     0.232
     0.117     0.945     0.306
     0.119     0.969     0.216
     0.012     0.954     0.298
     0.140     0.965     0.220
     0.075     0.988     0.135
     0.088     0.965     0.248
     0.046     0.956     0.289
     0.206     0.934     0.292
     0.118     0.984     0.134
     0.164     0.940     0.298
     0.077     0.947     0.312
     0.161     0.957     0.241
     0.062     0.976     0.211
    -0.134     0.951     0.280
     0.107     0.960     0.259
    -0.059     0.937     0.343
     0.179     0.963     0.200
     0.200     0.952     0.233
     0.197     0.959     0.205
     0.066     0.947     0.314
     0.079     0.955     0.287
     0.088     0.927     0.365
     0.051     0.968     0.247
    -0.045     0.978     0.202
     0.071     0.932     0.356
     0.109     0.967     0.229
    -0.121     0.942     0.311
     0.115     0.977     0.178
     0.109     0.938     0.329
    -0.053     0.975     0.217
    -0.047     0.970     0.239
