     0.291    -0.888     0.356
     0.184    -0.788     0.588
     0.296    -0.634     0.714
     0.730    -0.221     0.647
     0.533    -0.541     0.650
     0.199     0.034     0.980
     0.535    -0.267     0.802
     0.207    -0.571     0.794
     0.096    -0.561     0.822
     0.444    -0.321     0.836
     0.449    -0.455     0.769
     0.601    -0.585     0.544
     0.337    -0.042     0.941
     0.491    -0.684     0.539
     0.895    -0.302     0.329
     0.542    -0.271     0.795
     0.519    -0.455     0.724
    -0.097    -0.764     0.638
     0.349    -0.495     0.796
     0.436    -0.556     0.707
     0.712    -0.449     0.540
     0.362    -0.011     0.932
     0.520    -0.735     0.434
     0.340    -0.911     0.232
     0.550    -0.670     0.499
     0.036    -0.379     0.925
     0.686    -0.576     0.445
     0.292    -0.716     0.634
     0.729    -0.169     0.663
     0.240    -0.479     0.844
     0.162    -0.225     0.961
     0.501    -0.376     0.780
     0.680    -0.494     0.541
    -0.172    -0.251     0.952
     0.631    -0.552     0.545
     0.573    -0.053     0.818
    -0.148    -0.634     0.759
     0.282    -0.407     0.869
     0.373    -0.720     0.586
     0.757    -0.208     0.619
     0.333    -0.620     0.710
     0.579    -0.280     0.766
     0.479    -0.274     0.834
     0.805     0.118     0.581
     0.324    -0.710     0.625
     0.549    -0.557     0.623
     0.248    -0.817     0.521
     0.669    -0.653     0.355
     0.455    -0.343     0.822
     0.169    -0.456     0.874
     0.602    -0.679     0.420
     0.389    -0.450     0.804
     0.215    -0.592     0.776
     0.758     0.093     0.645
     0.162    -0.425     0.891
     0.549    -0.099     0.830
     0.691    -0.066     0.720
     0.717    -0.354     0.600
     0.248    -0.640     0.728
     0.661    -0.085     0.746
     0.639    -0.160     0.752
     0.385    -0.833     0.397
    -0.170    -0.416     0.893
     0.561    -0.538     0.629
     0.053     0.207     0.977
     0.318    -0.258     0.912
     0.136    -0.338     0.931
     0.922    -0.368     0.122
     0.840    -0.155     0.520
     0.203    -0.791     0.577
     0.401    -0.651     0.644
     0.908    -0.226     0.353
     0.021    -0.868     0.496
     0.154    -0.801     0.578
     0.162    -0.649     0.743
     0.883    -0.447     0.146
     0.423     0.572     0.703
     0.556    -0.457     0.694
     0.454    -0.537     0.711
     0.712    -0.680     0.175
     0.074    -0.739     0.669
     0.167    -0.690     0.704
     0.093    -0.250     0.964
     0.326    -0.412     0.851
     0.675    -0.334     0.659
     0.159    -0.220     0.962
    -0.079     0.098     0.992
     0.710    -0.364     0.603
     0.598    -0.732     0.325
     0.420    -0.558     0.715
     0.629    -0.568     0.531
     0.331    -0.538     0.775
     0.279    -0.804     0.524
     0.528    -0.273     0.804
     0.511    -0.666     0.544
     0.628    -0.689     0.363
     0.359    -0.696     0.622
     0.567    -0.614     0.549
     0.111    -0.304     0.946
     0.745    -0.439     0.503
     0.444    -0.666     0.600
     0.267    -0.690     0.673
     0.688    -0.077     0.722
     0.369    -0.504     0.781
     0.340    -0.853     0.396
     0.506    -0.736     0.450
     0.524    -0.329     0.786
     0.654    -0.208     0.727
     0.318     0.078     0.945
     0.363    -0.721     0.590
     0.573    -0.730     0.374
     0.592    -0.541     0.598
     0.311    -0.392     0.866
     0.502    -0.460     0.732
    -0.045    -0.098     0.994
     0.256    -0.852     0.457
     0.377    -0.791     0.482
     0.281    -0.698     0.659
    -0.033    -0.205     0.978
     0.443    -0.093     0.892
     0.458    -0.768     0.448
     0.634    -0.015     0.773
     0.522    -0.792     0.315
     0.432    -0.169     0.886
     0.808    -0.216     0.549
    -0.007    -0.683     0.730
     0.856    -0.458     0.240
     0.509    -0.648     0.567
     0.217    -0.639     0.738
    -0.164    -0.747     0.644
     0.565     0.049     0.824
     0.153    -0.547     0.823
     0.869    -0.180     0.461
     0.512    -0.079     0.855
     0.454    -0.672     0.586
     0.672    -0.404     0.621
     0.638    -0.482     0.600
     0.708    -0.563     0.426
     0.800    -0.591    -0.104
     0.491    -0.082     0.867
    -0.048    -0.663     0.747
     0.502     0.244     0.830
     0.361    -0.651     0.668
     0.431     0.008     0.902
     0.494    -0.131     0.859
     0.014    -0.876     0.482
     0.236    -0.548     0.803
     0.504    -0.742     0.443
     0.461    -0.619     0.635
     0.047    -0.313     0.948
     0.626    -0.521     0.581
     0.251    -0.416     0.874
     0.916    -0.188     0.355
     0.728    -0.371     0.577
     0.817    -0.514     0.262
     0.450    -0.131     0.884
     0.266    -0.450     0.853
     0.313    -0.359     0.880
     0.720    -0.565     0.402
     0.506    -0.563     0.654
     0.701    -0.590     0.401
     0.683    -0.418     0.599
     0.695    -0.350     0.628
    -0.154    -0.087     0.984
     0.551     0.289     0.783
     0.161    -0.923     0.348
     0.231    -0.788     0.571
     0.188    -0.240     0.952
     0.534    -0.502     0.681
     0.711    -0.381     0.591
     0.931    -0.086     0.356
     0.341    -0.747     0.570
     0.591    -0.269     0.760
     0.810    -0.241     0.535
     0.693    -0.043     0.719
    -0.086    -0.787     0.610
     0.281    -0.831     0.480
     0.565    -0.548     0.617
     0.348    -0.935    -0.074
     0.719    -0.497     0.486
    -0.034    -0.525     0.850
     0.350    -0.498     0.793
     0.601    -0.088     0.794
     0.341     0.095     0.935
     0.239    -0.809     0.536
     0.384    -0.177     0.906
     0.508    -0.470     0.722
     0.092    -0.784     0.614
     0.052    -0.509     0.859
     0.385    -0.527     0.758
     0.572    -0.495     0.654
     0.745    -0.181     0.642
     0.539    -0.338     0.771
     0.450    -0.829     0.332
     0.074    -0.808     0.585
     0.450    -0.431     0.782
     0.416    -0.782     0.465
     0.271    -0.910     0.315
     0.706     0.049     0.707
     0.054    -0.281     0.958
     0.145    -0.920     0.365
     0.524    -0.468     0.712
     0.561    -0.371     0.741
     0.554    -0.316     0.770
     0.400    -0.591     0.700
    -0.110    -0.974     0.200
     0.413    -0.343     0.844
    -0.172    -0.873     0.457
     0.612    -0.280     0.739
     0.602    -0.601     0.525
    -0.338    -0.536     0.773
     0.330    -0.162     0.930
     0.155    -0.446     0.881
     0.095    -0.751     0.654
     0.346    -0.457     0.820
     0.665    -0.668     0.334
     0.660    -0.092     0.746
     0.538     0.218     0.814
     0.563    -0.677     0.474
     0.388    -0.230     0.892
     0.261    -0.535     0.803
    -0.034    -0.473     0.880
     0.716     0.138     0.684
     0.421    -0.789     0.447
     0.707    -0.513     0.487
     0.344    -0.456     0.821
     0.508    -0.225     0.832
     0.812     0.227     0.538
     0.493    -0.395     0.775
     0.086    -0.995     0.052
     0.518    -0.381     0.766
     0.490    -0.305     0.817
     0.543    -0.671     0.505
     0.685    -0.380     0.621
     0.490    -0.341     0.802
     0.173    -0.565     0.807
     0.109    -0.969     0.222
     0.841    -0.248     0.481
    -0.140    -0.638     0.757
    -0.266    -0.660     0.703
     0.524    -0.635     0.568
     0.248    -0.073     0.966
     0.604     0.003     0.797
     0.619    -0.252     0.744
     0.252    -0.630     0.735
    -0.153    -0.498     0.854
     0.672    -0.740     0.032
    -0.445    -0.511     0.735
     0.390    -0.544     0.743
     0.408    -0.641     0.650
     0.362     0.160     0.918
     0.763    -0.328     0.556
     0.172    -0.842     0.511
     0.474    -0.005     0.881
     0.495    -0.107     0.862
     0.862     0.121     0.493
     0.552     0.003     0.834
     0.227    -0.480     0.847
     0.429    -0.221     0.876
     0.507    -0.330     0.796
     0.764    -0.610     0.208
     0.511    -0.448     0.734
     0.735    -0.665    -0.134
     0.522    -0.590     0.616
     0.252    -0.531     0.809
     0.427    -0.648     0.631
     0.672     0.265     0.692
     0.678     0.406     0.613
     0.581     0.185     0.793
     0.223    -0.460     0.859
     0.272    -0.635     0.723
     0.585    -0.539     0.606
    -0.084    -0.131     0.988
     0.259    -0.670     0.696
     0.410    -0.431     0.804
     0.901    -0.359     0.243
     0.738    -0.427     0.522
     0.040    -0.341     0.939
     0.923    -0.195     0.333
     0.380    -0.752     0.539
     0.555    -0.279     0.783
     0.421    -0.676     0.605
     0.234    -0.658     0.716
    -0.030    -0.771     0.636
     0.178    -0.941     0.289
     0.169    -0.784     0.597
     0.726    -0.295     0.621
     0.289    -0.550     0.784
     0.396    -0.267     0.878
     0.095    -0.595     0.798
     0.428    -0.452     0.783
     0.313    -0.382     0.869
     0.686    -0.483     0.544
     0.005    -0.868     0.496
    -0.056    -0.504     0.862
     0.657    -0.549     0.517
     0.491    -0.380     0.784
     0.359    -0.445     0.820
     0.866    -0.458     0.199
     0.820    -0.192     0.539
     0.362    -0.507     0.783
     0.434    -0.434     0.789
     0.362    -0.606     0.708
    -0.033    -0.307     0.951
    -0.060    -0.515     0.855
     0.833    -0.131     0.538
     0.760    -0.596     0.260
     0.421    -0.669     0.612
     0.225    -0.921     0.317
     0.551    -0.187     0.813
     0.649    -0.128     0.750
     0.316    -0.102     0.943
     0.630    -0.219     0.745
    -0.209    -0.898     0.388
     0.573    -0.023     0.820
     0.533    -0.394     0.748
     0.483    -0.486     0.728
     0.405    -0.651     0.642
     0.581    -0.606     0.544
     0.526    -0.738     0.423
     0.189    -0.559     0.807
     0.147    -0.898     0.415
     0.438    -0.683     0.585
     0.334    -0.684     0.648
     0.547    -0.236     0.803
     0.841    -0.001     0.541
     0.265    -0.317     0.911
     0.624    -0.224     0.749
     0.289    -0.561     0.776
     0.964    -0.128     0.234
     0.742    -0.669    -0.034
     0.699    -0.587     0.408
     0.565    -0.404     0.720
     0.326    -0.511     0.795
     0.699     0.065     0.712
     0.318    -0.723     0.614
     0.406    -0.526     0.747
     0.196    -0.542     0.817
     0.567    -0.171     0.805
     0.544    -0.091     0.834
     0.212    -0.472     0.856
     0.639    -0.173     0.750
     0.810     0.052     0.584
     0.522    -0.696     0.493
     0.379    -0.475     0.794
     0.617    -0.777     0.123
     0.281    -0.299     0.912
     0.460    -0.464     0.757
     0.424    -0.678     0.600
     0.449    -0.832     0.325
     0.129    -0.880     0.457
     0.680    -0.426     0.596
     0.497    -0.135     0.857
     0.663    -0.390     0.639
     0.651    -0.264     0.712
     0.513    -0.111     0.851
     0.609    -0.483     0.629
     0.610    -0.604     0.513
     0.797    -0.146     0.587
     0.552    -0.376     0.744
     0.588    -0.543     0.599
     0.249    -0.029     0.968
     0.716    -0.208     0.666
     0.855     0.288     0.431
     0.839     0.076     0.539
     0.774     0.056     0.631
     0.301    -0.942     0.149
     0.073    -0.405     0.911
     0.855    -0.243     0.458
     0.546    -0.619     0.564
     0.728    -0.127     0.674
     0.722    -0.058     0.690
     0.605    -0.714     0.353
    -0.028    -0.542     0.840
     0.864    -0.102     0.493
     0.553    -0.527     0.646
     0.874    -0.258     0.411
     0.164    -0.703     0.692
     0.233    -0.166     0.958
     0.461    -0.444     0.769
     0.686    -0.382     0.619
     0.312    -0.646     0.696
     0.963    -0.232     0.138
     0.652    -0.051     0.757
     0.840    -0.371     0.397
    -0.020    -0.630     0.776
     0.073    -0.374     0.925
     0.390    -0.513     0.764
     0.723    -0.239     0.648
     0.085    -0.719     0.690
     0.721    -0.126     0.681
     0.253    -0.495     0.832
     0.773    -0.183     0.608
     0.171    -0.767     0.618
     0.503    -0.215     0.837
     0.350     0.004     0.937
     0.631    -0.630     0.453
    -0.017    -0.264     0.964
    -0.092    -0.223     0.971
     0.472    -0.312     0.825
     0.702    -0.423     0.573
     0.804    -0.584     0.115
     0.637    -0.550     0.540
     0.641    -0.272     0.718
     0.801    -0.505     0.320
     0.428    -0.486     0.762
     0.067    -0.719     0.692
     0.031    -0.696     0.718
     0.381    -0.504     0.775
     0.117    -0.518     0.848
    -0.212    -0.849     0.484
    -0.172    -0.154     0.973
     0.632    -0.280     0.723
     0.259    -0.918     0.300
     0.548    -0.591     0.592
     0.186    -0.102     0.977
     0.561     0.230     0.795
     0.242    -0.729     0.640
     0.749    -0.122     0.652
    -0.336    -0.385     0.859
     0.712    -0.617     0.336
    -0.012    -0.464     0.886
     0.278    -0.413     0.867
     0.042    -0.644     0.764
     0.225    -0.858     0.462
     0.715    -0.063     0.697
     0.454    -0.165     0.876
     0.540    -0.285     0.792
     0.517    -0.672     0.530
     0.217    -0.009     0.976
     0.429    -0.363     0.827
     0.530    -0.528     0.663
     0.398    -0.308     0.864
     0.663    -0.376     0.648
     0.340    -0.681     0.648
     0.586    -0.570     0.577
     0.616    -0.499     0.609
     0.208    -0.414     0.886
     0.559    -0.652     0.512
     0.334    -0.842     0.424
     0.281    -0.472     0.836
     0.456     0.155     0.876
     0.527    -0.832    -0.176
     0.229    -0.532     0.815
     0.474    -0.591     0.653
     0.045    -0.887     0.459
     0.755    -0.534     0.380
     0.659    -0.402     0.636
     0.168    -0.363     0.917
     0.807    -0.153     0.571
     0.794    -0.431     0.429
     0.846    -0.100     0.524
     0.187    -0.892     0.412
     0.348    -0.638     0.687
     0.631    -0.501     0.592
     0.224    -0.422     0.878
     0.311    -0.681     0.663
     0.396    -0.508     0.765
     0.255    -0.535     0.806
     0.025    -0.524     0.851
     0.347    -0.202     0.916
     0.471    -0.757     0.452
     0.728    -0.206     0.654
     0.759    -0.648     0.058
     0.499    -0.266     0.825
     0.869    -0.214     0.446
     0.367    -0.134     0.921
     0.048    -0.482     0.875
     0.854    -0.253     0.454
     0.741    -0.526     0.417
     0.826    -0.472     0.308
     0.453    -0.700     0.552
     0.330    -0.459     0.825
     0.167    -0.477     0.863
     0.472    -0.811     0.346
     0.205    -0.841     0.500
     0.067    -0.650     0.757
     0.436    -0.672     0.599
     0.406    -0.566     0.717
     0.352    -0.552     0.756
     0.891    -0.332     0.310
     0.332    -0.484     0.810
     0.692    -0.195     0.695
     0.179    -0.841     0.510
     0.068    -0.573     0.817
     0.324    -0.482     0.814
     0.326    -0.333     0.885
     0.139    -0.452     0.881
     0.900    -0.378     0.218
     0.502     0.068     0.862
    -0.132     0.209     0.969
     0.434     0.099     0.895
     0.448    -0.843     0.299
     0.848    -0.358     0.390
     0.695    -0.374     0.615
     0.430    -0.629     0.647
     0.011    -0.690     0.724
     0.280    -0.759     0.588
     0.408    -0.526     0.746
     0.511    -0.177     0.841
     0.224    -0.191     0.956
     0.524    -0.456     0.719
     0.470    -0.461     0.753
     0.669    -0.450     0.591
     0.583    -0.646     0.493
     0.110    -0.455     0.883
     0.099    -0.535     0.839
     0.450    -0.477     0.755
     0.679    -0.193     0.708
     0.615    -0.282     0.736
     0.084    -0.428     0.900
    -0.155    -0.625     0.765
     0.020    -0.432     0.902
     0.674    -0.144     0.725
     0.820    -0.370     0.438
     0.236    -0.650     0.723
     0.183    -0.483     0.856
     0.333    -0.471     0.817
    -0.158    -0.449     0.879
     0.259    -0.612     0.747
     0.728    -0.309     0.612
     0.769    -0.519     0.374
     0.540    -0.288     0.791
     0.471    -0.229     0.852
     0.308    -0.246     0.919
     0.605    -0.606     0.516
    -0.044    -0.878     0.477
     0.463    -0.210     0.861
     0.807    -0.270     0.525
     0.238    -0.627     0.742
     0.656     0.005     0.754
     0.439    -0.760     0.479
     0.512    -0.354     0.783
     0.709    -0.536     0.458
     0.544    -0.416     0.729
     0.293    -0.408     0.864
     0.793    -0.409     0.451
     0.692    -0.253     0.676
     0.575    -0.075     0.815
     0.646    -0.576     0.500
     0.596    -0.301     0.744
     0.269    -0.963    -0.006
    -0.286    -0.659     0.696
     0.325    -0.035     0.945
     0.528    -0.585     0.616
     0.901    -0.257     0.350
    -0.026    -0.462     0.887
     0.959     0.028     0.283
     0.416    -0.437     0.797
     0.496    -0.808     0.318
     0.596    -0.571     0.564
     0.772    -0.320     0.549
     0.910    -0.326     0.255
     0.122    -0.300     0.946
     0.646    -0.640     0.415
     0.675    -0.194     0.711
     0.008    -0.362     0.932
     0.642     0.128     0.756
     0.290    -0.039     0.956
     0.675    -0.419     0.607
     0.448    -0.777     0.442
    -0.027    -0.563     0.826
     0.628    -0.138     0.766
     0.383    -0.352     0.854
     0.619    -0.486     0.617
     0.089    -0.418     0.904
     0.378    -0.906     0.188
     0.665    -0.337     0.667
     0.993    -0.106     0.052
     0.383    -0.286     0.878
     0.652     0.149     0.744
     0.457    -0.235     0.858
     0.450    -0.594     0.667
     0.687    -0.357     0.632
     0.258    -0.093     0.962
     0.028    -0.683     0.730
     0.098    -0.321     0.942
     0.407    -0.798     0.444
     0.613    -0.362     0.702
     0.065    -0.641     0.765
     0.142    -0.806     0.575
     0.496     0.015     0.868
     0.653    -0.531     0.540
     0.172    -0.620     0.766
     0.666     0.092     0.741
     0.645     0.119     0.755
     0.419    -0.716     0.559
     0.311    -0.332     0.891
     0.421    -0.265     0.867
     0.665    -0.516     0.540
     0.536    -0.559     0.632
     0.624    -0.288     0.726
     0.756    -0.370     0.540
     0.398     0.136     0.907
     0.159    -0.212     0.964
    -0.215    -0.466     0.858
     0.459     0.005     0.888
     0.486    -0.477     0.732
     0.130    -0.340     0.931
     0.229    -0.463     0.856
     0.429    -0.612     0.664
     0.417    -0.387     0.822
     0.242    -0.502     0.830
     0.463    -0.445     0.766
    -0.257    -0.611     0.749
     0.556    -0.687     0.468
     0.610    -0.203     0.766
     0.866    -0.155     0.475
     0.544    -0.070     0.836
     0.252    -0.704     0.664
     0.320    -0.520     0.792
     0.799    -0.285     0.529
     0.288     0.283     0.915
     0.147    -0.005     0.989
     0.453    -0.539     0.710
     0.126    -0.935     0.331
     0.607    -0.588     0.535
     0.357    -0.038     0.933
     0.596    -0.192     0.780
     0.348    -0.543     0.764
     0.469    -0.419     0.778
     0.204    -0.496     0.844
     0.414    -0.679     0.606
     0.648    -0.404     0.646
     0.430     0.070     0.900
     0.573    -0.483     0.662
     0.578     0.304     0.757
     0.844    -0.411     0.346
     0.477    -0.242     0.845
     0.178    -0.625     0.760
    -0.056    -0.543     0.838
     0.499    -0.715     0.490
     0.390    -0.705     0.592
     0.670    -0.044     0.741
     0.816     0.011     0.577
     0.510    -0.459     0.727
     0.206    -0.526     0.825
     0.488    -0.259     0.834
     0.150    -0.408     0.901
     0.170    -0.656     0.735
     0.454    -0.415     0.788
     0.602    -0.544     0.584
     0.611    -0.538     0.580
    -0.020    -0.121     0.992
     0.087    -0.621     0.779
    -0.053    -0.533     0.845
     0.145    -0.773     0.618
     0.619    -0.624     0.477
     0.486    -0.693     0.532
     0.147    -0.808     0.570
     0.735     0.089     0.672
     0.423    -0.568     0.706
     0.374    -0.531     0.760
     0.267     0.023     0.963
     0.038    -0.706     0.708
     0.766     0.058     0.640
     0.583    -0.776     0.243
     0.585    -0.739     0.333
     0.475    -0.430     0.768
     0.421    -0.123     0.899
    -0.142    -0.747     0.649
     0.172     0.203     0.964
     0.120    -0.484     0.867
     0.787    -0.386     0.481
     0.172    -0.647     0.743
     0.355    -0.531     0.769
     0.471    -0.489     0.734
     0.503    -0.723     0.473
     0.161    -0.619     0.768
     0.282    -0.808     0.517
     0.171    -0.269     0.948
    -0.172    -0.343     0.923
     0.462    -0.111     0.880
     0.306    -0.230     0.924
     0.617    -0.523     0.588
     0.472    -0.596     0.650
     0.518    -0.631     0.578
     0.737    -0.080     0.672
     0.236    -0.700     0.674
     0.797    -0.419     0.434
     0.660    -0.131     0.740
     0.369    -0.330     0.869
     0.687     0.152     0.711
     0.071    -0.573     0.817
     0.475    -0.472     0.742
     0.395    -0.141     0.908
     0.019    -0.408     0.913
    -0.163    -0.939     0.304
     0.437    -0.460     0.773
     0.127    -0.810     0.572
     0.726    -0.361     0.585
     0.483    -0.209     0.850
     0.750    -0.650     0.120
     0.193    -0.529     0.827
     0.596    -0.560     0.576
     0.616    -0.270     0.740
     0.079    -0.264     0.961
     0.439    -0.261     0.860
     0.632    -0.399     0.664
     0.166    -0.938     0.304
     0.381    -0.453     0.806
     0.785    -0.068     0.616
     0.720     0.068     0.691
     0.977    -0.014     0.212
     0.565    -0.315     0.763
     0.434    -0.403     0.806
     0.090    -0.497     0.863
     0.355    -0.394     0.848
     0.309    -0.285     0.907
     0.297     0.053     0.953
     0.515    -0.718     0.468
     0.326    -0.677     0.660
     0.334    -0.159     0.929
     0.621     0.070     0.781
     0.614    -0.183     0.768
    -0.017    -0.209     0.978
     0.443    -0.338     0.831
     0.634    -0.505     0.587
     0.343    -0.675     0.654
    -0.004    -0.309     0.951
     0.918    -0.088     0.387
    -0.187    -0.099     0.977
     0.472    -0.631     0.615
     0.135     0.126     0.983
     0.723    -0.113     0.681
     0.474    -0.595     0.649
    -0.054    -0.330     0.942
     0.227    -0.542     0.809
     0.389    -0.920     0.037
     0.425    -0.481     0.767
     0.876    -0.256     0.410
     0.861    -0.407     0.304
     0.578    -0.657     0.485
     0.708     0.102     0.699
     0.483    -0.262     0.836
     0.455    -0.613     0.646
     0.464    -0.722     0.513
     0.489    -0.070     0.869
     0.357    -0.349     0.866
     0.631    -0.360     0.688
     0.274    -0.592     0.758
     0.520    -0.838     0.164
     0.171    -0.814     0.556
     0.574    -0.168     0.801
     0.250    -0.432     0.866
     0.491    -0.532     0.690
     0.682    -0.383     0.623
     0.648     0.394     0.651
     0.911    -0.115     0.397
     0.456    -0.712     0.534
     0.334    -0.211     0.919
     0.661    -0.429     0.616
     0.793    -0.186     0.580
     0.767    -0.296     0.570
     0.563    -0.219     0.797
     0.289    -0.116     0.950
     0.041     0.176     0.983
     0.578    -0.052     0.815
     0.682    -0.665     0.306
     0.581    -0.626     0.520
     0.170    -0.487     0.857
     0.531    -0.340     0.776
     0.503    -0.633     0.589
     0.456    -0.702     0.547
     0.849     0.059     0.524
     0.279    -0.530     0.801
     0.248    -0.411     0.877
     0.631    -0.508     0.586
     0.599    -0.276     0.752
     0.179    -0.075     0.981
     0.190    -0.438     0.879
     0.372    -0.492     0.787
     0.586     0.274     0.762
     0.503    -0.406     0.763
     0.021    -0.504     0.864
     0.479    -0.794     0.374
     0.822    -0.120     0.556
     0.759    -0.580     0.296
     0.298    -0.902     0.312
     0.562    -0.385     0.732
    -0.121    -0.766     0.631
     0.399    -0.585     0.706
     0.012    -0.628     0.778
     0.612    -0.483     0.626
     0.545    -0.474     0.691
     0.185    -0.383     0.905
     0.324    -0.294     0.899
     0.014    -0.768     0.640
     0.637    -0.366     0.678
     0.948    -0.141     0.284
     0.492    -0.286     0.822
     0.900    -0.409     0.151
     0.595    -0.163     0.787
    -0.112    -0.746     0.656
     0.803    -0.536     0.260
     0.526    -0.392     0.755
     0.423    -0.654     0.627
     0.890    -0.421     0.173
     0.536    -0.694     0.481
     0.048    -0.112     0.993
    -0.317    -0.748     0.584
    -0.186    -0.717     0.672
     0.687     0.060     0.724
     0.693    -0.584     0.423
     0.208    -0.276     0.938
     0.661     0.092     0.745
     0.574    -0.355     0.738
     0.239    -0.170     0.956
     0.262    -0.280     0.924
     0.026    -0.788     0.615
     0.745    -0.322     0.584
     0.550     0.328     0.768
     0.980    -0.166     0.114
     0.113    -0.368     0.923
    -0.193    -0.267     0.944
     0.915    -0.350     0.201
     0.839    -0.231     0.493
     0.358    -0.350     0.866
     0.700    -0.143     0.700
     0.544    -0.695     0.470
     0.285    -0.581     0.763
    -0.027    -0.617     0.787
     0.400    -0.487     0.776
     0.006    -0.170     0.985
     0.485     0.140     0.863
     0.023    -0.686     0.727
     0.575    -0.129     0.808
    -0.201    -0.160     0.966
     0.284    -0.183     0.941
    -0.024    -0.151     0.988
     0.900     0.101     0.425
     0.538    -0.180     0.823
     0.328    -0.105     0.939
     0.425    -0.623     0.657
     0.496    -0.218     0.841
     0.372    -0.330     0.867
     0.841    -0.524     0.131
     0.800    -0.554     0.231
     0.567    -0.216     0.795
     0.361    -0.733     0.576
     0.411    -0.691     0.595
     0.717    -0.235     0.656
    -0.074    -0.414     0.907
     0.269    -0.520     0.811
     0.402    -0.899     0.174
     0.886    -0.290     0.361
     0.124    -0.901     0.417
     0.216    -0.262     0.941
     0.609     0.037     0.793
     0.579    -0.720     0.382
     0.695    -0.357     0.624
     0.202    -0.747     0.633
    -0.048    -0.402     0.914
     0.485    -0.620     0.616
     0.471    -0.359     0.806
     0.262    -0.472     0.842
     0.630     0.027     0.776
     0.405    -0.328     0.853
     0.365    -0.472     0.802
     0.714    -0.683     0.155
     0.633    -0.138     0.762
    -0.151    -0.531     0.834
    -0.165    -0.408     0.898
     0.463     0.124     0.878
     0.400    -0.422     0.814
     0.023    -0.501     0.865
     0.297    -0.664     0.687
     0.470    -0.766     0.440
     0.752    -0.131     0.645
     0.566    -0.292     0.771
     0.216    -0.416     0.883
     0.480    -0.575     0.662
     0.368    -0.569     0.735
     0.248    -0.803     0.542
     0.243    -0.142     0.959
     0.450    -0.631     0.632
     0.540    -0.614     0.576
     0.425    -0.744     0.516
     0.169    -0.600     0.782
     0.130    -0.155     0.979
    -0.037    -0.375     0.926
     0.444    -0.861     0.247
     0.110    -0.306     0.946
     0.330    -0.597     0.732
     0.275    -0.518     0.810
     0.206     0.238     0.949
     0.597    -0.748     0.290
     0.826    -0.343     0.448
     0.245    -0.585     0.773
     0.557    -0.482     0.677
     0.037    -0.827     0.561
     0.502    -0.539     0.676
     0.353    -0.300     0.886
     0.569    -0.297     0.767
     0.863    -0.419     0.284
     0.475    -0.278     0.835
     0.529    -0.654     0.541
     0.765    -0.540     0.351
     0.769    -0.367     0.523
     0.589    -0.284     0.757
     0.405    -0.652     0.641
     0.618    -0.567     0.544
     0.614    -0.518     0.595
     0.012    -0.132     0.991
     0.666    -0.462     0.585
     0.490    -0.702     0.517
     0.349    -0.412     0.842
     0.328    -0.454     0.829
    -0.353    -0.670     0.653
     0.601    -0.385     0.700
     0.279    -0.565     0.776
     0.336    -0.226     0.914
     0.450    -0.702     0.552
     0.762    -0.373     0.529
     0.651     0.370     0.662
     0.249    -0.780     0.574
     0.898    -0.286     0.333
     0.542    -0.588     0.601
     0.625    -0.744     0.236
     0.492    -0.734     0.469
     0.906    -0.399     0.142
     0.507    -0.605     0.614
     0.205    -0.603     0.771
     0.135    -0.550     0.824
     0.389    -0.078     0.918
     0.625    -0.391     0.676
     0.214     0.107     0.971
     0.242    -0.656     0.715
     0.828    -0.289     0.481
     0.503    -0.318     0.803
     0.648    -0.110     0.754
    -0.101    -0.442     0.891
     0.654    -0.640     0.403
     0.179    -0.438     0.881
     0.535    -0.478     0.697
     0.695    -0.552     0.460
     0.519     0.134     0.844
     0.437    -0.528     0.728
    -0.034     0.041     0.999
     0.329    -0.145     0.933
     0.539    -0.350     0.766
     0.647    -0.573     0.503
     0.627    -0.275     0.729
     0.651    -0.480     0.588
     0.069    -0.526     0.848
     0.383    -0.779     0.497
     0.376    -0.475     0.796
     0.520    -0.104     0.848
     0.700    -0.489     0.521
     0.399    -0.460     0.793
     0.140    -0.007     0.990
     0.598    -0.188     0.779
     0.306    -0.463     0.832
     0.328    -0.914     0.240
    -0.088    -0.173     0.981
     0.700    -0.620     0.354
     0.528    -0.586     0.614
    -0.302    -0.298     0.906
     0.148    -0.852     0.503
     0.217    -0.486     0.847
     0.782    -0.386     0.490
     0.464    -0.115     0.878
     0.577    -0.599     0.554
     0.525    -0.240     0.817
    -0.238    -0.708     0.665
     0.567    -0.403     0.718
    -0.045    -0.290     0.956
     0.652    -0.610     0.451
    -0.097    -0.423     0.901
     0.564    -0.345     0.750
     0.832    -0.006     0.554
     0.695    -0.641     0.325
     0.598     0.103     0.795
     0.448    -0.179     0.876
     0.728     0.115     0.676
    -0.345    -0.224     0.912
     0.179    -0.242     0.953
     0.543    -0.451     0.708
     0.154    -0.655     0.739
     0.161    -0.354     0.921
     0.362    -0.109     0.926
     0.272    -0.455     0.848
     0.487    -0.456     0.745
     0.726    -0.324     0.606
     0.391    -0.388     0.835
     0.730    -0.530     0.432
     0.279    -0.621     0.732
     0.430    -0.894     0.128
    -0.251    -0.596     0.763
     0.808    -0.165     0.565
     0.505    -0.379     0.776
     0.515    -0.264     0.816
     0.355    -0.591     0.724
     0.513    -0.108     0.852
     0.620    -0.654     0.434
     0.477    -0.571     0.668
     0.087    -0.627     0.774
     0.409    -0.135     0.903
     0.538    -0.464     0.704
     0.406    -0.728     0.553
     0.661    -0.558     0.502
     0.509    -0.353     0.785
     0.574    -0.587     0.571
     0.256    -0.847     0.465
     0.223    -0.423     0.878
    -0.307    -0.357     0.883
     0.430    -0.574     0.697
     0.430    -0.534     0.728
     0.339    -0.226     0.913
     0.843    -0.481     0.240
     0.751    -0.488     0.445
     0.462    -0.537     0.705
     0.376    -0.306     0.875
     0.058    -0.747     0.663
     0.392    -0.732     0.557
     0.718    -0.297     0.629
     0.372    -0.413     0.831
     0.143    -0.567     0.811
     0.271    -0.738     0.618
     0.758    -0.277     0.590
     0.125    -0.301     0.945
     0.563    -0.271     0.781
     0.140    -0.744     0.654
     0.610    -0.779     0.145
     0.780    -0.018     0.626
    -0.335    -0.588     0.736
     0.681    -0.646     0.345
     0.737    -0.460     0.495
     0.269    -0.760     0.591
     0.610    -0.511     0.606
     0.388    -0.243     0.889
     0.004    -0.319     0.948
     0.440    -0.517     0.734
     0.120    -0.144     0.982
     0.218    -0.673     0.707
     0.561    -0.631     0.536
     0.207    -0.117     0.971
    -0.012    -0.598     0.801
     0.465     0.053     0.884
     0.356    -0.243     0.902
     0.192    -0.570     0.799
     0.548    -0.812     0.200
     0.217    -0.541     0.812
     0.974    -0.088     0.211
     0.380    -0.769     0.513
     0.879    -0.256     0.402
     0.290    -0.071     0.955
     0.601    -0.240     0.762
     0.578    -0.763     0.289
     0.366    -0.639     0.676
     0.338    -0.297     0.893
     0.584    -0.577     0.571
     0.538    -0.490     0.686
     0.691    -0.298     0.658
     0.623    -0.079     0.779
     0.666    -0.524     0.530
     0.448    -0.512     0.733
     0.474    -0.470     0.745
     0.706    -0.566     0.426
     0.498    -0.616     0.610
     0.566    -0.519     0.641
     0.896     0.057     0.441
     0.230    -0.744     0.627
     0.143    -0.629     0.764
     0.582    -0.248     0.775
     0.343    -0.173     0.923
     0.595    -0.282     0.752
     0.167    -0.719     0.675
     0.822    -0.375     0.428
     0.413    -0.535     0.737
     0.083    -0.474     0.877
     0.451    -0.289     0.845
     0.242    -0.780     0.576
     0.234    -0.938     0.255
     0.473    -0.615     0.630
     0.312    -0.612     0.726
     0.449    -0.574     0.685
     0.473    -0.394     0.788
     0.342    -0.257     0.904
     0.391     0.183     0.902
     0.270    -0.474     0.838
     0.327    -0.421     0.846
     0.558    -0.341     0.756
     0.787    -0.122     0.605
     0.691    -0.094     0.716
     0.453    -0.523     0.722
     0.390    -0.586     0.710
     0.654     0.043     0.755
     0.589    -0.167     0.790
     0.253     0.041     0.967
     0.583    -0.763     0.280
     0.886    -0.257     0.386
     0.646    -0.400     0.650
     0.327    -0.208     0.922
     0.186    -0.534     0.825
     0.471    -0.309     0.826
    -0.008    -0.646     0.763
     0.557    -0.436     0.707
     0.519    -0.412     0.749
     0.479    -0.048     0.877
     0.508    -0.137     0.850
     0.260     0.009     0.966
     0.246     0.058     0.967
     0.297    -0.627     0.721
     0.497    -0.643     0.582
     0.622    -0.741     0.252
     0.485    -0.323     0.813
    -0.148    -0.681     0.717
     0.141    -0.559     0.817
     0.899    -0.197     0.391
     0.696    -0.631     0.342
     0.173    -0.409     0.896
     0.305    -0.330     0.893
     0.255    -0.558     0.790
     0.658    -0.421     0.625
     0.562     0.290     0.775
     0.691    -0.158     0.706
     0.271    -0.516     0.812
     0.284    -0.355     0.891
     0.295    -0.134     0.946
     0.115    -0.414     0.903
     0.573    -0.072     0.816
     0.425    -0.446     0.788
    -0.126     0.060     0.990
     0.859    -0.136     0.493
     0.277    -0.337     0.900
     0.827    -0.057     0.559
     0.406    -0.886     0.223
     0.406    -0.673     0.618
     0.247    -0.312     0.918
     0.428    -0.481     0.765
     0.395    -0.356     0.847
     0.348    -0.499     0.794
    -0.140    -0.388     0.911
     0.026    -0.171     0.985
    -0.265    -0.460     0.847
     0.066    -0.028     0.997
     0.546    -0.469     0.695
     0.709    -0.706     0.003
     0.675    -0.219     0.705
     0.740     0.047     0.671
     0.472    -0.264     0.841
     0.422    -0.755     0.503
     0.783    -0.099     0.614
     0.449    -0.666     0.596
     0.281    -0.603     0.747
     0.142    -0.474     0.869
     0.287     0.023     0.958
     0.584     0.038     0.811
     0.142     0.235     0.962
     0.617    -0.458     0.640
     0.663    -0.743     0.094
     0.674    -0.547     0.496
    -0.231    -0.481     0.846
    -0.313    -0.649     0.693
     0.592    -0.363     0.719
     0.395    -0.497     0.772
     0.359    -0.229     0.905
     0.489    -0.717     0.497
     0.612    -0.226     0.758
     0.417    -0.302     0.857
     0.544     0.473     0.693
     0.898     0.082     0.431
     0.556    -0.256     0.791
     0.292    -0.733     0.614
     0.444    -0.266     0.856
     0.430    -0.584     0.688
     0.193    -0.221     0.956
     0.403    -0.362     0.841
     0.451    -0.857     0.251
     0.770    -0.597     0.226
     0.901    -0.304     0.309
     0.284    -0.656     0.699
     0.692    -0.216     0.688
     0.642    -0.243     0.727
