    -0.016     0.695     0.719
     0.148     0.626     0.766
     0.101     0.570     0.815
     0.080     0.575     0.814
    -0.047     0.648     0.760
    -0.029     0.724     0.689
     0.142     0.621     0.771
     0.052     0.621     0.782
     0.136     0.496     0.857
    -0.112     0.598     0.794
     0.058     0.685     0.726
     0.022     0.593     0.805
     0.058     0.569     0.820
     0.106     0.600     0.793
    -0.049     0.622     0.782
     0.037     0.673     0.739
    -0.018     0.702     0.711
     0.090     0.633     0.769
    -0.030     0.636     0.771
    -0.075     0.631     0.772
     0.055     0.563     0.825
     0.137     0.653     0.745
    -0.084     0.617     0.782
    -0.054     0.604     0.795
     0.048     0.608     0.793
     0.031     0.577     0.816
    -0.021     0.582     0.813
     0.029     0.646     0.763
     0.032     0.617     0.787
     0.028     0.587     0.809
     0.034     0.595     0.803
    -0.046     0.668     0.742
    -0.042     0.645     0.763
     0.006     0.628     0.778
    -0.056     0.619     0.784
     0.059     0.690     0.722
     0.058     0.661     0.748
    -0.006     0.666     0.746
    -0.095     0.668     0.738
    -0.006     0.699     0.715
     0.010     0.671     0.741
    -0.043     0.617     0.786
     0.061     0.564     0.823
    -0.020     0.558     0.829
    -0.033     0.751     0.659
     0.057     0.648     0.760
    -0.014     0.585     0.811
    -0.140     0.700     0.700
     0.052     0.686     0.726
    -0.024     0.688     0.725
     0.000     0.723     0.691
    -0.058     0.743     0.667
     0.053     0.640     0.766
    -0.069     0.695     0.716
     0.215     0.528     0.822
     0.159     0.648     0.745
     0.088     0.643     0.761
    -0.125     0.661     0.740
    -0.012     0.556     0.831
    -0.005     0.588     0.809
     0.062     0.568     0.820
    -0.024     0.713     0.700
     0.014     0.631     0.776
     0.101     0.550     0.829
     0.152     0.617     0.772
     0.038     0.586     0.809
     0.083     0.638     0.765
     0.106     0.626     0.772
     0.100     0.658     0.747
     0.054     0.611     0.790
    -0.021     0.688     0.726
    -0.068     0.642     0.764
     0.029     0.609     0.793
    -0.062     0.634     0.771
     0.017     0.653     0.757
     0.003     0.588     0.809
     0.057     0.682     0.729
     0.091     0.583     0.807
     0.155     0.639     0.754
     0.041     0.531     0.847
     0.065     0.693     0.718
    -0.151     0.586     0.796
     0.079     0.604     0.793
    -0.142     0.575     0.805
     0.073     0.694     0.717
     0.038     0.657     0.753
    -0.141     0.569     0.810
     0.082     0.721     0.688
     0.074     0.614     0.786
     0.165     0.617     0.770
     0.072     0.661     0.747
    -0.034     0.535     0.844
     0.076     0.619     0.782
    -0.039     0.753     0.657
    -0.058     0.621     0.782
     0.043     0.691     0.721
     0.120     0.556     0.823
     0.072     0.715     0.695
    -0.076     0.593     0.802
     0.153     0.628     0.763
    -0.079     0.672     0.737
    -0.024     0.623     0.782
     0.062     0.695     0.717
    -0.083     0.594     0.800
     0.004     0.582     0.813
    -0.085     0.526     0.846
    -0.080     0.643     0.762
    -0.002     0.660     0.752
     0.053     0.649     0.759
    -0.049     0.550     0.834
     0.170     0.653     0.738
    -0.037     0.574     0.818
     0.116     0.591     0.799
     0.135     0.599     0.789
     0.036     0.630     0.775
    -0.061     0.634     0.771
    -0.014     0.651     0.759
    -0.045     0.616     0.786
     0.174     0.654     0.736
     0.105     0.634     0.766
     0.145     0.585     0.798
     0.077     0.521     0.850
     0.039     0.657     0.753
     0.084     0.661     0.746
     0.059     0.660     0.749
     0.033     0.725     0.688
     0.080     0.600     0.796
    -0.035     0.692     0.721
     0.145     0.617     0.774
    -0.012     0.624     0.782
    -0.076     0.622     0.779
    -0.026     0.676     0.736
    -0.026     0.688     0.725
     0.089     0.571     0.816
     0.021     0.658     0.753
    -0.052     0.682     0.730
     0.038     0.590     0.807
     0.085     0.607     0.790
    -0.020     0.578     0.816
    -0.041     0.601     0.798
     0.145     0.641     0.754
     0.033     0.715     0.699
     0.130     0.622     0.772
     0.181     0.605     0.775
     0.065     0.697     0.714
     0.209     0.675     0.708
     0.102     0.544     0.833
     0.053     0.627     0.777
    -0.008     0.599     0.801
     0.111     0.563     0.819
     0.112     0.592     0.798
    -0.017     0.649     0.760
     0.019     0.525     0.851
     0.068     0.620     0.781
     0.009     0.615     0.789
    -0.157     0.676     0.720
    -0.073     0.558     0.827
     0.097     0.539     0.837
    -0.105     0.573     0.813
     0.088     0.554     0.828
    -0.065     0.579     0.813
     0.031     0.554     0.832
     0.013     0.624     0.781
     0.145     0.570     0.809
     0.028     0.590     0.807
    -0.079     0.663     0.745
    -0.024     0.730     0.683
    -0.051     0.589     0.807
    -0.048     0.630     0.775
    -0.025     0.485     0.874
     0.007     0.683     0.731
     0.094     0.654     0.751
     0.104     0.678     0.727
     0.061     0.558     0.828
     0.163     0.609     0.776
     0.012     0.516     0.857
     0.076     0.502     0.862
     0.030     0.643     0.766
     0.003     0.646     0.763
     0.084     0.604     0.792
     0.039     0.684     0.729
     0.067     0.649     0.758
    -0.144     0.624     0.768
     0.122     0.549     0.827
    -0.051     0.644     0.764
    -0.119     0.685     0.719
     0.147     0.619     0.771
     0.258     0.595     0.761
    -0.006     0.584     0.811
     0.141     0.660     0.738
    -0.030     0.528     0.849
    -0.083     0.645     0.760
     0.020     0.633     0.774
     0.110     0.699     0.706
     0.052     0.700     0.712
    -0.033     0.672     0.740
     0.021     0.621     0.783
     0.031     0.641     0.767
    -0.028     0.656     0.754
    -0.034     0.652     0.758
     0.128     0.614     0.779
     0.132     0.611     0.781
    -0.026     0.578     0.816
    -0.007     0.698     0.716
     0.079     0.632     0.771
     0.040     0.661     0.749
    -0.092     0.675     0.732
    -0.083     0.682     0.726
     0.014     0.564     0.826
     0.090     0.750     0.656
     0.094     0.575     0.813
    -0.061     0.530     0.846
    -0.074     0.750     0.657
     0.125     0.608     0.784
    -0.016     0.715     0.699
     0.062     0.626     0.778
    -0.016     0.624     0.781
    -0.066     0.631     0.773
     0.077     0.667     0.741
     0.040     0.546     0.837
    -0.038     0.645     0.763
     0.114     0.658     0.744
     0.123     0.599     0.791
     0.037     0.639     0.769
    -0.017     0.731     0.682
     0.059     0.607     0.793
     0.056     0.680     0.731
     0.235     0.576     0.783
    -0.036     0.492     0.870
    -0.055     0.600     0.798
    -0.042     0.602     0.798
    -0.150     0.572     0.807
     0.009     0.582     0.813
    -0.036     0.604     0.796
     0.093     0.701     0.708
     0.042     0.665     0.745
    -0.095     0.571     0.815
     0.047     0.595     0.802
     0.222     0.645     0.731
    -0.057     0.659     0.750
    -0.010     0.629     0.777
     0.039     0.597     0.801
     0.146     0.671     0.727
    -0.092     0.619     0.780
     0.135     0.581     0.803
     0.104     0.645     0.757
     0.202     0.495     0.845
     0.153     0.548     0.823
     0.179     0.570     0.802
     0.026     0.626     0.780
     0.097     0.661     0.744
     0.133     0.620     0.773
    -0.092     0.678     0.729
    -0.081     0.656     0.751
     0.051     0.632     0.773
     0.124     0.658     0.743
    -0.175     0.654     0.736
    -0.077     0.635     0.768
     0.123     0.505     0.854
    -0.042     0.603     0.796
    -0.058     0.696     0.716
    -0.118     0.620     0.776
    -0.021     0.639     0.769
     0.055     0.649     0.758
     0.050     0.652     0.757
     0.046     0.541     0.840
     0.085     0.615     0.784
     0.092     0.711     0.698
     0.043     0.605     0.795
     0.158     0.685     0.712
     0.068     0.543     0.837
    -0.033     0.619     0.785
     0.033     0.674     0.738
     0.102     0.662     0.742
    -0.005     0.685     0.729
     0.143     0.691     0.708
    -0.091     0.603     0.792
     0.036     0.743     0.668
     0.010     0.694     0.720
     0.023     0.605     0.796
     0.012     0.644     0.765
     0.040     0.632     0.774
    -0.009     0.635     0.773
     0.105     0.624     0.774
     0.081     0.633     0.770
    -0.010     0.684     0.729
    -0.081     0.643     0.762
    -0.022     0.698     0.715
     0.070     0.721     0.689
     0.056     0.644     0.763
    -0.080     0.740     0.667
    -0.031     0.631     0.775
     0.121     0.664     0.738
     0.070     0.718     0.693
     0.004     0.654     0.756
     0.119     0.664     0.738
    -0.029     0.557     0.830
    -0.040     0.668     0.743
    -0.018     0.667     0.745
     0.028     0.609     0.793
     0.028     0.609     0.793
    -0.043     0.649     0.759
     0.041     0.679     0.733
     0.061     0.715     0.697
     0.006     0.636     0.772
     0.039     0.671     0.740
     0.031     0.548     0.836
     0.155     0.635     0.757
     0.044     0.546     0.837
    -0.026     0.647     0.762
    -0.020     0.668     0.744
     0.069     0.763     0.643
     0.064     0.575     0.816
    -0.114     0.644     0.756
     0.016     0.679     0.734
     0.071     0.597     0.799
    -0.048     0.615     0.787
    -0.013     0.635     0.772
    -0.058     0.690     0.721
    -0.096     0.650     0.754
     0.020     0.710     0.704
     0.163     0.622     0.766
     0.011     0.570     0.822
     0.099     0.672     0.734
     0.021     0.636     0.772
     0.166     0.545     0.822
    -0.036     0.692     0.721
     0.057     0.685     0.727
     0.096     0.637     0.765
    -0.047     0.544     0.837
     0.059     0.663     0.746
    -0.133     0.536     0.833
     0.136     0.689     0.712
     0.030     0.576     0.817
     0.244     0.693     0.679
    -0.005     0.599     0.801
     0.049     0.664     0.746
    -0.070     0.550     0.832
     0.116     0.588     0.800
    -0.047     0.556     0.830
     0.002     0.625     0.781
    -0.145     0.596     0.790
     0.116     0.596     0.795
    -0.060     0.698     0.714
    -0.011     0.568     0.823
    -0.050     0.628     0.776
     0.075     0.552     0.830
     0.053     0.579     0.814
    -0.064     0.645     0.762
    -0.043     0.500     0.865
     0.204     0.645     0.736
     0.056     0.662     0.747
     0.040     0.679     0.733
    -0.052     0.694     0.718
     0.048     0.581     0.813
     0.057     0.570     0.819
     0.051     0.606     0.793
    -0.008     0.624     0.781
    -0.029     0.712     0.701
     0.124     0.611     0.782
     0.040     0.698     0.715
     0.042     0.640     0.767
     0.081     0.583     0.809
     0.040     0.708     0.705
     0.022     0.602     0.799
     0.089     0.691     0.718
    -0.091     0.626     0.775
     0.040     0.670     0.742
    -0.048     0.705     0.708
     0.127     0.719     0.683
     0.085     0.599     0.796
     0.043     0.560     0.827
    -0.089     0.603     0.792
     0.030     0.599     0.800
    -0.069     0.622     0.780
     0.104     0.712     0.695
    -0.081     0.664     0.743
     0.080     0.652     0.754
    -0.011     0.651     0.759
     0.069     0.612     0.788
    -0.037     0.635     0.772
     0.079     0.682     0.727
    -0.028     0.587     0.809
     0.069     0.637     0.768
     0.035     0.700     0.713
    -0.022     0.664     0.748
    -0.017     0.672     0.740
     0.077     0.669     0.739
     0.039     0.557     0.829
     0.125     0.664     0.737
     0.060     0.601     0.797
     0.010     0.675     0.737
     0.034     0.595     0.803
     0.053     0.613     0.788
     0.094     0.623     0.777
    -0.068     0.579     0.812
     0.045     0.639     0.768
     0.032     0.535     0.844
    -0.068     0.698     0.713
     0.145     0.599     0.787
     0.077     0.734     0.674
     0.071     0.641     0.764
     0.075     0.503     0.861
     0.039     0.583     0.812
    -0.031     0.751     0.659
     0.116     0.681     0.723
    -0.002     0.679     0.734
     0.025     0.614     0.789
     0.098     0.658     0.746
    -0.131     0.591     0.796
    -0.038     0.603     0.797
     0.047     0.581     0.813
     0.111     0.717     0.688
    -0.104     0.531     0.841
    -0.129     0.567     0.814
    -0.125     0.674     0.728
     0.076     0.714     0.696
     0.027     0.631     0.775
     0.110     0.598     0.794
     0.044     0.608     0.793
    -0.025     0.638     0.770
    -0.026     0.572     0.820
    -0.058     0.583     0.810
     0.048     0.662     0.748
     0.087     0.724     0.684
     0.157     0.621     0.768
     0.108     0.699     0.707
    -0.011     0.547     0.837
    -0.011     0.617     0.787
     0.069     0.655     0.752
     0.074     0.673     0.736
     0.093     0.751     0.654
     0.019     0.666     0.746
    -0.066     0.590     0.805
    -0.025     0.646     0.763
     0.025     0.608     0.793
    -0.054     0.606     0.794
     0.069     0.641     0.765
     0.098     0.628     0.772
     0.078     0.660     0.747
     0.044     0.682     0.730
     0.052     0.688     0.724
     0.057     0.657     0.752
     0.120     0.594     0.796
    -0.093     0.648     0.756
     0.084     0.681     0.727
     0.116     0.530     0.840
     0.040     0.666     0.744
    -0.026     0.662     0.749
    -0.044     0.567     0.822
    -0.067     0.655     0.752
     0.067     0.650     0.757
     0.116     0.624     0.773
    -0.035     0.651     0.758
    -0.034     0.586     0.810
    -0.116     0.698     0.707
     0.126     0.589     0.798
    -0.115     0.653     0.749
     0.050     0.573     0.818
     0.064     0.642     0.764
     0.012     0.596     0.803
     0.069     0.671     0.738
     0.085     0.486     0.870
     0.068     0.624     0.779
    -0.024     0.652     0.758
    -0.064     0.730     0.680
     0.065     0.704     0.708
     0.042     0.651     0.758
     0.065     0.590     0.805
    -0.097     0.684     0.723
     0.014     0.639     0.769
    -0.068     0.600     0.797
     0.026     0.607     0.795
     0.009     0.572     0.820
    -0.039     0.474     0.880
     0.149     0.651     0.744
     0.039     0.661     0.750
     0.057     0.677     0.733
     0.071     0.574     0.816
    -0.038     0.637     0.770
     0.084     0.627     0.775
    -0.065     0.669     0.741
    -0.030     0.619     0.785
    -0.078     0.548     0.833
    -0.003     0.633     0.774
     0.095     0.670     0.736
     0.088     0.686     0.722
    -0.074     0.563     0.823
     0.134     0.616     0.776
     0.004     0.606     0.795
    -0.042     0.720     0.693
    -0.025     0.724     0.690
     0.138     0.727     0.672
     0.145     0.479     0.866
     0.106     0.590     0.800
    -0.011     0.634     0.773
    -0.064     0.661     0.748
    -0.008     0.699     0.715
     0.065     0.569     0.820
    -0.025     0.576     0.817
     0.031     0.669     0.743
    -0.082     0.599     0.796
     0.021     0.611     0.791
    -0.032     0.624     0.781
     0.033     0.522     0.852
    -0.019     0.604     0.796
     0.081     0.676     0.733
     0.115     0.593     0.797
     0.015     0.597     0.802
    -0.088     0.621     0.779
    -0.065     0.724     0.687
     0.030     0.568     0.822
     0.050     0.717     0.695
     0.105     0.653     0.750
     0.019     0.695     0.719
    -0.058     0.559     0.827
     0.003     0.480     0.877
     0.053     0.679     0.732
     0.012     0.620     0.785
    -0.045     0.708     0.705
     0.048     0.660     0.750
     0.021     0.562     0.827
     0.059     0.662     0.747
     0.127     0.544     0.830
    -0.019     0.560     0.829
     0.024     0.608     0.793
    -0.005     0.576     0.818
     0.047     0.642     0.765
     0.058     0.557     0.828
     0.050     0.683     0.729
     0.086     0.675     0.733
     0.104     0.567     0.817
     0.007     0.711     0.703
    -0.044     0.619     0.785
     0.123     0.658     0.743
    -0.063     0.610     0.790
     0.072     0.663     0.745
     0.055     0.598     0.799
     0.049     0.671     0.740
    -0.071     0.696     0.714
    -0.026     0.699     0.715
     0.070     0.681     0.729
     0.073     0.575     0.815
     0.051     0.672     0.739
    -0.029     0.524     0.851
     0.064     0.628     0.776
    -0.080     0.632     0.771
     0.132     0.595     0.793
     0.095     0.704     0.704
     0.044     0.633     0.773
    -0.005     0.599     0.801
     0.003     0.473     0.881
     0.141     0.666     0.733
    -0.030     0.752     0.658
    -0.021     0.632     0.775
    -0.074     0.692     0.719
     0.127     0.665     0.736
     0.135     0.727     0.674
     0.115     0.671     0.732
     0.045     0.602     0.797
     0.150     0.630     0.762
     0.105     0.555     0.825
     0.164     0.490     0.856
    -0.074     0.598     0.798
    -0.050     0.621     0.782
    -0.154     0.625     0.765
     0.005     0.679     0.734
     0.048     0.676     0.735
     0.065     0.642     0.764
     0.205     0.541     0.816
    -0.138     0.644     0.752
     0.013     0.602     0.798
     0.136     0.730     0.670
     0.015     0.548     0.837
    -0.019     0.652     0.758
    -0.006     0.769     0.639
     0.009     0.629     0.777
     0.049     0.685     0.727
     0.043     0.656     0.754
    -0.008     0.546     0.838
    -0.081     0.588     0.805
     0.064     0.674     0.736
    -0.002     0.559     0.829
    -0.003     0.627     0.779
     0.102     0.707     0.700
     0.017     0.629     0.777
     0.171     0.658     0.733
    -0.020     0.646     0.763
    -0.005     0.673     0.740
     0.013     0.587     0.810
     0.146     0.613     0.776
    -0.056     0.638     0.768
    -0.112     0.722     0.683
     0.069     0.725     0.685
     0.025     0.501     0.865
    -0.058     0.600     0.798
     0.002     0.661     0.750
    -0.091     0.645     0.759
    -0.024     0.677     0.736
     0.107     0.658     0.745
     0.040     0.479     0.877
    -0.100     0.675     0.731
     0.090     0.704     0.704
     0.020     0.709     0.705
    -0.076     0.753     0.653
    -0.050     0.605     0.795
     0.040     0.669     0.742
     0.093     0.670     0.737
     0.182     0.645     0.742
    -0.012     0.644     0.765
    -0.085     0.644     0.760
    -0.020     0.683     0.730
     0.137     0.646     0.751
     0.084     0.703     0.706
     0.052     0.651     0.757
     0.047     0.675     0.736
     0.091     0.693     0.715
     0.172     0.600     0.781
     0.047     0.600     0.799
     0.079     0.658     0.749
    -0.035     0.644     0.764
     0.012     0.524     0.852
     0.164     0.624     0.764
    -0.065     0.596     0.800
    -0.040     0.666     0.745
     0.108     0.657     0.747
    -0.014     0.701     0.713
     0.059     0.635     0.770
    -0.006     0.629     0.777
     0.094     0.644     0.759
    -0.019     0.530     0.848
     0.057     0.595     0.802
     0.091     0.700     0.709
    -0.070     0.674     0.735
     0.010     0.701     0.713
    -0.103     0.732     0.673
    -0.084     0.656     0.750
     0.021     0.577     0.817
     0.038     0.649     0.760
     0.031     0.597     0.802
    -0.091     0.564     0.821
     0.058     0.546     0.836
    -0.064     0.631     0.773
    -0.076     0.605     0.793
     0.034     0.695     0.718
     0.188     0.602     0.776
     0.106     0.675     0.730
     0.142     0.653     0.744
     0.064     0.600     0.797
     0.018     0.635     0.772
     0.028     0.686     0.727
     0.081     0.701     0.708
     0.045     0.727     0.685
    -0.061     0.661     0.748
     0.009     0.639     0.769
     0.003     0.677     0.736
     0.022     0.693     0.720
     0.031     0.689     0.724
     0.082     0.711     0.698
     0.129     0.673     0.729
     0.019     0.617     0.787
    -0.021     0.588     0.808
     0.118     0.692     0.713
    -0.011     0.729     0.684
    -0.045     0.668     0.742
    -0.054     0.691     0.721
     0.154     0.580     0.800
