     0.464    -0.573    -0.676
     0.311    -0.570    -0.761
     0.420    -0.709    -0.566
     0.316    -0.545    -0.776
     0.180    -0.600    -0.779
     0.439    -0.523    -0.731
     0.377    -0.495    -0.783
     0.270    -0.694    -0.668
     0.323    -0.494    -0.807
     0.322    -0.510    -0.798
     0.642    -0.314    -0.699
     0.527    -0.592    -0.610
     0.428    -0.553    -0.715
     0.304    -0.652    -0.694
     0.373    -0.677    -0.634
     0.345    -0.840    -0.418
     0.462    -0.749    -0.476
     0.382    -0.705    -0.598
     0.342    -0.383    -0.858
     0.598    -0.506    -0.622
     0.509    -0.594    -0.623
     0.562    -0.653    -0.508
     0.362    -0.713    -0.600
     0.222    -0.588    -0.778
     0.370    -0.676    -0.637
     0.382    -0.633    -0.673
     0.455    -0.619    -0.641
     0.200    -0.586    -0.785
     0.367    -0.694    -0.620
     0.513    -0.444    -0.734
     0.349    -0.727    -0.591
     0.472    -0.642    -0.605
     0.653    -0.404    -0.640
     0.645    -0.585    -0.492
     0.250    -0.685    -0.684
     0.498    -0.467    -0.731
     0.455    -0.347    -0.820
     0.389    -0.680    -0.622
     0.359    -0.580    -0.732
     0.600    -0.546    -0.585
     0.599    -0.505    -0.622
     0.625    -0.653    -0.427
     0.515    -0.536    -0.669
     0.595    -0.623    -0.508
     0.437    -0.554    -0.709
     0.589    -0.521    -0.618
     0.578    -0.554    -0.598
     0.397    -0.575    -0.716
     0.474    -0.449    -0.758
     0.273    -0.503    -0.820
     0.433    -0.518    -0.738
     0.471    -0.261    -0.843
     0.246    -0.779    -0.577
     0.362    -0.578    -0.731
     0.594    -0.484    -0.643
     0.494    -0.342    -0.800
     0.586    -0.532    -0.611
     0.500    -0.660    -0.560
     0.341    -0.554    -0.759
     0.455    -0.593    -0.664
     0.457    -0.630    -0.628
     0.484    -0.590    -0.645
     0.423    -0.577    -0.698
     0.414    -0.730    -0.544
     0.445    -0.609    -0.656
     0.305    -0.621    -0.722
     0.433    -0.675    -0.598
     0.408    -0.604    -0.685
     0.325    -0.734    -0.596
     0.330    -0.575    -0.749
     0.431    -0.572    -0.698
     0.459    -0.587    -0.667
     0.470    -0.740    -0.481
     0.166    -0.595    -0.787
     0.467    -0.409    -0.784
     0.617    -0.493    -0.614
     0.559    -0.578    -0.595
     0.424    -0.647    -0.634
     0.547    -0.345    -0.762
     0.589    -0.356    -0.725
     0.369    -0.614    -0.698
     0.718    -0.629    -0.296
     0.300    -0.518    -0.801
     0.271    -0.746    -0.609
     0.321    -0.607    -0.727
     0.452    -0.682    -0.575
     0.467    -0.658    -0.590
     0.219    -0.522    -0.825
     0.699    -0.396    -0.596
     0.451    -0.652    -0.609
     0.594    -0.408    -0.693
     0.453    -0.518    -0.726
     0.360    -0.667    -0.652
     0.351    -0.566    -0.746
     0.410    -0.538    -0.737
     0.290    -0.809    -0.511
     0.460    -0.474    -0.751
     0.552    -0.276    -0.787
     0.806    -0.322    -0.497
     0.442    -0.634    -0.635
     0.648    -0.615    -0.449
     0.205    -0.632    -0.748
     0.825    -0.452    -0.338
     0.491    -0.465    -0.737
     0.522    -0.628    -0.577
     0.435    -0.479    -0.763
     0.422    -0.665    -0.616
     0.713    -0.471    -0.519
     0.255    -0.631    -0.733
     0.616    -0.361    -0.700
     0.552    -0.521    -0.651
     0.483    -0.614    -0.624
     0.341    -0.465    -0.817
     0.564    -0.571    -0.596
     0.515    -0.702    -0.492
     0.734    -0.578    -0.356
     0.487    -0.538    -0.688
     0.301    -0.449    -0.841
     0.369    -0.496    -0.786
     0.689    -0.342    -0.640
     0.286    -0.620    -0.731
     0.562    -0.366    -0.742
     0.597    -0.583    -0.551
     0.303    -0.635    -0.710
     0.246    -0.710    -0.660
     0.251    -0.266    -0.930
     0.136    -0.529    -0.838
     0.563    -0.611    -0.556
     0.510    -0.505    -0.696
     0.491    -0.495    -0.717
     0.355    -0.575    -0.737
     0.357    -0.682    -0.639
     0.145    -0.661    -0.736
     0.385    -0.670    -0.635
     0.371    -0.623    -0.689
     0.502    -0.531    -0.682
     0.569    -0.458    -0.683
     0.413    -0.420    -0.808
     0.361    -0.525    -0.771
     0.385    -0.566    -0.729
     0.343    -0.583    -0.737
     0.405    -0.611    -0.681
     0.539    -0.589    -0.602
     0.392    -0.766    -0.510
     0.431    -0.462    -0.775
     0.552    -0.556    -0.622
     0.514    -0.550    -0.659
     0.302    -0.343    -0.890
     0.216    -0.732    -0.646
     0.364    -0.534    -0.764
     0.411    -0.701    -0.583
     0.485    -0.321    -0.814
     0.449    -0.631    -0.633
     0.539    -0.716    -0.444
     0.381    -0.472    -0.795
     0.599    -0.419    -0.682
     0.532    -0.530    -0.661
     0.456    -0.589    -0.667
     0.520    -0.470    -0.713
     0.668    -0.528    -0.525
     0.317    -0.428    -0.846
     0.502    -0.469    -0.726
     0.247    -0.627    -0.738
     0.607    -0.655    -0.450
     0.313    -0.591    -0.744
     0.454    -0.398    -0.797
     0.453    -0.698    -0.554
     0.684    -0.479    -0.550
     0.687    -0.485    -0.541
     0.400    -0.624    -0.671
     0.627    -0.426    -0.653
     0.486    -0.534    -0.692
     0.346    -0.514    -0.784
     0.544    -0.522    -0.657
     0.347    -0.352    -0.869
     0.573    -0.543    -0.614
     0.743    -0.584    -0.326
     0.608    -0.508    -0.611
     0.320    -0.751    -0.578
     0.368    -0.603    -0.708
     0.554    -0.428    -0.714
     0.430    -0.528    -0.733
     0.462    -0.480    -0.746
     0.313    -0.478    -0.821
     0.571    -0.409    -0.711
     0.345    -0.631    -0.694
     0.389    -0.711    -0.586
     0.452    -0.548    -0.704
     0.322    -0.637    -0.700
     0.301    -0.716    -0.630
     0.419    -0.511    -0.751
     0.132    -0.647    -0.751
     0.442    -0.710    -0.548
     0.299    -0.776    -0.555
     0.287    -0.474    -0.832
     0.297    -0.644    -0.705
     0.686    -0.534    -0.494
     0.382    -0.547    -0.745
     0.512    -0.406    -0.757
     0.399    -0.559    -0.727
     0.471    -0.715    -0.518
     0.341    -0.615    -0.711
     0.323    -0.763    -0.559
     0.381    -0.607    -0.697
     0.543    -0.404    -0.736
     0.595    -0.456    -0.662
     0.439    -0.760    -0.479
     0.389    -0.802    -0.453
     0.650    -0.356    -0.672
     0.616    -0.608    -0.502
     0.220    -0.705    -0.674
     0.674    -0.477    -0.564
     0.346    -0.364    -0.865
     0.395    -0.752    -0.528
     0.530    -0.308    -0.790
     0.525    -0.652    -0.548
     0.538    -0.468    -0.701
     0.266    -0.532    -0.804
     0.488    -0.501    -0.714
     0.570    -0.522    -0.635
     0.591    -0.383    -0.710
     0.522    -0.642    -0.561
     0.407    -0.648    -0.644
     0.242    -0.426    -0.872
     0.514    -0.564    -0.646
     0.470    -0.392    -0.791
     0.375    -0.783    -0.497
     0.620    -0.465    -0.632
     0.376    -0.673    -0.637
     0.402    -0.594    -0.697
     0.524    -0.586    -0.617
     0.516    -0.697    -0.498
     0.427    -0.678    -0.599
     0.519    -0.672    -0.528
     0.487    -0.474    -0.733
     0.463    -0.496    -0.735
     0.609    -0.600    -0.519
     0.492    -0.433    -0.755
     0.254    -0.785    -0.564
     0.313    -0.343    -0.886
     0.613    -0.683    -0.396
     0.650    -0.314    -0.692
     0.504    -0.755    -0.421
     0.322    -0.673    -0.665
     0.636    -0.592    -0.495
     0.432    -0.440    -0.787
     0.384    -0.582    -0.717
     0.523    -0.642    -0.560
     0.387    -0.448    -0.806
     0.731    -0.220    -0.646
     0.183    -0.592    -0.785
     0.564    -0.656    -0.501
     0.263    -0.523    -0.811
     0.580    -0.561    -0.591
     0.369    -0.679    -0.635
     0.347    -0.718    -0.603
     0.546    -0.707    -0.449
     0.517    -0.526    -0.675
     0.710    -0.568    -0.416
     0.794    -0.283    -0.538
     0.472    -0.630    -0.617
     0.328    -0.727    -0.604
     0.302    -0.517    -0.801
     0.206    -0.569    -0.796
     0.491    -0.527    -0.694
     0.449    -0.292    -0.844
     0.687    -0.607    -0.399
     0.596    -0.520    -0.612
     0.560    -0.378    -0.738
     0.377    -0.528    -0.761
     0.480    -0.499    -0.721
     0.420    -0.465    -0.780
     0.501    -0.649    -0.573
     0.312    -0.731    -0.607
     0.510    -0.545    -0.665
     0.435    -0.585    -0.684
     0.530    -0.539    -0.655
     0.610    -0.453    -0.651
     0.373    -0.755    -0.539
     0.605    -0.313    -0.732
     0.530    -0.508    -0.679
     0.246    -0.554    -0.795
     0.340    -0.590    -0.732
     0.366    -0.388    -0.846
     0.165    -0.386    -0.908
     0.430    -0.567    -0.703
     0.407    -0.799    -0.443
     0.419    -0.608    -0.675
     0.662    -0.328    -0.674
     0.414    -0.419    -0.808
     0.588    -0.568    -0.576
     0.533    -0.578    -0.618
     0.554    -0.490    -0.673
     0.381    -0.511    -0.771
     0.395    -0.587    -0.707
     0.241    -0.747    -0.619
     0.667    -0.615    -0.421
     0.333    -0.647    -0.686
     0.235    -0.615    -0.752
     0.549    -0.523    -0.653
     0.374    -0.626    -0.685
     0.212    -0.569    -0.795
     0.504    -0.377    -0.777
     0.540    -0.625    -0.564
     0.373    -0.428    -0.823
     0.317    -0.543    -0.777
     0.629    -0.496    -0.599
     0.514    -0.367    -0.776
     0.395    -0.472    -0.788
     0.605    -0.679    -0.416
     0.530    -0.513    -0.676
     0.246    -0.497    -0.832
     0.343    -0.612    -0.713
     0.388    -0.505    -0.771
     0.529    -0.625    -0.574
     0.612    -0.610    -0.503
     0.571    -0.668    -0.477
     0.424    -0.736    -0.528
     0.337    -0.548    -0.766
     0.241    -0.393    -0.887
     0.455    -0.615    -0.644
     0.527    -0.544    -0.653
     0.496    -0.520    -0.695
     0.524    -0.663    -0.535
     0.461    -0.745    -0.483
     0.456    -0.551    -0.699
     0.510    -0.493    -0.705
     0.470    -0.588    -0.658
     0.157    -0.905    -0.396
     0.387    -0.703    -0.596
     0.188    -0.680    -0.709
     0.707    -0.539    -0.458
     0.642    -0.560    -0.524
     0.442    -0.567    -0.695
     0.423    -0.382    -0.821
     0.516    -0.507    -0.691
     0.352    -0.654    -0.669
     0.459    -0.684    -0.567
     0.442    -0.534    -0.721
     0.555    -0.263    -0.789
     0.447    -0.444    -0.776
     0.645    -0.590    -0.485
     0.567    -0.353    -0.744
     0.500    -0.537    -0.679
     0.516    -0.593    -0.618
     0.428    -0.535    -0.728
     0.336    -0.416    -0.845
     0.518    -0.682    -0.516
     0.627    -0.535    -0.566
     0.332    -0.710    -0.621
     0.613    -0.448    -0.651
     0.461    -0.518    -0.721
     0.658    -0.695    -0.290
     0.366    -0.520    -0.772
     0.317    -0.674    -0.667
     0.447    -0.286    -0.848
     0.541    -0.521    -0.660
     0.451    -0.424    -0.785
     0.570    -0.618    -0.542
     0.643    -0.468    -0.606
     0.513    -0.525    -0.680
     0.533    -0.360    -0.766
     0.318    -0.748    -0.583
     0.405    -0.673    -0.618
     0.425    -0.248    -0.871
     0.565    -0.651    -0.508
     0.626    -0.428    -0.652
     0.595    -0.536    -0.599
     0.539    -0.480    -0.692
     0.616    -0.396    -0.681
     0.490    -0.570    -0.659
     0.256    -0.667    -0.700
     0.343    -0.602    -0.721
     0.498    -0.499    -0.709
     0.596    -0.371    -0.713
     0.552    -0.415    -0.723
     0.293    -0.654    -0.697
     0.302    -0.717    -0.629
     0.374    -0.456    -0.808
     0.533    -0.675    -0.511
     0.220    -0.783    -0.582
     0.477    -0.573    -0.667
     0.466    -0.592    -0.658
     0.390    -0.641    -0.661
     0.470    -0.478    -0.742
     0.421    -0.600    -0.680
     0.597    -0.458    -0.659
     0.562    -0.431    -0.706
     0.704    -0.537    -0.465
     0.628    -0.542    -0.558
     0.320    -0.584    -0.746
     0.429    -0.446    -0.786
     0.340    -0.555    -0.759
     0.469    -0.476    -0.744
     0.477    -0.509    -0.716
     0.377    -0.493    -0.784
     0.451    -0.636    -0.626
     0.275    -0.633    -0.724
     0.623    -0.321    -0.713
     0.325    -0.531    -0.783
     0.580    -0.644    -0.498
     0.335    -0.615    -0.714
     0.524    -0.471    -0.710
     0.048    -0.638    -0.769
     0.583    -0.567    -0.583
     0.572    -0.333    -0.750
     0.241    -0.688    -0.684
     0.232    -0.540    -0.809
     0.391    -0.496    -0.775
     0.461    -0.580    -0.672
     0.402    -0.787    -0.468
     0.350    -0.504    -0.789
     0.280    -0.448    -0.849
     0.555    -0.538    -0.635
     0.685    -0.409    -0.603
     0.584    -0.650    -0.486
     0.375    -0.542    -0.752
     0.556    -0.673    -0.489
     0.708    -0.407    -0.578
     0.316    -0.726    -0.611
     0.490    -0.646    -0.586
     0.407    -0.540    -0.737
     0.462    -0.369    -0.806
     0.409    -0.530    -0.743
     0.138    -0.617    -0.775
     0.555    -0.431    -0.712
     0.458    -0.407    -0.791
     0.349    -0.781    -0.517
     0.155    -0.466    -0.871
     0.480    -0.545    -0.687
     0.644    -0.376    -0.666
     0.382    -0.509    -0.771
     0.279    -0.434    -0.857
     0.611    -0.466    -0.639
     0.237    -0.666    -0.708
     0.444    -0.556    -0.702
     0.250    -0.596    -0.763
     0.443    -0.617    -0.650
     0.417    -0.597    -0.686
     0.408    -0.466    -0.785
     0.500    -0.437    -0.748
     0.398    -0.368    -0.840
     0.665    -0.533    -0.522
     0.564    -0.489    -0.666
     0.340    -0.741    -0.579
     0.520    -0.662    -0.539
     0.489    -0.513    -0.705
     0.453    -0.418    -0.787
     0.243    -0.452    -0.858
     0.618    -0.572    -0.539
     0.560    -0.541    -0.627
     0.429    -0.400    -0.810
     0.673    -0.419    -0.609
     0.502    -0.456    -0.735
     0.735    -0.356    -0.576
     0.319    -0.774    -0.547
     0.613    -0.561    -0.557
     0.413    -0.666    -0.621
     0.546    -0.569    -0.615
     0.455    -0.518    -0.724
     0.715    -0.545    -0.438
     0.369    -0.494    -0.788
     0.439    -0.442    -0.783
     0.214    -0.803    -0.556
     0.739    -0.590    -0.325
     0.190    -0.738    -0.647
     0.516    -0.610    -0.601
     0.407    -0.522    -0.750
     0.503    -0.624    -0.598
     0.168    -0.642    -0.748
     0.547    -0.517    -0.658
     0.572    -0.425    -0.702
     0.533    -0.462    -0.709
     0.510    -0.595    -0.621
     0.327    -0.646    -0.689
     0.385    -0.698    -0.604
     0.487    -0.315    -0.814
     0.351    -0.662    -0.662
     0.288    -0.765    -0.576
     0.557    -0.402    -0.727
     0.517    -0.743    -0.425
     0.413    -0.567    -0.713
     0.068    -0.794    -0.604
     0.391    -0.609    -0.690
     0.327    -0.426    -0.844
     0.420    -0.458    -0.783
     0.450    -0.368    -0.814
     0.308    -0.446    -0.841
     0.487    -0.356    -0.798
     0.283    -0.576    -0.767
     0.413    -0.539    -0.735
     0.422    -0.441    -0.792
     0.571    -0.252    -0.781
     0.539    -0.494    -0.682
     0.515    -0.499    -0.697
     0.327    -0.492    -0.807
     0.559    -0.547    -0.623
     0.389    -0.621    -0.681
     0.238    -0.774    -0.586
     0.603    -0.532    -0.595
     0.488    -0.458    -0.743
     0.347    -0.461    -0.817
     0.343    -0.765    -0.545
     0.482    -0.588    -0.650
     0.550    -0.564    -0.616
     0.376    -0.732    -0.568
     0.265    -0.563    -0.783
     0.554    -0.583    -0.594
     0.645    -0.676    -0.357
     0.340    -0.569    -0.749
     0.463    -0.458    -0.759
     0.528    -0.579    -0.622
     0.360    -0.710    -0.606
     0.473    -0.749    -0.463
     0.327    -0.717    -0.616
     0.458    -0.519    -0.722
     0.542    -0.530    -0.652
     0.330    -0.308    -0.892
     0.446    -0.543    -0.711
     0.330    -0.680    -0.654
     0.277    -0.577    -0.768
     0.282    -0.684    -0.673
     0.444    -0.480    -0.756
     0.204    -0.685    -0.699
     0.303    -0.604    -0.737
     0.541    -0.459    -0.704
     0.486    -0.597    -0.639
     0.580    -0.554    -0.598
     0.198    -0.679    -0.707
     0.469    -0.604    -0.644
     0.294    -0.588    -0.754
     0.584    -0.501    -0.639
     0.290    -0.766    -0.574
     0.519    -0.370    -0.771
     0.345    -0.590    -0.730
     0.472    -0.500    -0.726
     0.548    -0.480    -0.686
     0.507    -0.596    -0.623
     0.394    -0.395    -0.830
     0.223    -0.629    -0.744
     0.398    -0.557    -0.729
     0.080    -0.687    -0.722
     0.373    -0.722    -0.584
     0.453    -0.754    -0.475
     0.494    -0.400    -0.772
     0.214    -0.479    -0.852
     0.435    -0.588    -0.682
     0.540    -0.338    -0.771
     0.466    -0.701    -0.539
     0.514    -0.356    -0.780
     0.529    -0.392    -0.752
     0.512    -0.341    -0.788
     0.480    -0.389    -0.787
     0.371    -0.682    -0.630
     0.180    -0.615    -0.768
     0.398    -0.452    -0.799
     0.482    -0.641    -0.598
     0.496    -0.488    -0.718
     0.335    -0.395    -0.855
     0.421    -0.662    -0.620
     0.171    -0.601    -0.781
     0.475    -0.430    -0.768
     0.321    -0.630    -0.707
     0.369    -0.396    -0.841
     0.496    -0.698    -0.516
     0.199    -0.697    -0.689
     0.561    -0.568    -0.602
     0.460    -0.514    -0.724
     0.531    -0.650    -0.543
     0.417    -0.654    -0.631
     0.636    -0.439    -0.635
     0.462    -0.457    -0.760
     0.500    -0.614    -0.611
     0.356    -0.402    -0.844
     0.356    -0.484    -0.799
     0.417    -0.677    -0.606
     0.520    -0.496    -0.695
     0.546    -0.582    -0.602
     0.192    -0.292    -0.937
     0.616    -0.541    -0.572
     0.437    -0.695    -0.571
     0.642    -0.336    -0.689
     0.458    -0.557    -0.693
     0.548    -0.673    -0.496
     0.450    -0.435    -0.780
     0.198    -0.541    -0.817
     0.258    -0.629    -0.733
     0.476    -0.542    -0.693
     0.606    -0.391    -0.693
     0.202    -0.640    -0.741
     0.204    -0.610    -0.766
     0.391    -0.441    -0.808
     0.622    -0.248    -0.743
     0.436    -0.415    -0.799
     0.206    -0.552    -0.808
     0.334    -0.704    -0.627
     0.445    -0.700    -0.558
     0.492    -0.593    -0.638
     0.558    -0.464    -0.689
     0.479    -0.541    -0.691
     0.503    -0.363    -0.785
     0.288    -0.805    -0.518
     0.454    -0.529    -0.717
     0.530    -0.512    -0.676
     0.385    -0.397    -0.833
     0.605    -0.689    -0.399
     0.481    -0.615    -0.625
     0.327    -0.520    -0.789
     0.374    -0.527    -0.763
     0.452    -0.568    -0.688
     0.523    -0.587    -0.618
     0.592    -0.500    -0.632
     0.577    -0.748    -0.329
     0.410    -0.649    -0.641
     0.362    -0.632    -0.685
     0.443    -0.508    -0.739
     0.409    -0.545    -0.732
     0.345    -0.600    -0.721
     0.486    -0.828    -0.279
     0.717    -0.381    -0.583
     0.527    -0.434    -0.731
     0.524    -0.602    -0.603
     0.565    -0.496    -0.660
     0.612    -0.576    -0.542
     0.659    -0.548    -0.515
     0.413    -0.385    -0.826
     0.379    -0.570    -0.729
     0.261    -0.598    -0.758
     0.530    -0.385    -0.755
     0.497    -0.416    -0.761
     0.513    -0.562    -0.649
     0.196    -0.664    -0.722
     0.257    -0.560    -0.787
     0.583    -0.515    -0.628
     0.317    -0.696    -0.644
     0.403    -0.474    -0.783
     0.519    -0.567    -0.640
     0.448    -0.701    -0.556
     0.339    -0.578    -0.742
     0.446    -0.567    -0.693
     0.658    -0.427    -0.620
     0.459    -0.529    -0.713
     0.692    -0.438    -0.574
     0.469    -0.608    -0.641
     0.578    -0.609    -0.544
     0.568    -0.558    -0.605
     0.374    -0.583    -0.721
     0.526    -0.319    -0.788
     0.352    -0.606    -0.713
     0.537    -0.405    -0.740
     0.451    -0.431    -0.781
     0.644    -0.601    -0.474
     0.378    -0.709    -0.595
     0.553    -0.152    -0.820
     0.384    -0.464    -0.798
     0.102    -0.731    -0.675
     0.327    -0.444    -0.835
     0.511    -0.595    -0.621
     0.249    -0.670    -0.699
     0.046    -0.771    -0.635
     0.301    -0.751    -0.587
     0.380    -0.342    -0.860
     0.602    -0.509    -0.615
     0.672    -0.393    -0.628
     0.344    -0.784    -0.517
     0.348    -0.710    -0.613
     0.431    -0.663    -0.612
     0.609    -0.293    -0.737
     0.504    -0.353    -0.788
     0.254    -0.656    -0.711
     0.702    -0.495    -0.511
     0.573    -0.588    -0.571
     0.611    -0.595    -0.523
     0.435    -0.629    -0.645
     0.224    -0.547    -0.807
     0.594    -0.603    -0.532
     0.485    -0.669    -0.563
     0.488    -0.409    -0.771
     0.426    -0.630    -0.649
     0.381    -0.431    -0.818
     0.240    -0.626    -0.742
     0.412    -0.488    -0.769
     0.282    -0.628    -0.725
     0.263    -0.740    -0.619
     0.475    -0.601    -0.643
     0.441    -0.429    -0.788
     0.460    -0.509    -0.728
     0.582    -0.434    -0.688
     0.604    -0.542    -0.584
     0.405    -0.624    -0.668
     0.649    -0.412    -0.640
     0.182    -0.621    -0.762
     0.432    -0.644    -0.631
     0.433    -0.604    -0.669
     0.658    -0.491    -0.571
     0.454    -0.661    -0.598
     0.663    -0.575    -0.479
     0.431    -0.684    -0.589
     0.217    -0.656    -0.723
     0.547    -0.370    -0.751
     0.251    -0.608    -0.753
     0.622    -0.365    -0.693
     0.418    -0.610    -0.674
     0.587    -0.599    -0.544
     0.724    -0.425    -0.543
     0.697    -0.487    -0.526
     0.590    -0.493    -0.640
     0.660    -0.568    -0.491
     0.478    -0.519    -0.709
     0.651    -0.299    -0.698
     0.293    -0.638    -0.712
     0.424    -0.648    -0.633
     0.657    -0.563    -0.501
     0.622    -0.607    -0.495
     0.448    -0.751    -0.486
     0.490    -0.663    -0.566
     0.274    -0.618    -0.736
     0.556    -0.537    -0.634
     0.562    -0.438    -0.702
     0.423    -0.653    -0.628
     0.327    -0.531    -0.782
     0.465    -0.550    -0.693
     0.577    -0.340    -0.743
     0.517    -0.419    -0.747
     0.399    -0.739    -0.543
     0.265    -0.654    -0.709
     0.539    -0.395    -0.744
     0.400    -0.716    -0.572
     0.366    -0.687    -0.628
     0.142    -0.729    -0.670
     0.345    -0.751    -0.564
     0.327    -0.735    -0.593
     0.440    -0.423    -0.792
     0.311    -0.254    -0.916
     0.240    -0.661    -0.711
     0.337    -0.613    -0.715
     0.403    -0.664    -0.630
     0.421    -0.553    -0.719
     0.512    -0.598    -0.617
     0.568    -0.265    -0.779
     0.650    -0.637    -0.413
     0.480    -0.593    -0.646
     0.580    -0.558    -0.594
     0.591    -0.300    -0.749
     0.629    -0.266    -0.730
     0.504    -0.553    -0.663
     0.526    -0.512    -0.679
     0.797    -0.394    -0.457
     0.393    -0.404    -0.826
     0.426    -0.725    -0.541
     0.436    -0.504    -0.745
     0.489    -0.693    -0.529
     0.569    -0.537    -0.623
     0.493    -0.680    -0.543
     0.465    -0.637    -0.615
     0.352    -0.558    -0.752
     0.270    -0.861    -0.431
     0.395    -0.723    -0.566
     0.536    -0.771    -0.345
     0.468    -0.486    -0.738
     0.361    -0.639    -0.679
     0.462    -0.703    -0.541
     0.719    -0.639    -0.274
     0.519    -0.545    -0.659
     0.603    -0.457    -0.654
     0.512    -0.544    -0.665
     0.652    -0.495    -0.574
     0.426    -0.518    -0.741
     0.572    -0.531    -0.626
     0.523    -0.649    -0.553
     0.510    -0.523    -0.683
     0.301    -0.517    -0.802
     0.396    -0.599    -0.696
     0.331    -0.534    -0.778
     0.645    -0.522    -0.558
     0.335    -0.229    -0.914
     0.638    -0.637    -0.433
     0.488    -0.440    -0.754
     0.482    -0.609    -0.630
     0.613    -0.548    -0.568
     0.546    -0.556    -0.627
     0.471    -0.459    -0.753
     0.476    -0.651    -0.591
     0.688    -0.560    -0.462
     0.429    -0.625    -0.652
     0.400    -0.595    -0.697
     0.519    -0.537    -0.665
     0.353    -0.620    -0.701
     0.709    -0.373    -0.598
     0.550    -0.584    -0.597
     0.355    -0.660    -0.663
     0.303    -0.668    -0.679
     0.444    -0.331    -0.833
     0.458    -0.508    -0.730
     0.590    -0.513    -0.624
     0.606    -0.563    -0.562
     0.505    -0.458    -0.732
     0.592    -0.579    -0.561
     0.439    -0.665    -0.604
     0.450    -0.642    -0.621
     0.283    -0.729    -0.624
     0.544    -0.389    -0.743
     0.516    -0.171    -0.839
     0.468    -0.531    -0.706
     0.355    -0.719    -0.598
     0.426    -0.441    -0.790
     0.365    -0.446    -0.817
     0.458    -0.640    -0.617
     0.245    -0.794    -0.557
     0.380    -0.671    -0.637
     0.497    -0.173    -0.850
     0.210    -0.778    -0.591
     0.453    -0.736    -0.503
     0.262    -0.422    -0.868
     0.251    -0.474    -0.844
     0.563    -0.605    -0.563
     0.370    -0.514    -0.774
     0.382    -0.682    -0.624
     0.455    -0.784    -0.422
     0.509    -0.614    -0.603
     0.670    -0.465    -0.578
     0.400    -0.698    -0.594
     0.647    -0.507    -0.570
     0.649    -0.575    -0.498
     0.106    -0.550    -0.828
     0.394    -0.304    -0.867
     0.470    -0.551    -0.689
     0.543    -0.498    -0.676
     0.365    -0.557    -0.746
     0.258    -0.492    -0.832
     0.382    -0.610    -0.694
     0.547    -0.661    -0.514
     0.398    -0.509    -0.763
     0.189    -0.637    -0.747
     0.349    -0.507    -0.788
     0.250    -0.660    -0.709
     0.234    -0.600    -0.765
     0.429    -0.713    -0.555
     0.342    -0.768    -0.541
     0.743    -0.207    -0.637
     0.476    -0.422    -0.771
     0.528    -0.691    -0.493
     0.430    -0.373    -0.822
     0.428    -0.495    -0.757
     0.442    -0.547    -0.711
     0.423    -0.584    -0.693
     0.552    -0.536    -0.639
     0.520    -0.695    -0.496
     0.581    -0.639    -0.503
     0.262    -0.570    -0.779
     0.369    -0.719    -0.589
     0.377    -0.668    -0.642
     0.470    -0.419    -0.777
     0.302    -0.730    -0.614
     0.558    -0.516    -0.650
     0.504    -0.538    -0.676
     0.598    -0.419    -0.683
     0.400    -0.645    -0.651
     0.470    -0.722    -0.508
     0.558    -0.495    -0.666
     0.369    -0.689    -0.624
     0.732    -0.450    -0.511
     0.775    -0.489    -0.400
     0.531    -0.545    -0.649
     0.515    -0.500    -0.696
     0.656    -0.390    -0.646
     0.390    -0.570    -0.723
     0.500    -0.563    -0.658
     0.485    -0.546    -0.683
     0.197    -0.773    -0.603
     0.396    -0.463    -0.793
     0.454    -0.564    -0.690
     0.232    -0.671    -0.705
     0.477    -0.661    -0.579
     0.637    -0.531    -0.559
     0.385    -0.554    -0.738
     0.135    -0.508    -0.851
     0.427    -0.365    -0.828
     0.491    -0.355    -0.796
     0.493    -0.391    -0.777
     0.402    -0.737    -0.543
     0.569    -0.391    -0.723
     0.611    -0.507    -0.608
     0.544    -0.627    -0.558
     0.404    -0.690    -0.601
     0.518    -0.325    -0.792
     0.537    -0.455    -0.710
     0.176    -0.508    -0.843
     0.440    -0.585    -0.681
     0.619    -0.507    -0.600
     0.703    -0.376    -0.603
     0.548    -0.344    -0.762
     0.565    -0.689    -0.454
     0.606    -0.637    -0.477
     0.415    -0.684    -0.600
     0.343    -0.523    -0.780
     0.286    -0.467    -0.837
     0.208    -0.739    -0.641
     0.313    -0.737    -0.599
     0.217    -0.579    -0.786
     0.621    -0.582    -0.525
     0.453    -0.561    -0.693
     0.460    -0.444    -0.769
     0.454    -0.623    -0.637
     0.541    -0.546    -0.640
     0.418    -0.553    -0.720
     0.528    -0.445    -0.723
     0.146    -0.664    -0.733
     0.574    -0.512    -0.639
     0.654    -0.428    -0.624
     0.413    -0.579    -0.703
     0.590    -0.343    -0.731
     0.548    -0.542    -0.637
     0.460    -0.523    -0.718
     0.565    -0.208    -0.799
     0.503    -0.560    -0.658
     0.344    -0.516    -0.784
     0.553    -0.378    -0.742
     0.718    -0.259    -0.646
     0.360    -0.584    -0.728
     0.365    -0.681    -0.635
     0.528    -0.489    -0.694
     0.391    -0.571    -0.722
     0.506    -0.789    -0.347
     0.679    -0.421    -0.602
     0.484    -0.488    -0.726
     0.382    -0.336    -0.861
     0.286    -0.502    -0.816
     0.611    -0.427    -0.667
     0.733    -0.594    -0.332
     0.326    -0.483    -0.813
     0.395    -0.527    -0.753
     0.481    -0.509    -0.713
     0.222    -0.477    -0.850
     0.279    -0.548    -0.789
     0.396    -0.523    -0.754
     0.462    -0.677    -0.572
     0.613    -0.640    -0.463
     0.577    -0.417    -0.703
     0.458    -0.572    -0.680
     0.297    -0.614    -0.731
     0.420    -0.654    -0.629
     0.463    -0.503    -0.729
     0.583    -0.468    -0.665
     0.439    -0.726    -0.530
     0.358    -0.648    -0.672
     0.541    -0.633    -0.554
     0.539    -0.602    -0.589
     0.324    -0.603    -0.729
     0.357    -0.446    -0.821
     0.510    -0.466    -0.723
     0.496    -0.552    -0.670
     0.501    -0.466    -0.729
     0.516    -0.479    -0.711
     0.271    -0.671    -0.690
     0.377    -0.575    -0.726
     0.444    -0.681    -0.582
     0.551    -0.630    -0.547
     0.461    -0.460    -0.759
     0.421    -0.489    -0.764
     0.555    -0.586    -0.590
     0.534    -0.486    -0.691
     0.499    -0.593    -0.632
     0.500    -0.644    -0.580
     0.413    -0.387    -0.824
     0.405    -0.449    -0.797
     0.580    -0.666    -0.469
     0.310    -0.482    -0.819
     0.487    -0.443    -0.753
     0.299    -0.395    -0.869
     0.416    -0.540    -0.732
     0.497    -0.607    -0.620
     0.595    -0.545    -0.591
     0.490    -0.540    -0.685
     0.339    -0.701    -0.627
     0.520    -0.348    -0.780
     0.351    -0.346    -0.870
     0.383    -0.421    -0.822
     0.408    -0.442    -0.799
     0.309    -0.633    -0.709
     0.400    -0.297    -0.867
     0.540    -0.527    -0.656
     0.536    -0.426    -0.729
     0.565    -0.352    -0.746
     0.637    -0.564    -0.526
     0.600    -0.321    -0.732
     0.382    -0.422    -0.822
     0.354    -0.546    -0.759
     0.377    -0.724    -0.578
     0.184    -0.595    -0.782
     0.619    -0.580    -0.530
     0.473    -0.576    -0.667
     0.621    -0.518    -0.588
     0.328    -0.514    -0.793
     0.398    -0.419    -0.816
     0.523    -0.612    -0.593
     0.467    -0.773    -0.428
     0.424    -0.652    -0.629
     0.430    -0.485    -0.762
     0.432    -0.502    -0.750
     0.345    -0.475    -0.809
     0.218    -0.663    -0.716
     0.451    -0.567    -0.689
     0.559    -0.565    -0.607
     0.310    -0.583    -0.751
     0.240    -0.540    -0.806
     0.623    -0.386    -0.680
     0.308    -0.711    -0.632
     0.317    -0.589    -0.743
     0.374    -0.508    -0.776
     0.520    -0.565    -0.640
     0.353    -0.467    -0.810
     0.493    -0.531    -0.689
     0.375    -0.677    -0.633
     0.621    -0.606    -0.497
     0.384    -0.658    -0.648
     0.312    -0.504    -0.805
     0.595    -0.573    -0.564
     0.514    -0.499    -0.698
     0.541    -0.567    -0.621
     0.357    -0.299    -0.885
     0.657    -0.493    -0.571
     0.355    -0.749    -0.560
     0.115    -0.585    -0.803
     0.343    -0.691    -0.636
     0.535    -0.566    -0.627
     0.700    -0.346    -0.625
     0.403    -0.414    -0.817
     0.371    -0.464    -0.804
     0.367    -0.644    -0.671
     0.583    -0.611    -0.536
     0.279    -0.607    -0.744
     0.299    -0.513    -0.805
     0.623    -0.371    -0.689
     0.369    -0.342    -0.864
     0.545    -0.448    -0.708
     0.169    -0.504    -0.847
     0.600    -0.531    -0.598
     0.441    -0.689    -0.575
     0.414    -0.356    -0.837
     0.393    -0.397    -0.829
     0.609    -0.559    -0.563
     0.241    -0.625    -0.743
     0.285    -0.655    -0.699
     0.496    -0.488    -0.718
     0.588    -0.453    -0.670
     0.359    -0.509    -0.782
     0.268    -0.387    -0.883
     0.525    -0.545    -0.654
     0.353    -0.389    -0.851
     0.262    -0.621    -0.739
     0.613    -0.629    -0.477
     0.362    -0.635    -0.683
     0.543    -0.517    -0.662
     0.376    -0.424    -0.824
     0.365    -0.733    -0.575
     0.119    -0.683    -0.721
     0.753    -0.470    -0.461
     0.536    -0.622    -0.571
     0.629    -0.636    -0.447
     0.390    -0.680    -0.621
     0.546    -0.475    -0.690
     0.327    -0.628    -0.706
     0.551    -0.692    -0.465
     0.667    -0.588    -0.458
     0.528    -0.650    -0.547
     0.257    -0.715    -0.650
     0.434    -0.546    -0.717
     0.312    -0.667    -0.676
     0.232    -0.597    -0.768
     0.435    -0.652    -0.620
     0.296    -0.610    -0.735
     0.488    -0.693    -0.530
     0.392    -0.358    -0.847
     0.787    -0.400    -0.469
     0.388    -0.705    -0.594
     0.466    -0.561    -0.685
     0.442    -0.629    -0.639
     0.460    -0.563    -0.686
     0.518    -0.289    -0.805
     0.391    -0.703    -0.594
     0.342    -0.653    -0.676
     0.454    -0.713    -0.534
     0.356    -0.566    -0.744
     0.349    -0.438    -0.828
     0.474    -0.468    -0.746
     0.567    -0.463    -0.682
     0.445    -0.532    -0.720
     0.486    -0.478    -0.732
     0.139    -0.671    -0.728
     0.454    -0.700    -0.550
     0.566    -0.626    -0.536
     0.552    -0.533    -0.642
     0.150    -0.707    -0.691
     0.574    -0.406    -0.711
     0.410    -0.555    -0.724
     0.480    -0.622    -0.619
     0.554    -0.471    -0.686
     0.687    -0.560    -0.463
     0.642    -0.630    -0.438
     0.271    -0.590    -0.761
     0.393    -0.466    -0.793
     0.587    -0.697    -0.411
     0.116    -0.537    -0.836
     0.490    -0.441    -0.752
     0.459    -0.462    -0.759
     0.500    -0.458    -0.735
     0.538    -0.636    -0.553
     0.407    -0.709    -0.576
     0.244    -0.549    -0.800
     0.503    -0.491    -0.711
     0.408    -0.643    -0.648
     0.519    -0.621    -0.586
     0.402    -0.588    -0.702
     0.439    -0.518    -0.734
     0.653    -0.428    -0.625
     0.394    -0.591    -0.704
     0.330    -0.441    -0.834
     0.651    -0.495    -0.576
     0.402    -0.547    -0.734
     0.475    -0.692    -0.543
     0.604    -0.178    -0.777
     0.468    -0.656    -0.592
     0.525    -0.449    -0.723
     0.231    -0.513    -0.826
     0.314    -0.322    -0.893
     0.152    -0.557    -0.816
     0.345    -0.622    -0.703
     0.415    -0.728    -0.546
     0.569    -0.466    -0.677
     0.337    -0.564    -0.754
     0.499    -0.668    -0.551
     0.345    -0.603    -0.719
     0.397    -0.454    -0.798
     0.678    -0.540    -0.498
     0.448    -0.604    -0.659
     0.431    -0.545    -0.719
     0.421    -0.649    -0.633
     0.569    -0.602    -0.560
     0.390    -0.631    -0.670
     0.267    -0.559    -0.785
     0.538    -0.591    -0.601
     0.532    -0.595    -0.602
     0.502    -0.338    -0.796
     0.112    -0.608    -0.786
     0.324    -0.718    -0.616
     0.360    -0.557    -0.748
     0.623    -0.614    -0.485
     0.364    -0.642    -0.675
     0.296    -0.557    -0.776
     0.669    -0.583    -0.461
     0.447    -0.428    -0.786
     0.632    -0.472    -0.615
     0.368    -0.538    -0.758
     0.483    -0.641    -0.596
     0.468    -0.452    -0.759
     0.607    -0.573    -0.550
     0.545    -0.426    -0.722
     0.389    -0.616    -0.685
     0.263    -0.535    -0.803
     0.381    -0.682    -0.624
     0.590    -0.522    -0.615
     0.313    -0.610    -0.728
     0.550    -0.516    -0.657
     0.573    -0.453    -0.683
     0.275    -0.755    -0.595
     0.371    -0.668    -0.645
     0.435    -0.491    -0.755
     0.617    -0.736    -0.278
     0.431    -0.589    -0.683
     0.321    -0.840    -0.437
     0.511    -0.595    -0.620
     0.748    -0.514    -0.421
     0.337    -0.566    -0.753
     0.248    -0.453    -0.856
     0.375    -0.629    -0.680
     0.578    -0.558    -0.595
     0.624    -0.284    -0.728
     0.216    -0.573    -0.791
     0.300    -0.651    -0.697
     0.280    -0.791    -0.543
     0.306    -0.666    -0.681
     0.617    -0.427    -0.661
     0.541    -0.563    -0.625
     0.362    -0.625    -0.692
     0.186    -0.689    -0.701
     0.355    -0.456    -0.816
     0.618    -0.614    -0.490
     0.275    -0.556    -0.784
     0.523    -0.690    -0.501
     0.473    -0.492    -0.731
     0.596    -0.635    -0.492
     0.608    -0.536    -0.586
     0.369    -0.667    -0.647
     0.530    -0.338    -0.778
     0.613    -0.515    -0.599
     0.402    -0.527    -0.748
     0.619    -0.291    -0.729
     0.241    -0.523    -0.818
     0.369    -0.492    -0.788
     0.367    -0.658    -0.657
     0.462    -0.477    -0.748
     0.407    -0.493    -0.769
     0.457    -0.427    -0.780
     0.396    -0.580    -0.712
     0.346    -0.666    -0.661
     0.423    -0.570    -0.705
     0.617    -0.635    -0.465
     0.221    -0.612    -0.759
     0.597    -0.667    -0.446
     0.450    -0.592    -0.669
     0.375    -0.607    -0.700
     0.343    -0.536    -0.772
     0.441    -0.573    -0.691
     0.465    -0.634    -0.618
     0.494    -0.621    -0.608
     0.456    -0.731    -0.508
     0.385    -0.484    -0.786
     0.497    -0.431    -0.753
     0.619    -0.676    -0.401
     0.444    -0.591    -0.673
     0.260    -0.477    -0.840
     0.588    -0.562    -0.581
     0.271    -0.645    -0.715
     0.486    -0.729    -0.482
     0.604    -0.373    -0.704
     0.464    -0.332    -0.821
     0.018    -0.691    -0.723
     0.235    -0.290    -0.928
     0.330    -0.593    -0.735
     0.557    -0.612    -0.562
     0.260    -0.593    -0.762
     0.178    -0.379    -0.908
     0.446    -0.635    -0.631
     0.195    -0.473    -0.860
     0.412    -0.285    -0.865
     0.583    -0.486    -0.652
     0.619    -0.142    -0.773
     0.563    -0.572    -0.597
     0.429    -0.563    -0.706
     0.495    -0.537    -0.683
     0.552    -0.286    -0.783
     0.507    -0.372    -0.778
     0.500    -0.559    -0.661
     0.413    -0.781    -0.468
     0.285    -0.753    -0.593
     0.472    -0.792    -0.387
     0.449    -0.435    -0.781
     0.593    -0.567    -0.572
     0.436    -0.669    -0.602
     0.266    -0.685    -0.678
     0.361    -0.532    -0.766
     0.227    -0.817    -0.529
     0.215    -0.765    -0.607
     0.412    -0.292    -0.863
     0.425    -0.463    -0.778
     0.271    -0.698    -0.662
     0.340    -0.770    -0.540
     0.486    -0.502    -0.715
     0.212    -0.241    -0.947
     0.531    -0.476    -0.701
     0.347    -0.624    -0.700
     0.543    -0.495    -0.678
     0.528    -0.525    -0.668
     0.482    -0.659    -0.578
     0.419    -0.536    -0.733
     0.463    -0.724    -0.512
     0.518    -0.555    -0.651
     0.346    -0.413    -0.843
     0.731    -0.455    -0.508
     0.216    -0.788    -0.576
     0.624    -0.551    -0.554
     0.456    -0.701    -0.548
     0.765    -0.413    -0.494
     0.430    -0.481    -0.764
     0.581    -0.637    -0.508
     0.384    -0.384    -0.839
     0.355    -0.406    -0.842
     0.497    -0.357    -0.791
     0.283    -0.497    -0.821
     0.532    -0.456    -0.714
     0.423    -0.538    -0.729
     0.358    -0.607    -0.710
     0.365    -0.424    -0.829
     0.533    -0.575    -0.621
     0.271    -0.552    -0.789
     0.206    -0.745    -0.634
     0.460    -0.731    -0.504
     0.649    -0.465    -0.602
     0.443    -0.520    -0.730
     0.610    -0.409    -0.679
     0.434    -0.700    -0.568
     0.255    -0.698    -0.670
     0.472    -0.669    -0.574
     0.398    -0.557    -0.729
     0.492    -0.679    -0.546
     0.692    -0.559    -0.456
     0.301    -0.587    -0.752
     0.211    -0.606    -0.767
     0.437    -0.514    -0.738
     0.618    -0.373    -0.692
     0.512    -0.560    -0.651
     0.485    -0.535    -0.692
     0.504    -0.539    -0.675
     0.298    -0.601    -0.742
     0.250    -0.584    -0.773
     0.136    -0.650    -0.748
     0.616    -0.524    -0.588
     0.450    -0.440    -0.777
     0.501    -0.587    -0.637
     0.480    -0.570    -0.667
     0.461    -0.553    -0.694
     0.496    -0.620    -0.608
     0.444    -0.535    -0.719
     0.258    -0.636    -0.727
     0.378    -0.819    -0.433
     0.220    -0.357    -0.908
     0.445    -0.550    -0.707
     0.228    -0.506    -0.832
     0.317    -0.741    -0.593
     0.448    -0.653    -0.610
     0.307    -0.603    -0.736
     0.374    -0.443    -0.815
     0.315    -0.410    -0.856
     0.476    -0.269    -0.837
     0.441    -0.413    -0.797
     0.575    -0.601    -0.555
     0.696    -0.446    -0.562
     0.465    -0.526    -0.712
     0.639    -0.455    -0.620
     0.511    -0.570    -0.643
     0.414    -0.546    -0.728
     0.272    -0.565    -0.779
     0.467    -0.603    -0.647
     0.529    -0.492    -0.692
     0.485    -0.728    -0.485
     0.377    -0.613    -0.695
     0.601    -0.414    -0.684
     0.459    -0.643    -0.613
     0.225    -0.562    -0.796
     0.394    -0.669    -0.630
     0.488    -0.529    -0.694
     0.480    -0.283    -0.830
     0.423    -0.438    -0.793
     0.211    -0.584    -0.784
     0.492    -0.375    -0.785
     0.636    -0.395    -0.663
     0.318    -0.819    -0.477
     0.322    -0.370    -0.872
     0.242    -0.497    -0.833
     0.628    -0.605    -0.490
     0.421    -0.429    -0.799
     0.217    -0.580    -0.785
     0.356    -0.415    -0.837
     0.526    -0.665    -0.530
     0.477    -0.506    -0.719
     0.195    -0.618    -0.762
     0.640    -0.437    -0.632
     0.413    -0.581    -0.701
     0.529    -0.369    -0.764
     0.392    -0.665    -0.635
     0.296    -0.464    -0.835
     0.512    -0.548    -0.661
     0.433    -0.452    -0.780
     0.257    -0.657    -0.709
     0.462    -0.591    -0.661
     0.609    -0.633    -0.478
     0.556    -0.600    -0.575
     0.266    -0.537    -0.800
     0.298    -0.669    -0.681
     0.629    -0.505    -0.591
     0.456    -0.623    -0.635
     0.620    -0.337    -0.709
     0.476    -0.501    -0.723
     0.654    -0.245    -0.716
     0.263    -0.711    -0.652
     0.480    -0.615    -0.625
     0.345    -0.616    -0.708
     0.532    -0.529    -0.662
     0.507    -0.500    -0.702
     0.146    -0.624    -0.767
     0.556    -0.523    -0.646
     0.647    -0.540    -0.538
     0.440    -0.655    -0.614
     0.597    -0.371    -0.711
     0.329    -0.720    -0.612
     0.586    -0.460    -0.667
     0.283    -0.723    -0.631
     0.522    -0.405    -0.751
     0.492    -0.616    -0.615
     0.479    -0.379    -0.792
     0.623    -0.376    -0.685
     0.363    -0.516    -0.776
     0.607    -0.716    -0.346
     0.239    -0.548    -0.801
     0.572    -0.532    -0.624
     0.537    -0.598    -0.594
     0.406    -0.481    -0.777
     0.530    -0.577    -0.621
     0.476    -0.443    -0.760
     0.386    -0.488    -0.783
     0.503    -0.482    -0.718
     0.442    -0.359    -0.822
     0.409    -0.620    -0.669
     0.265    -0.731    -0.629
     0.447    -0.746    -0.494
     0.507    -0.606    -0.613
     0.517    -0.602    -0.609
     0.278    -0.605    -0.746
     0.436    -0.603    -0.668
     0.418    -0.662    -0.622
     0.677    -0.654    -0.338
     0.262    -0.798    -0.542
     0.308    -0.536    -0.786
     0.455    -0.281    -0.845
     0.141    -0.824    -0.549
     0.140    -0.657    -0.741
     0.528    -0.544    -0.652
     0.401    -0.608    -0.685
     0.509    -0.231    -0.829
     0.604    -0.462    -0.649
     0.569    -0.515    -0.641
     0.502    -0.627    -0.596
     0.515    -0.480    -0.710
     0.290    -0.703    -0.649
     0.457    -0.504    -0.733
     0.274    -0.556    -0.785
     0.558    -0.619    -0.553
     0.386    -0.475    -0.791
     0.357    -0.727    -0.586
     0.707    -0.533    -0.465
     0.555    -0.386    -0.737
     0.653    -0.380    -0.655
     0.467    -0.420    -0.778
     0.468    -0.823    -0.321
     0.559    -0.685    -0.467
     0.389    -0.553    -0.737
     0.453    -0.641    -0.620
     0.441    -0.711    -0.547
     0.369    -0.625    -0.689
     0.375    -0.739    -0.560
     0.407    -0.633    -0.659
     0.598    -0.550    -0.583
     0.465    -0.314    -0.828
     0.516    -0.684    -0.516
     0.521    -0.609    -0.598
     0.478    -0.512    -0.714
     0.480    -0.447    -0.755
     0.533    -0.385    -0.754
     0.658    -0.561    -0.501
     0.549    -0.584    -0.598
     0.472    -0.615    -0.632
     0.305    -0.718    -0.626
     0.201    -0.720    -0.665
     0.268    -0.523    -0.809
     0.414    -0.698    -0.584
     0.594    -0.549    -0.588
     0.447    -0.378    -0.811
     0.521    -0.610    -0.597
     0.521    -0.315    -0.793
     0.449    -0.564    -0.693
     0.334    -0.549    -0.766
     0.700    -0.311    -0.643
     0.691    -0.647    -0.322
     0.591    -0.411    -0.695
     0.475    -0.495    -0.727
     0.346    -0.652    -0.674
     0.385    -0.501    -0.776
     0.288    -0.638    -0.714
     0.364    -0.634    -0.682
     0.559    -0.493    -0.667
     0.621    -0.435    -0.653
     0.371    -0.670    -0.643
     0.626    -0.564    -0.538
     0.534    -0.715    -0.451
     0.530    -0.421    -0.736
     0.506    -0.401    -0.764
     0.548    -0.739    -0.391
     0.455    -0.393    -0.799
     0.428    -0.586    -0.688
     0.243    -0.632    -0.736
     0.414    -0.544    -0.730
     0.472    -0.677    -0.565
     0.442    -0.531    -0.723
     0.347    -0.727    -0.593
     0.455    -0.484    -0.748
     0.483    -0.523    -0.702
     0.444    -0.725    -0.527
     0.413    -0.630    -0.657
     0.452    -0.549    -0.703
     0.541    -0.701    -0.465
     0.328    -0.767    -0.552
     0.571    -0.481    -0.666
     0.359    -0.371    -0.856
     0.529    -0.375    -0.762
     0.417    -0.645    -0.640
     0.435    -0.596    -0.675
     0.493    -0.659    -0.568
     0.502    -0.713    -0.490
     0.410    -0.694    -0.593
     0.678    -0.484    -0.553
     0.504    -0.459    -0.731
     0.420    -0.437    -0.795
     0.559    -0.550    -0.620
     0.377    -0.649    -0.661
     0.311    -0.501    -0.807
     0.424    -0.752    -0.505
     0.325    -0.571    -0.754
     0.389    -0.609    -0.692
     0.504    -0.515    -0.693
     0.421    -0.610    -0.671
     0.393    -0.563    -0.727
     0.558    -0.642    -0.526
     0.344    -0.710    -0.614
     0.211    -0.310    -0.927
     0.609    -0.393    -0.689
     0.377    -0.416    -0.827
     0.264    -0.612    -0.746
     0.494    -0.253    -0.832
     0.209    -0.660    -0.722
     0.448    -0.639    -0.626
     0.445    -0.479    -0.757
     0.682    -0.486    -0.546
     0.452    -0.528    -0.719
     0.168    -0.617    -0.769
     0.409    -0.378    -0.830
     0.505    -0.424    -0.752
     0.431    -0.547    -0.717
     0.582    -0.552    -0.597
     0.418    -0.676    -0.607
     0.330    -0.467    -0.820
     0.409    -0.630    -0.660
     0.473    -0.556    -0.684
     0.437    -0.435    -0.787
     0.290    -0.703    -0.649
     0.500    -0.501    -0.706
     0.412    -0.734    -0.540
     0.516    -0.711    -0.479
     0.483    -0.530    -0.697
     0.454    -0.441    -0.774
     0.049    -0.588    -0.807
     0.460    -0.765    -0.452
     0.460    -0.552    -0.695
     0.430    -0.695    -0.576
     0.559    -0.411    -0.720
     0.219    -0.634    -0.742
     0.461    -0.319    -0.828
     0.524    -0.417    -0.743
     0.408    -0.397    -0.822
     0.314    -0.757    -0.573
     0.460    -0.482    -0.746
     0.475    -0.496    -0.727
     0.466    -0.461    -0.755
     0.403    -0.678    -0.615
     0.621    -0.384    -0.684
     0.560    -0.506    -0.656
     0.147    -0.580    -0.801
     0.457    -0.501    -0.735
     0.502    -0.568    -0.652
     0.562    -0.570    -0.599
     0.337    -0.536    -0.774
     0.243    -0.713    -0.658
     0.087    -0.799    -0.595
     0.519    -0.550    -0.655
     0.483    -0.479    -0.733
     0.442    -0.832    -0.336
     0.215    -0.573    -0.790
     0.352    -0.552    -0.756
     0.496    -0.555    -0.668
     0.574    -0.449    -0.684
     0.592    -0.477    -0.650
     0.393    -0.700    -0.596
     0.687    -0.533    -0.494
     0.462    -0.468    -0.753
     0.542    -0.574    -0.614
     0.610    -0.533    -0.586
     0.302    -0.720    -0.625
     0.715    -0.457    -0.529
     0.385    -0.445    -0.808
     0.556    -0.474    -0.683
     0.269    -0.772    -0.576
     0.545    -0.545    -0.638
     0.528    -0.642    -0.556
     0.520    -0.705    -0.482
     0.375    -0.604    -0.703
     0.551    -0.560    -0.618
     0.715    -0.373    -0.591
     0.711    -0.250    -0.657
     0.351    -0.648    -0.676
     0.600    -0.617    -0.510
     0.187    -0.657    -0.730
     0.510    -0.609    -0.608
     0.322    -0.534    -0.782
     0.404    -0.526    -0.748
     0.485    -0.596    -0.640
     0.432    -0.348    -0.832
     0.353    -0.380    -0.855
     0.297    -0.680    -0.670
     0.368    -0.698    -0.614
     0.660    -0.487    -0.572
     0.409    -0.437    -0.801
     0.466    -0.654    -0.596
     0.275    -0.698    -0.661
     0.411    -0.514    -0.753
     0.493    -0.412    -0.766
     0.377    -0.716    -0.588
     0.503    -0.529    -0.684
     0.634    -0.635    -0.442
     0.256    -0.454    -0.854
     0.463    -0.400    -0.791
     0.398    -0.714    -0.576
     0.357    -0.778    -0.517
     0.452    -0.670    -0.589
     0.545    -0.387    -0.744
     0.339    -0.751    -0.567
     0.322    -0.676    -0.663
     0.544    -0.472    -0.694
     0.376    -0.409    -0.831
     0.465    -0.536    -0.704
     0.668    -0.674    -0.314
     0.610    -0.631    -0.480
     0.565    -0.286    -0.774
     0.556    -0.481    -0.678
     0.323    -0.588    -0.742
     0.367    -0.376    -0.851
     0.442    -0.608    -0.660
     0.478    -0.451    -0.754
     0.658    -0.461    -0.595
     0.398    -0.667    -0.630
     0.337    -0.498    -0.799
     0.334    -0.450    -0.828
     0.419    -0.481    -0.770
     0.326    -0.408    -0.853
     0.606    -0.237    -0.759
     0.411    -0.303    -0.860
     0.582    -0.520    -0.625
     0.317    -0.665    -0.676
     0.571    -0.426    -0.702
     0.442    -0.107    -0.890
     0.647    -0.271    -0.713
     0.326    -0.364    -0.872
     0.385    -0.608    -0.694
     0.523    -0.288    -0.802
     0.152    -0.652    -0.743
     0.459    -0.642    -0.614
     0.484    -0.475    -0.735
     0.550    -0.620    -0.559
     0.203    -0.708    -0.676
     0.568    -0.416    -0.710
     0.464    -0.606    -0.646
     0.449    -0.736    -0.506
     0.398    -0.601    -0.693
     0.636    -0.547    -0.545
     0.868    -0.333    -0.369
     0.440    -0.422    -0.793
     0.433    -0.694    -0.576
     0.710    -0.538    -0.455
     0.578    -0.399    -0.712
     0.537    -0.642    -0.547
     0.785    -0.372    -0.496
     0.134    -0.696    -0.706
     0.400    -0.715    -0.574
     0.424    -0.747    -0.512
     0.314    -0.704    -0.637
     0.547    -0.538    -0.641
     0.432    -0.372    -0.822
     0.491    -0.515    -0.702
     0.523    -0.512    -0.681
     0.312    -0.585    -0.748
     0.417    -0.457    -0.786
     0.474    -0.518    -0.712
     0.399    -0.483    -0.780
     0.404    -0.448    -0.797
     0.379    -0.373    -0.847
     0.577    -0.439    -0.689
     0.444    -0.722    -0.530
     0.062    -0.699    -0.712
     0.664    -0.406    -0.628
     0.417    -0.722    -0.553
     0.471    -0.552    -0.688
     0.501    -0.539    -0.677
     0.233    -0.584    -0.778
     0.494    -0.401    -0.771
     0.312    -0.364    -0.877
     0.442    -0.591    -0.675
     0.133    -0.496    -0.858
     0.407    -0.640    -0.652
     0.517    -0.548    -0.658
     0.484    -0.462    -0.743
     0.602    -0.408    -0.686
     0.297    -0.708    -0.641
     0.541    -0.556    -0.631
     0.405    -0.450    -0.796
     0.349    -0.541    -0.765
     0.410    -0.679    -0.609
     0.427    -0.783    -0.453
     0.515    -0.562    -0.648
     0.618    -0.528    -0.582
     0.475    -0.687    -0.550
     0.567    -0.644    -0.513
     0.640    -0.577    -0.508
     0.439    -0.398    -0.806
     0.714    -0.382    -0.587
     0.273    -0.637    -0.721
     0.284    -0.665    -0.691
     0.121    -0.749    -0.651
     0.297    -0.591    -0.751
     0.341    -0.359    -0.869
     0.395    -0.605    -0.691
     0.477    -0.600    -0.643
     0.417    -0.418    -0.807
     0.716    -0.444    -0.538
     0.477    -0.697    -0.534
     0.358    -0.542    -0.760
     0.393    -0.318    -0.863
     0.628    -0.533    -0.568
     0.297    -0.659    -0.691
     0.474    -0.697    -0.538
     0.122    -0.614    -0.780
     0.566    -0.645    -0.513
     0.573    -0.574    -0.586
     0.492    -0.341    -0.801
     0.659    -0.524    -0.540
     0.537    -0.295    -0.790
     0.427    -0.322    -0.845
     0.467    -0.663    -0.585
     0.185    -0.710    -0.679
     0.472    -0.615    -0.631
     0.444    -0.727    -0.524
     0.578    -0.608    -0.544
     0.331    -0.582    -0.743
     0.471    -0.486    -0.737
     0.566    -0.470    -0.677
     0.374    -0.667    -0.645
     0.343    -0.327    -0.880
     0.266    -0.755    -0.599
     0.603    -0.577    -0.550
     0.403    -0.639    -0.655
     0.390    -0.529    -0.754
     0.391    -0.548    -0.739
     0.601    -0.725    -0.336
     0.519    -0.410    -0.750
     0.650    -0.546    -0.528
     0.447    -0.665    -0.599
     0.476    -0.536    -0.697
     0.367    -0.833    -0.413
     0.061    -0.609    -0.791
     0.405    -0.665    -0.628
     0.713    -0.513    -0.478
     0.564    -0.383    -0.732
     0.507    -0.685    -0.523
     0.394    -0.585    -0.709
     0.425    -0.607    -0.671
     0.340    -0.683    -0.647
     0.575    -0.545    -0.611
     0.376    -0.673    -0.637
     0.482    -0.497    -0.722
     0.481    -0.491    -0.726
     0.498    -0.671    -0.549
     0.518    -0.621    -0.589
     0.354    -0.641    -0.681
     0.215    -0.772    -0.598
     0.322    -0.624    -0.712
     0.328    -0.718    -0.614
     0.241    -0.735    -0.633
     0.458    -0.626    -0.631
     0.247    -0.693    -0.677
     0.571    -0.405    -0.713
     0.333    -0.499    -0.800
     0.477    -0.514    -0.712
     0.477    -0.716    -0.509
     0.505    -0.489    -0.711
     0.401    -0.669    -0.626
     0.593    -0.376    -0.712
     0.355    -0.381    -0.854
     0.348    -0.563    -0.749
     0.367    -0.619    -0.695
     0.583    -0.553    -0.596
     0.374    -0.490    -0.787
     0.153    -0.729    -0.667
     0.375    -0.526    -0.763
     0.331    -0.460    -0.824
     0.354    -0.633    -0.689
     0.589    -0.324    -0.741
     0.465    -0.467    -0.752
     0.393    -0.402    -0.827
     0.498    -0.447    -0.743
     0.678    -0.480    -0.556
     0.495    -0.624    -0.605
     0.373    -0.479    -0.795
     0.576    -0.444    -0.686
     0.527    -0.536    -0.660
     0.636    -0.708    -0.307
     0.441    -0.667    -0.601
     0.302    -0.669    -0.679
     0.558    -0.385    -0.735
     0.372    -0.654    -0.658
     0.660    -0.586    -0.470
     0.613    -0.504    -0.608
     0.552    -0.447    -0.704
     0.299    -0.531    -0.793
     0.436    -0.359    -0.825
     0.656    -0.652    -0.380
     0.274    -0.600    -0.752
     0.436    -0.554    -0.709
     0.496    -0.614    -0.613
     0.266    -0.749    -0.607
     0.518    -0.491    -0.700
     0.557    -0.692    -0.458
     0.418    -0.646    -0.639
     0.566    -0.353    -0.745
     0.406    -0.529    -0.745
     0.423    -0.531    -0.734
     0.627    -0.543    -0.559
     0.334    -0.445    -0.831
     0.338    -0.664    -0.667
     0.397    -0.587    -0.706
     0.395    -0.535    -0.747
     0.614    -0.384    -0.690
     0.539    -0.502    -0.677
     0.369    -0.773    -0.517
     0.554    -0.553    -0.622
     0.461    -0.719    -0.520
     0.498    -0.662    -0.560
     0.721    -0.516    -0.461
     0.686    -0.470    -0.555
     0.399    -0.461    -0.793
     0.604    -0.616    -0.505
     0.140    -0.870    -0.473
     0.542    -0.533    -0.649
     0.562    -0.573    -0.596
     0.444    -0.797    -0.410
     0.227    -0.567    -0.792
     0.510    -0.663    -0.548
     0.719    -0.424    -0.551
     0.549    -0.509    -0.663
     0.473    -0.599    -0.646
     0.574    -0.492    -0.654
     0.659    -0.314    -0.683
     0.506    -0.488    -0.711
     0.391    -0.480    -0.786
     0.525    -0.416    -0.743
     0.055    -0.671    -0.739
     0.409    -0.465    -0.785
     0.586    -0.587    -0.559
     0.560    -0.379    -0.736
     0.532    -0.575    -0.622
     0.443    -0.481    -0.756
     0.645    -0.422    -0.637
     0.586    -0.557    -0.588
     0.590    -0.533    -0.606
     0.488    -0.652    -0.580
     0.525    -0.540    -0.658
     0.413    -0.519    -0.749
     0.402    -0.697    -0.594
     0.545    -0.311    -0.779
     0.384    -0.676    -0.629
     0.350    -0.741    -0.573
     0.310    -0.543    -0.780
     0.394    -0.497    -0.773
     0.389    -0.407    -0.826
     0.545    -0.313    -0.778
     0.308    -0.525    -0.794
     0.257    -0.734    -0.629
     0.212    -0.681    -0.701
     0.169    -0.693    -0.701
     0.190    -0.700    -0.688
     0.379    -0.413    -0.828
     0.551    -0.271    -0.789
     0.276    -0.869    -0.411
     0.511    -0.480    -0.713
     0.535    -0.583    -0.611
     0.464    -0.498    -0.732
     0.729    -0.456    -0.511
     0.450    -0.574    -0.684
     0.646    -0.477    -0.596
     0.500    -0.619    -0.606
     0.592    -0.436    -0.678
     0.352    -0.714    -0.605
     0.452    -0.599    -0.662
     0.450    -0.414    -0.791
     0.429    -0.717    -0.549
     0.398    -0.624    -0.672
     0.360    -0.516    -0.777
     0.435    -0.630    -0.644
     0.389    -0.687    -0.614
     0.540    -0.558    -0.629
     0.279    -0.804    -0.524
     0.536    -0.407    -0.740
     0.675    -0.677    -0.293
     0.509    -0.554    -0.659
     0.382    -0.636    -0.671
     0.527    -0.512    -0.678
     0.488    -0.548    -0.679
     0.421    -0.551    -0.721
     0.519    -0.567    -0.639
     0.775    -0.327    -0.541
     0.442    -0.569    -0.693
     0.345    -0.849    -0.400
     0.383    -0.560    -0.735
     0.637    -0.582    -0.505
     0.440    -0.440    -0.783
     0.423    -0.650    -0.631
     0.552    -0.492    -0.674
     0.383    -0.629    -0.677
     0.366    -0.644    -0.672
     0.563    -0.720    -0.405
     0.322    -0.515    -0.794
     0.531    -0.597    -0.602
     0.290    -0.754    -0.589
     0.464    -0.392    -0.794
     0.693    -0.572    -0.440
     0.443    -0.398    -0.803
     0.633    -0.576    -0.517
     0.478    -0.457    -0.750
     0.289    -0.493    -0.821
     0.305    -0.578    -0.756
     0.828    -0.321    -0.460
     0.323    -0.676    -0.663
     0.595    -0.502    -0.628
     0.610    -0.475    -0.634
     0.452    -0.797    -0.400
     0.488    -0.627    -0.607
     0.468    -0.689    -0.554
     0.437    -0.594    -0.675
     0.661    -0.516    -0.545
     0.547    -0.540    -0.639
     0.517    -0.479    -0.710
     0.425    -0.413    -0.805
     0.475    -0.437    -0.763
     0.216    -0.523    -0.824
     0.214    -0.815    -0.539
     0.438    -0.488    -0.755
     0.794    -0.263    -0.548
     0.458    -0.645    -0.612
     0.581    -0.474    -0.661
     0.430    -0.630    -0.647
     0.412    -0.637    -0.651
     0.690    -0.477    -0.545
     0.536    -0.342    -0.772
     0.583    -0.724    -0.368
     0.299    -0.595    -0.746
     0.533    -0.520    -0.668
     0.733    -0.293    -0.614
     0.389    -0.735    -0.555
     0.535    -0.673    -0.511
     0.586    -0.576    -0.570
     0.679    -0.432    -0.594
     0.571    -0.416    -0.708
     0.574    -0.458    -0.679
     0.509    -0.480    -0.714
     0.377    -0.701    -0.606
     0.541    -0.546    -0.639
     0.350    -0.440    -0.827
     0.454    -0.663    -0.595
     0.219    -0.737    -0.639
     0.306    -0.807    -0.505
     0.342    -0.529    -0.777
     0.447    -0.613    -0.652
     0.669    -0.394    -0.630
     0.487    -0.724    -0.488
     0.366    -0.618    -0.695
     0.436    -0.548    -0.714
     0.687    -0.581    -0.437
     0.316    -0.769    -0.555
     0.377    -0.507    -0.775
     0.501    -0.493    -0.711
     0.392    -0.679    -0.620
     0.357    -0.488    -0.796
     0.546    -0.461    -0.700
     0.311    -0.629    -0.712
     0.444    -0.606    -0.660
     0.494    -0.684    -0.537
     0.587    -0.560    -0.585
     0.215    -0.718    -0.662
     0.561    -0.580    -0.590
     0.609    -0.609    -0.509
     0.663    -0.391    -0.639
     0.621    -0.456    -0.637
     0.445    -0.668    -0.597
     0.502    -0.555    -0.663
     0.315    -0.636    -0.705
     0.557    -0.424    -0.714
     0.401    -0.436    -0.806
     0.493    -0.315    -0.811
     0.269    -0.727    -0.632
     0.497    -0.517    -0.697
     0.633    -0.534    -0.560
     0.374    -0.536    -0.757
     0.367    -0.558    -0.745
     0.555    -0.582    -0.595
     0.347    -0.433    -0.832
     0.490    -0.614    -0.619
     0.647    -0.411    -0.642
     0.389    -0.536    -0.749
     0.396    -0.618    -0.680
     0.620    -0.600    -0.506
     0.309    -0.637    -0.706
     0.388    -0.487    -0.782
     0.377    -0.608    -0.699
     0.414    -0.305    -0.858
     0.399    -0.453    -0.797
     0.241    -0.555    -0.796
     0.362    -0.446    -0.818
     0.495    -0.487    -0.720
     0.485    -0.606    -0.630
     0.559    -0.443    -0.701
     0.582    -0.591    -0.559
     0.356    -0.630    -0.690
     0.498    -0.642    -0.583
     0.474    -0.651    -0.593
     0.341    -0.423    -0.840
     0.436    -0.578    -0.690
     0.441    -0.648    -0.621
     0.438    -0.646    -0.625
     0.294    -0.532    -0.794
     0.359    -0.539    -0.762
     0.423    -0.550    -0.720
     0.545    -0.535    -0.646
     0.446    -0.608    -0.657
     0.291    -0.598    -0.747
     0.388    -0.335    -0.859
     0.299    -0.822    -0.485
     0.296    -0.651    -0.699
     0.540    -0.396    -0.743
     0.519    -0.362    -0.774
     0.461    -0.656    -0.598
     0.252    -0.766    -0.591
     0.299    -0.513    -0.805
     0.574    -0.373    -0.728
     0.340    -0.679    -0.650
     0.662    -0.313    -0.681
     0.419    -0.469    -0.777
     0.622    -0.633    -0.460
     0.496    -0.379    -0.781
     0.137    -0.615    -0.776
     0.487    -0.538    -0.688
     0.437    -0.521    -0.734
     0.528    -0.555    -0.642
     0.543    -0.518    -0.661
     0.484    -0.421    -0.767
     0.604    -0.433    -0.669
     0.469    -0.658    -0.589
     0.457    -0.533    -0.712
     0.601    -0.459    -0.655
     0.384    -0.388    -0.838
     0.478    -0.564    -0.673
     0.375    -0.752    -0.542
     0.595    -0.604    -0.530
     0.174    -0.740    -0.650
     0.528    -0.427    -0.735
     0.505    -0.654    -0.563
     0.554    -0.653    -0.517
     0.585    -0.457    -0.670
     0.534    -0.549    -0.643
     0.595    -0.551    -0.585
     0.347    -0.481    -0.805
     0.511    -0.442    -0.737
     0.450    -0.690    -0.567
     0.367    -0.385    -0.846
     0.502    -0.604    -0.619
     0.120    -0.608    -0.785
     0.537    -0.536    -0.651
     0.585    -0.433    -0.686
     0.467    -0.647    -0.603
     0.482    -0.558    -0.676
     0.456    -0.656    -0.601
     0.475    -0.490    -0.730
     0.727    -0.510    -0.461
     0.288    -0.524    -0.802
     0.364    -0.549    -0.753
     0.582    -0.369    -0.725
     0.403    -0.552    -0.730
     0.615    -0.586    -0.527
     0.466    -0.689    -0.556
     0.618    -0.533    -0.578
     0.577    -0.728    -0.370
     0.226    -0.544    -0.808
     0.406    -0.638    -0.655
     0.431    -0.778    -0.458
     0.485    -0.349    -0.802
     0.423    -0.533    -0.732
     0.364    -0.653    -0.664
     0.179    -0.732    -0.658
     0.623    -0.659    -0.421
     0.337    -0.601    -0.725
     0.330    -0.470    -0.818
     0.744    -0.279    -0.607
     0.521    -0.559    -0.646
     0.562    -0.573    -0.597
     0.472    -0.522    -0.711
     0.403    -0.512    -0.758
     0.378    -0.497    -0.781
     0.508    -0.591    -0.627
     0.398    -0.491    -0.775
     0.145    -0.458    -0.877
     0.216    -0.464    -0.859
     0.401    -0.595    -0.696
     0.400    -0.487    -0.776
     0.320    -0.652    -0.687
     0.586    -0.430    -0.687
     0.320    -0.594    -0.738
     0.377    -0.767    -0.519
     0.463    -0.288    -0.838
     0.445    -0.576    -0.685
     0.325    -0.521    -0.789
     0.515    -0.528    -0.676
     0.477    -0.607    -0.636
     0.229    -0.667    -0.709
     0.439    -0.563    -0.700
     0.425    -0.502    -0.754
     0.387    -0.559    -0.733
     0.425    -0.596    -0.681
     0.429    -0.667    -0.610
     0.549    -0.495    -0.674
     0.591    -0.406    -0.697
     0.366    -0.471    -0.803
     0.234    -0.803    -0.549
     0.527    -0.441    -0.726
     0.442    -0.649    -0.620
     0.498    -0.544    -0.675
     0.307    -0.584    -0.752
     0.558    -0.613    -0.559
     0.270    -0.644    -0.715
     0.660    -0.530    -0.532
     0.428    -0.481    -0.765
     0.479    -0.702    -0.528
     0.506    -0.557    -0.659
     0.371    -0.743    -0.557
     0.454    -0.542    -0.708
     0.520    -0.556    -0.649
     0.647    -0.551    -0.526
     0.642    -0.496    -0.584
     0.235    -0.410    -0.882
     0.302    -0.578    -0.758
     0.548    -0.621    -0.560
     0.486    -0.309    -0.818
     0.305    -0.721    -0.622
     0.346    -0.678    -0.648
     0.299    -0.629    -0.718
     0.664    -0.305    -0.683
     0.502    -0.606    -0.617
     0.367    -0.617    -0.696
     0.459    -0.495    -0.738
     0.279    -0.635    -0.720
     0.706    -0.447    -0.550
     0.667    -0.565    -0.486
     0.499    -0.636    -0.588
     0.355    -0.617    -0.702
     0.593    -0.442    -0.673
     0.434    -0.466    -0.771
     0.347    -0.608    -0.714
     0.374    -0.354    -0.857
     0.335    -0.681    -0.652
     0.427    -0.491    -0.760
     0.303    -0.599    -0.741
     0.656    -0.535    -0.532
     0.394    -0.405    -0.825
     0.567    -0.312    -0.762
     0.422    -0.782    -0.458
     0.488    -0.544    -0.682
     0.479    -0.514    -0.711
     0.417    -0.677    -0.607
     0.570    -0.564    -0.598
     0.510    -0.395    -0.764
     0.463    -0.450    -0.764
     0.683    -0.495    -0.536
     0.518    -0.553    -0.653
     0.598    -0.599    -0.532
     0.552    -0.252    -0.795
     0.429    -0.708    -0.562
     0.444    -0.584    -0.679
     0.487    -0.556    -0.674
     0.496    -0.471    -0.730
     0.296    -0.573    -0.764
     0.534    -0.600    -0.595
     0.325    -0.792    -0.517
     0.325    -0.645    -0.692
     0.628    -0.395    -0.670
     0.260    -0.756    -0.601
     0.266    -0.641    -0.720
     0.466    -0.640    -0.612
     0.260    -0.760    -0.596
     0.470    -0.611    -0.637
     0.293    -0.399    -0.869
     0.444    -0.666    -0.600
     0.373    -0.683    -0.628
     0.461    -0.723    -0.514
     0.460    -0.559    -0.690
     0.524    -0.617    -0.588
     0.494    -0.582    -0.646
     0.454    -0.523    -0.721
     0.552    -0.726    -0.410
     0.535    -0.559    -0.634
     0.411    -0.502    -0.761
     0.535    -0.261    -0.803
     0.375    -0.568    -0.732
     0.383    -0.513    -0.768
     0.422    -0.688    -0.591
     0.333    -0.682    -0.651
     0.553    -0.449    -0.702
     0.582    -0.378    -0.720
     0.436    -0.625    -0.647
     0.366    -0.563    -0.741
     0.522    -0.619    -0.587
     0.367    -0.729    -0.578
     0.511    -0.539    -0.670
     0.416    -0.489    -0.767
     0.471    -0.636    -0.612
     0.470    -0.706    -0.530
     0.540    -0.631    -0.557
     0.566    -0.552    -0.613
     0.621    -0.569    -0.539
     0.303    -0.488    -0.819
     0.058    -0.585    -0.809
     0.422    -0.673    -0.607
     0.269    -0.360    -0.893
     0.400    -0.531    -0.747
     0.449    -0.675    -0.586
     0.535    -0.543    -0.647
     0.662    -0.281    -0.695
     0.451    -0.557    -0.697
     0.340    -0.689    -0.640
     0.796    -0.351    -0.493
     0.637    -0.576    -0.512
     0.390    -0.589    -0.707
     0.461    -0.622    -0.633
     0.651    -0.376    -0.660
     0.467    -0.588    -0.660
     0.325    -0.404    -0.855
     0.273    -0.579    -0.768
     0.542    -0.616    -0.571
     0.514    -0.590    -0.623
     0.548    -0.651    -0.526
     0.743    -0.314    -0.591
     0.470    -0.490    -0.734
     0.293    -0.622    -0.726
     0.291    -0.372    -0.881
     0.483    -0.421    -0.768
     0.249    -0.659    -0.709
     0.548    -0.424    -0.721
     0.570    -0.577    -0.585
     0.359    -0.602    -0.714
     0.351    -0.653    -0.671
     0.261    -0.594    -0.761
     0.364    -0.634    -0.682
     0.563    -0.549    -0.618
     0.450    -0.746    -0.490
     0.425    -0.645    -0.636
     0.123    -0.601    -0.789
     0.407    -0.566    -0.717
     0.497    -0.571    -0.654
     0.436    -0.475    -0.764
     0.599    -0.417    -0.684
     0.258    -0.756    -0.602
     0.207    -0.835    -0.510
     0.433    -0.624    -0.650
     0.298    -0.802    -0.518
     0.308    -0.674    -0.672
     0.270    -0.616    -0.740
     0.506    -0.436    -0.744
     0.592    -0.508    -0.625
     0.299    -0.629    -0.718
     0.521    -0.543    -0.659
     0.338    -0.488    -0.805
     0.684    -0.515    -0.517
     0.480    -0.495    -0.724
     0.470    -0.643    -0.605
     0.577    -0.321    -0.751
     0.549    -0.540    -0.638
     0.392    -0.592    -0.704
     0.086    -0.732    -0.676
     0.492    -0.406    -0.770
     0.316    -0.509    -0.800
     0.388    -0.586    -0.711
     0.518    -0.610    -0.599
     0.486    -0.562    -0.669
     0.506    -0.615    -0.605
     0.275    -0.765    -0.582
     0.440    -0.644    -0.626
     0.387    -0.497    -0.777
     0.471    -0.583    -0.661
     0.191    -0.731    -0.655
     0.729    -0.366    -0.578
     0.408    -0.575    -0.709
     0.328    -0.619    -0.713
     0.402    -0.671    -0.623
     0.510    -0.432    -0.743
     0.424    -0.498    -0.757
     0.314    -0.808    -0.498
     0.386    -0.582    -0.716
     0.166    -0.613    -0.773
     0.240    -0.508    -0.827
     0.642    -0.528    -0.557
     0.508    -0.438    -0.742
     0.484    -0.550    -0.680
     0.258    -0.430    -0.865
     0.539    -0.494    -0.682
     0.348    -0.593    -0.726
     0.396    -0.698    -0.596
     0.513    -0.459    -0.725
     0.613    -0.547    -0.570
     0.435    -0.502    -0.747
     0.438    -0.695    -0.570
     0.377    -0.816    -0.438
     0.257    -0.508    -0.822
     0.615    -0.535    -0.580
     0.409    -0.654    -0.636
     0.466    -0.362    -0.807
     0.099    -0.514    -0.852
     0.348    -0.405    -0.845
     0.687    -0.519    -0.509
     0.434    -0.559    -0.706
     0.372    -0.678    -0.635
     0.497    -0.475    -0.726
     0.573    -0.646    -0.505
     0.253    -0.668    -0.700
     0.482    -0.495    -0.723
     0.539    -0.558    -0.630
     0.355    -0.569    -0.742
     0.445    -0.556    -0.702
     0.526    -0.592    -0.611
     0.470    -0.716    -0.517
     0.368    -0.798    -0.478
     0.495    -0.449    -0.744
     0.313    -0.549    -0.775
     0.299    -0.780    -0.550
     0.493    -0.353    -0.795
     0.328    -0.563    -0.758
     0.543    -0.559    -0.627
     0.543    -0.204    -0.815
     0.535    -0.546    -0.645
     0.422    -0.613    -0.668
     0.314    -0.679    -0.663
     0.642    -0.278    -0.714
     0.438    -0.455    -0.776
     0.650    -0.592    -0.476
     0.517    -0.661    -0.543
     0.456    -0.589    -0.667
     0.337    -0.788    -0.515
     0.416    -0.660    -0.625
     0.313    -0.567    -0.762
     0.247    -0.639    -0.729
     0.449    -0.565    -0.692
     0.345    -0.619    -0.706
     0.279    -0.713    -0.644
     0.479    -0.521    -0.706
     0.136    -0.590    -0.796
     0.473    -0.626    -0.620
     0.341    -0.534    -0.774
     0.534    -0.482    -0.695
     0.439    -0.561    -0.701
     0.528    -0.628    -0.572
     0.406    -0.714    -0.570
     0.444    -0.785    -0.431
     0.230    -0.627    -0.744
     0.215    -0.651    -0.728
     0.487    -0.646    -0.588
     0.365    -0.673    -0.644
     0.619    -0.492    -0.612
     0.314    -0.669    -0.674
     0.680    -0.620    -0.392
     0.477    -0.509    -0.717
     0.268    -0.703    -0.659
     0.346    -0.560    -0.753
     0.554    -0.590    -0.587
     0.317    -0.796    -0.515
     0.283    -0.691    -0.666
     0.178    -0.671    -0.719
     0.597    -0.405    -0.693
     0.382    -0.728    -0.569
     0.398    -0.817    -0.417
     0.300    -0.673    -0.676
     0.421    -0.316    -0.850
     0.445    -0.704    -0.553
     0.325    -0.481    -0.814
     0.599    -0.612    -0.515
     0.602    -0.419    -0.680
     0.362    -0.685    -0.633
     0.481    -0.549    -0.683
     0.394    -0.689    -0.609
     0.378    -0.666    -0.643
     0.383    -0.404    -0.831
     0.584    -0.606    -0.540
     0.377    -0.598    -0.707
