     0.052    -0.837    -0.545
     0.049    -0.888    -0.458
     0.023    -0.900    -0.436
    -0.012    -0.814    -0.580
     0.042    -0.806    -0.590
     0.102    -0.858    -0.504
     0.005    -0.895    -0.445
     0.061    -0.834    -0.548
     0.060    -0.798    -0.600
     0.121    -0.839    -0.531
     0.075    -0.887    -0.456
    -0.114    -0.853    -0.510
     0.106    -0.832    -0.545
     0.025    -0.859    -0.511
     0.088    -0.819    -0.567
     0.023    -0.845    -0.534
     0.070    -0.897    -0.437
    -0.052    -0.893    -0.447
     0.029    -0.839    -0.544
    -0.047    -0.858    -0.511
     0.071    -0.825    -0.560
     0.226    -0.789    -0.572
     0.032    -0.805    -0.592
     0.144    -0.846    -0.514
    -0.034    -0.728    -0.685
     0.059    -0.883    -0.466
    -0.055    -0.867    -0.496
     0.096    -0.763    -0.639
     0.058    -0.825    -0.562
    -0.014    -0.868    -0.497
    -0.046    -0.890    -0.454
     0.004    -0.895    -0.445
    -0.006    -0.921    -0.390
     0.094    -0.760    -0.643
    -0.052    -0.869    -0.492
     0.095    -0.838    -0.537
    -0.008    -0.834    -0.551
     0.041    -0.890    -0.454
    -0.007    -0.829    -0.559
    -0.009    -0.830    -0.558
     0.086    -0.854    -0.513
     0.142    -0.799    -0.584
     0.069    -0.938    -0.341
    -0.025    -0.776    -0.630
    -0.017    -0.810    -0.586
    -0.037    -0.823    -0.566
    -0.013    -0.801    -0.599
    -0.011    -0.890    -0.455
     0.012    -0.889    -0.457
    -0.022    -0.821    -0.570
     0.111    -0.893    -0.436
     0.064    -0.741    -0.669
    -0.000    -0.905    -0.425
     0.042    -0.792    -0.609
     0.137    -0.857    -0.497
     0.078    -0.826    -0.558
     0.088    -0.811    -0.578
    -0.062    -0.870    -0.490
     0.009    -0.879    -0.477
     0.110    -0.819    -0.563
     0.118    -0.805    -0.581
    -0.042    -0.695    -0.718
     0.164    -0.894    -0.416
     0.034    -0.886    -0.463
     0.065    -0.834    -0.548
     0.126    -0.798    -0.589
     0.064    -0.879    -0.473
    -0.096    -0.812    -0.576
    -0.209    -0.861    -0.464
     0.072    -0.860    -0.506
    -0.127    -0.895    -0.427
    -0.038    -0.861    -0.508
     0.000    -0.822    -0.570
     0.112    -0.879    -0.464
     0.010    -0.789    -0.615
    -0.012    -0.807    -0.590
    -0.034    -0.911    -0.411
     0.078    -0.828    -0.555
     0.055    -0.850    -0.525
    -0.004    -0.814    -0.580
     0.061    -0.795    -0.603
     0.190    -0.757    -0.626
     0.128    -0.825    -0.550
     0.040    -0.854    -0.518
     0.010    -0.841    -0.541
     0.028    -0.823    -0.568
     0.080    -0.886    -0.457
     0.109    -0.826    -0.553
     0.037    -0.773    -0.633
    -0.039    -0.841    -0.540
     0.059    -0.835    -0.547
     0.067    -0.804    -0.591
     0.040    -0.872    -0.487
    -0.085    -0.859    -0.505
     0.022    -0.823    -0.568
     0.073    -0.876    -0.476
     0.026    -0.848    -0.529
     0.054    -0.881    -0.469
     0.030    -0.864    -0.503
     0.023    -0.841    -0.541
    -0.051    -0.799    -0.599
    -0.020    -0.846    -0.533
     0.119    -0.881    -0.458
     0.022    -0.853    -0.521
     0.015    -0.894    -0.448
     0.129    -0.866    -0.484
     0.050    -0.806    -0.590
     0.070    -0.889    -0.452
    -0.031    -0.868    -0.495
     0.120    -0.896    -0.428
    -0.040    -0.840    -0.542
     0.023    -0.864    -0.502
     0.089    -0.885    -0.457
     0.235    -0.827    -0.511
     0.040    -0.830    -0.556
     0.222    -0.833    -0.506
     0.001    -0.836    -0.548
     0.243    -0.757    -0.607
    -0.003    -0.763    -0.646
     0.016    -0.867    -0.498
     0.119    -0.812    -0.571
     0.069    -0.836    -0.545
     0.158    -0.867    -0.473
    -0.031    -0.846    -0.532
     0.030    -0.840    -0.541
    -0.029    -0.907    -0.420
     0.033    -0.797    -0.603
     0.027    -0.751    -0.660
     0.130    -0.809    -0.573
     0.130    -0.880    -0.457
     0.169    -0.857    -0.487
     0.067    -0.803    -0.592
    -0.094    -0.884    -0.458
     0.162    -0.852    -0.497
     0.057    -0.799    -0.598
     0.064    -0.825    -0.562
    -0.090    -0.816    -0.571
     0.098    -0.888    -0.448
     0.015    -0.752    -0.659
     0.146    -0.774    -0.616
     0.088    -0.848    -0.523
     0.081    -0.865    -0.495
    -0.059    -0.802    -0.594
    -0.064    -0.856    -0.512
    -0.115    -0.902    -0.417
     0.205    -0.804    -0.558
     0.015    -0.844    -0.536
     0.086    -0.774    -0.627
     0.021    -0.894    -0.448
     0.043    -0.779    -0.626
     0.120    -0.836    -0.535
    -0.115    -0.819    -0.562
     0.109    -0.917    -0.384
     0.167    -0.804    -0.570
     0.118    -0.870    -0.479
     0.151    -0.821    -0.551
     0.055    -0.803    -0.593
     0.019    -0.801    -0.599
     0.037    -0.822    -0.569
     0.005    -0.809    -0.587
    -0.034    -0.841    -0.540
    -0.038    -0.906    -0.422
     0.083    -0.881    -0.467
    -0.008    -0.813    -0.582
     0.042    -0.830    -0.557
     0.034    -0.861    -0.508
     0.052    -0.770    -0.636
     0.140    -0.864    -0.483
     0.028    -0.890    -0.455
    -0.021    -0.807    -0.590
     0.010    -0.830    -0.558
    -0.011    -0.916    -0.400
     0.005    -0.847    -0.532
    -0.047    -0.830    -0.556
     0.097    -0.825    -0.557
     0.092    -0.857    -0.506
     0.019    -0.834    -0.551
     0.050    -0.856    -0.515
    -0.023    -0.895    -0.446
     0.153    -0.826    -0.543
     0.114    -0.830    -0.546
     0.004    -0.818    -0.575
     0.099    -0.772    -0.628
    -0.088    -0.859    -0.505
    -0.038    -0.839    -0.543
     0.046    -0.882    -0.470
    -0.030    -0.856    -0.516
     0.005    -0.930    -0.368
     0.005    -0.891    -0.454
     0.119    -0.789    -0.602
     0.053    -0.809    -0.585
    -0.048    -0.860    -0.507
     0.060    -0.857    -0.512
     0.174    -0.788    -0.591
     0.041    -0.846    -0.532
    -0.025    -0.883    -0.468
     0.098    -0.821    -0.562
     0.000    -0.796    -0.605
    -0.087    -0.846    -0.525
    -0.018    -0.818    -0.575
     0.129    -0.830    -0.543
     0.119    -0.793    -0.598
     0.058    -0.853    -0.518
     0.098    -0.859    -0.503
     0.037    -0.829    -0.558
    -0.049    -0.859    -0.510
    -0.036    -0.725    -0.688
    -0.011    -0.789    -0.614
     0.026    -0.897    -0.441
     0.177    -0.875    -0.451
     0.039    -0.850    -0.526
     0.020    -0.849    -0.528
     0.056    -0.875    -0.481
     0.009    -0.802    -0.597
     0.176    -0.825    -0.537
    -0.010    -0.851    -0.525
     0.113    -0.805    -0.582
     0.065    -0.861    -0.505
     0.041    -0.885    -0.464
     0.043    -0.872    -0.488
     0.130    -0.827    -0.548
     0.025    -0.909    -0.415
    -0.029    -0.904    -0.426
     0.029    -0.891    -0.453
    -0.001    -0.917    -0.398
     0.060    -0.822    -0.567
    -0.130    -0.790    -0.600
    -0.018    -0.846    -0.533
     0.135    -0.873    -0.469
     0.045    -0.877    -0.479
     0.053    -0.880    -0.472
     0.103    -0.765    -0.636
     0.052    -0.800    -0.598
     0.118    -0.810    -0.574
     0.126    -0.833    -0.540
     0.046    -0.802    -0.595
    -0.038    -0.811    -0.584
    -0.024    -0.872    -0.489
     0.026    -0.785    -0.619
     0.007    -0.912    -0.411
     0.050    -0.792    -0.608
     0.005    -0.877    -0.481
     0.069    -0.858    -0.510
     0.126    -0.791    -0.598
     0.034    -0.809    -0.587
     0.102    -0.859    -0.501
    -0.048    -0.820    -0.570
     0.091    -0.790    -0.607
     0.016    -0.822    -0.569
     0.126    -0.882    -0.454
    -0.036    -0.766    -0.642
    -0.031    -0.881    -0.472
     0.018    -0.814    -0.581
     0.160    -0.811    -0.562
     0.055    -0.855    -0.516
     0.058    -0.870    -0.489
     0.112    -0.872    -0.477
     0.234    -0.841    -0.487
     0.087    -0.856    -0.509
     0.043    -0.892    -0.450
     0.073    -0.777    -0.625
    -0.004    -0.835    -0.550
     0.079    -0.842    -0.534
     0.003    -0.846    -0.533
     0.154    -0.784    -0.601
     0.180    -0.868    -0.463
     0.027    -0.924    -0.382
     0.019    -0.836    -0.549
     0.132    -0.822    -0.555
     0.166    -0.897    -0.411
    -0.033    -0.831    -0.555
     0.056    -0.818    -0.573
    -0.069    -0.785    -0.616
    -0.014    -0.786    -0.618
    -0.094    -0.828    -0.553
     0.006    -0.890    -0.455
     0.086    -0.841    -0.534
    -0.066    -0.858    -0.509
     0.126    -0.837    -0.533
    -0.057    -0.856    -0.514
     0.014    -0.892    -0.451
     0.065    -0.928    -0.366
     0.031    -0.730    -0.683
     0.030    -0.899    -0.438
     0.135    -0.883    -0.450
     0.008    -0.833    -0.553
    -0.104    -0.846    -0.523
     0.069    -0.851    -0.521
     0.116    -0.837    -0.535
    -0.073    -0.809    -0.583
    -0.148    -0.873    -0.465
    -0.044    -0.804    -0.593
     0.016    -0.843    -0.537
     0.049    -0.883    -0.467
     0.032    -0.656    -0.754
     0.116    -0.894    -0.433
     0.124    -0.832    -0.541
     0.018    -0.858    -0.513
     0.167    -0.815    -0.555
     0.097    -0.909    -0.405
     0.046    -0.797    -0.602
    -0.083    -0.832    -0.549
     0.091    -0.825    -0.558
     0.161    -0.882    -0.443
     0.106    -0.876    -0.471
     0.074    -0.906    -0.418
    -0.037    -0.916    -0.399
     0.060    -0.775    -0.629
    -0.035    -0.791    -0.611
     0.119    -0.856    -0.503
     0.004    -0.848    -0.530
     0.063    -0.870    -0.489
     0.022    -0.852    -0.523
     0.214    -0.777    -0.592
     0.077    -0.826    -0.558
     0.068    -0.876    -0.478
    -0.042    -0.773    -0.633
    -0.019    -0.770    -0.637
     0.189    -0.867    -0.461
     0.027    -0.901    -0.434
     0.045    -0.874    -0.484
     0.026    -0.841    -0.541
     0.207    -0.856    -0.473
     0.071    -0.859    -0.507
     0.153    -0.871    -0.467
     0.075    -0.811    -0.580
     0.110    -0.916    -0.386
     0.042    -0.793    -0.608
    -0.044    -0.917    -0.396
    -0.041    -0.775    -0.630
    -0.015    -0.829    -0.560
    -0.019    -0.787    -0.617
     0.019    -0.872    -0.489
    -0.001    -0.833    -0.553
     0.069    -0.828    -0.556
    -0.029    -0.887    -0.460
     0.105    -0.855    -0.508
    -0.060    -0.858    -0.510
     0.112    -0.832    -0.544
    -0.105    -0.788    -0.607
    -0.038    -0.830    -0.557
     0.019    -0.852    -0.523
     0.059    -0.903    -0.425
     0.107    -0.850    -0.516
    -0.116    -0.781    -0.613
    -0.091    -0.818    -0.568
     0.016    -0.876    -0.482
     0.077    -0.866    -0.494
    -0.024    -0.912    -0.408
     0.040    -0.763    -0.646
     0.017    -0.873    -0.488
     0.100    -0.862    -0.496
     0.042    -0.821    -0.569
     0.016    -0.926    -0.378
     0.143    -0.791    -0.595
    -0.060    -0.816    -0.575
     0.062    -0.845    -0.531
     0.128    -0.816    -0.563
     0.072    -0.817    -0.572
    -0.038    -0.815    -0.578
     0.015    -0.846    -0.532
    -0.008    -0.871    -0.491
     0.137    -0.874    -0.466
     0.191    -0.902    -0.388
     0.069    -0.839    -0.540
    -0.044    -0.876    -0.480
     0.038    -0.813    -0.581
    -0.199    -0.877    -0.437
     0.122    -0.708    -0.696
     0.174    -0.833    -0.525
    -0.021    -0.901    -0.433
     0.188    -0.780    -0.597
     0.030    -0.862    -0.506
    -0.055    -0.870    -0.489
    -0.016    -0.817    -0.576
    -0.012    -0.880    -0.475
     0.105    -0.812    -0.574
    -0.077    -0.802    -0.593
     0.127    -0.830    -0.543
     0.087    -0.900    -0.427
    -0.018    -0.881    -0.473
     0.206    -0.834    -0.511
     0.081    -0.803    -0.590
     0.024    -0.851    -0.524
     0.167    -0.790    -0.591
     0.066    -0.855    -0.514
     0.026    -0.810    -0.585
    -0.022    -0.872    -0.488
    -0.007    -0.799    -0.601
     0.139    -0.798    -0.586
    -0.011    -0.832    -0.555
     0.085    -0.857    -0.508
     0.036    -0.832    -0.554
     0.055    -0.908    -0.415
     0.111    -0.893    -0.435
     0.013    -0.849    -0.528
     0.062    -0.709    -0.703
     0.023    -0.851    -0.525
    -0.044    -0.761    -0.647
     0.165    -0.841    -0.516
     0.164    -0.765    -0.623
    -0.022    -0.823    -0.568
     0.195    -0.800    -0.568
    -0.023    -0.879    -0.476
    -0.118    -0.828    -0.549
     0.007    -0.818    -0.575
     0.019    -0.882    -0.471
     0.000    -0.902    -0.433
     0.067    -0.883    -0.465
    -0.156    -0.841    -0.518
     0.030    -0.820    -0.572
    -0.028    -0.800    -0.600
     0.046    -0.846    -0.532
     0.093    -0.799    -0.594
    -0.080    -0.833    -0.547
     0.109    -0.878    -0.466
     0.047    -0.824    -0.565
     0.046    -0.763    -0.645
    -0.082    -0.863    -0.498
     0.095    -0.864    -0.494
     0.092    -0.879    -0.468
     0.076    -0.771    -0.633
     0.035    -0.855    -0.518
     0.051    -0.880    -0.472
     0.029    -0.847    -0.531
    -0.071    -0.797    -0.600
    -0.021    -0.867    -0.498
     0.003    -0.868    -0.497
     0.239    -0.821    -0.519
     0.095    -0.855    -0.510
     0.153    -0.729    -0.667
     0.013    -0.811    -0.585
    -0.012    -0.756    -0.654
     0.056    -0.851    -0.522
     0.007    -0.876    -0.483
     0.077    -0.816    -0.574
     0.041    -0.835    -0.548
    -0.017    -0.763    -0.646
    -0.043    -0.837    -0.546
     0.014    -0.892    -0.453
    -0.038    -0.876    -0.481
     0.058    -0.781    -0.622
     0.128    -0.789    -0.601
     0.106    -0.854    -0.510
     0.125    -0.868    -0.481
     0.074    -0.872    -0.484
     0.109    -0.872    -0.477
    -0.018    -0.890    -0.456
     0.148    -0.853    -0.501
     0.036    -0.833    -0.553
     0.001    -0.846    -0.533
    -0.088    -0.774    -0.627
     0.097    -0.839    -0.535
     0.086    -0.849    -0.521
     0.239    -0.802    -0.547
     0.054    -0.863    -0.503
     0.080    -0.840    -0.537
     0.117    -0.808    -0.577
     0.109    -0.792    -0.600
    -0.053    -0.834    -0.549
     0.109    -0.802    -0.588
    -0.028    -0.771    -0.636
     0.010    -0.885    -0.465
    -0.037    -0.817    -0.576
     0.044    -0.864    -0.502
    -0.010    -0.844    -0.536
    -0.042    -0.779    -0.626
     0.021    -0.801    -0.599
     0.108    -0.901    -0.421
     0.152    -0.806    -0.572
     0.090    -0.812    -0.577
     0.028    -0.879    -0.476
     0.110    -0.792    -0.601
    -0.027    -0.839    -0.543
     0.152    -0.796    -0.586
    -0.042    -0.854    -0.518
    -0.079    -0.843    -0.532
    -0.028    -0.826    -0.563
     0.132    -0.793    -0.595
     0.099    -0.818    -0.566
     0.054    -0.878    -0.475
     0.012    -0.833    -0.553
     0.023    -0.895    -0.445
     0.030    -0.868    -0.496
     0.051    -0.831    -0.555
     0.001    -0.868    -0.497
     0.143    -0.876    -0.460
    -0.051    -0.902    -0.429
    -0.044    -0.819    -0.573
    -0.067    -0.853    -0.517
     0.037    -0.840    -0.541
     0.134    -0.852    -0.506
     0.064    -0.804    -0.591
     0.005    -0.750    -0.661
    -0.095    -0.825    -0.557
    -0.091    -0.793    -0.603
     0.074    -0.768    -0.636
    -0.008    -0.867    -0.498
     0.040    -0.883    -0.468
     0.014    -0.912    -0.411
    -0.014    -0.810    -0.587
    -0.103    -0.808    -0.580
     0.165    -0.843    -0.513
    -0.062    -0.849    -0.525
    -0.119    -0.817    -0.564
     0.098    -0.795    -0.599
    -0.006    -0.817    -0.576
     0.114    -0.873    -0.474
     0.034    -0.856    -0.516
     0.130    -0.798    -0.588
     0.056    -0.898    -0.437
     0.037    -0.845    -0.534
    -0.040    -0.861    -0.507
     0.121    -0.773    -0.623
     0.144    -0.880    -0.452
    -0.033    -0.836    -0.547
    -0.086    -0.829    -0.553
     0.038    -0.882    -0.469
     0.041    -0.730    -0.682
     0.151    -0.795    -0.587
    -0.009    -0.854    -0.521
     0.040    -0.902    -0.430
    -0.036    -0.859    -0.510
     0.037    -0.863    -0.504
     0.169    -0.816    -0.553
     0.021    -0.877    -0.481
    -0.016    -0.860    -0.509
     0.195    -0.815    -0.546
     0.138    -0.861    -0.490
     0.012    -0.897    -0.442
     0.028    -0.806    -0.591
     0.003    -0.778    -0.628
     0.007    -0.816    -0.578
    -0.050    -0.822    -0.568
     0.009    -0.849    -0.529
     0.026    -0.844    -0.535
     0.145    -0.836    -0.529
     0.001    -0.766    -0.643
     0.052    -0.830    -0.555
     0.122    -0.812    -0.571
     0.129    -0.793    -0.596
     0.044    -0.807    -0.589
    -0.003    -0.828    -0.561
     0.147    -0.794    -0.590
    -0.032    -0.903    -0.429
    -0.008    -0.818    -0.575
     0.050    -0.795    -0.605
     0.083    -0.850    -0.521
     0.067    -0.844    -0.532
    -0.087    -0.788    -0.609
     0.047    -0.837    -0.546
     0.099    -0.868    -0.487
    -0.067    -0.832    -0.551
     0.141    -0.861    -0.489
     0.001    -0.836    -0.549
     0.121    -0.816    -0.566
     0.064    -0.839    -0.540
    -0.099    -0.836    -0.539
     0.098    -0.916    -0.390
     0.070    -0.840    -0.537
    -0.100    -0.906    -0.410
    -0.049    -0.905    -0.423
     0.016    -0.805    -0.594
     0.023    -0.857    -0.514
     0.076    -0.766    -0.638
     0.136    -0.825    -0.548
     0.037    -0.755    -0.655
     0.019    -0.881    -0.473
     0.016    -0.815    -0.579
     0.007    -0.856    -0.518
     0.082    -0.862    -0.501
    -0.003    -0.852    -0.523
     0.055    -0.798    -0.600
    -0.048    -0.864    -0.500
     0.107    -0.870    -0.481
     0.036    -0.858    -0.513
     0.040    -0.842    -0.539
    -0.088    -0.887    -0.454
     0.090    -0.683    -0.725
     0.169    -0.826    -0.538
    -0.111    -0.878    -0.466
     0.134    -0.835    -0.533
     0.067    -0.806    -0.588
     0.054    -0.867    -0.495
    -0.179    -0.890    -0.420
    -0.122    -0.841    -0.528
    -0.028    -0.734    -0.679
    -0.040    -0.872    -0.487
     0.030    -0.837    -0.547
     0.062    -0.896    -0.440
     0.165    -0.835    -0.524
     0.048    -0.842    -0.537
     0.114    -0.786    -0.608
     0.069    -0.848    -0.525
     0.158    -0.780    -0.605
     0.121    -0.833    -0.541
     0.049    -0.816    -0.576
     0.038    -0.888    -0.458
     0.197    -0.846    -0.495
     0.052    -0.833    -0.551
     0.048    -0.831    -0.554
     0.041    -0.818    -0.573
     0.244    -0.845    -0.475
     0.040    -0.802    -0.595
     0.032    -0.758    -0.652
     0.073    -0.884    -0.461
     0.065    -0.901    -0.429
     0.010    -0.872    -0.489
    -0.014    -0.873    -0.487
     0.004    -0.845    -0.535
     0.052    -0.870    -0.491
     0.030    -0.850    -0.526
     0.058    -0.886    -0.461
    -0.062    -0.903    -0.425
     0.062    -0.812    -0.580
    -0.022    -0.848    -0.529
    -0.029    -0.907    -0.419
     0.091    -0.822    -0.562
     0.064    -0.858    -0.510
     0.086    -0.758    -0.646
    -0.044    -0.875    -0.482
    -0.034    -0.870    -0.493
     0.191    -0.803    -0.564
    -0.086    -0.860    -0.502
     0.073    -0.823    -0.564
    -0.019    -0.883    -0.469
     0.078    -0.874    -0.479
     0.121    -0.772    -0.624
     0.074    -0.847    -0.526
    -0.012    -0.862    -0.507
     0.083    -0.888    -0.451
     0.025    -0.895    -0.445
     0.182    -0.725    -0.665
    -0.005    -0.815    -0.579
    -0.030    -0.811    -0.585
     0.025    -0.831    -0.556
     0.070    -0.883    -0.465
    -0.020    -0.872    -0.489
    -0.029    -0.832    -0.554
     0.050    -0.897    -0.439
     0.011    -0.840    -0.542
     0.008    -0.920    -0.392
     0.172    -0.849    -0.499
     0.077    -0.805    -0.588
     0.101    -0.862    -0.496
     0.033    -0.809    -0.587
     0.075    -0.819    -0.568
    -0.045    -0.826    -0.562
     0.162    -0.809    -0.566
    -0.027    -0.842    -0.539
    -0.095    -0.897    -0.431
     0.008    -0.875    -0.485
     0.208    -0.811    -0.546
    -0.097    -0.844    -0.527
    -0.016    -0.932    -0.362
     0.004    -0.768    -0.641
     0.143    -0.860    -0.491
     0.025    -0.888    -0.460
     0.094    -0.810    -0.578
     0.113    -0.830    -0.545
     0.109    -0.868    -0.484
     0.172    -0.843    -0.510
    -0.051    -0.851    -0.523
    -0.129    -0.848    -0.513
     0.010    -0.840    -0.543
     0.032    -0.789    -0.613
     0.121    -0.803    -0.584
     0.038    -0.883    -0.467
    -0.066    -0.832    -0.551
     0.107    -0.892    -0.440
     0.057    -0.897    -0.438
    -0.048    -0.874    -0.483
     0.001    -0.824    -0.567
     0.107    -0.898    -0.426
    -0.196    -0.784    -0.589
     0.043    -0.878    -0.476
    -0.072    -0.787    -0.613
    -0.006    -0.859    -0.512
    -0.021    -0.814    -0.581
     0.031    -0.894    -0.446
    -0.012    -0.815    -0.580
     0.075    -0.793    -0.604
     0.128    -0.725    -0.677
     0.081    -0.875    -0.477
     0.000    -0.833    -0.553
     0.081    -0.829    -0.553
     0.153    -0.814    -0.560
     0.067    -0.821    -0.568
     0.056    -0.736    -0.674
     0.082    -0.797    -0.598
     0.083    -0.829    -0.554
     0.033    -0.797    -0.604
     0.188    -0.885    -0.427
    -0.014    -0.867    -0.497
     0.070    -0.764    -0.641
    -0.069    -0.781    -0.620
     0.013    -0.852    -0.523
     0.031    -0.829    -0.559
     0.034    -0.873    -0.487
    -0.020    -0.888    -0.459
     0.145    -0.813    -0.563
    -0.003    -0.861    -0.509
    -0.028    -0.882    -0.470
     0.044    -0.872    -0.488
     0.111    -0.845    -0.524
     0.061    -0.881    -0.470
     0.117    -0.807    -0.579
     0.033    -0.891    -0.454
     0.090    -0.798    -0.595
    -0.110    -0.843    -0.526
     0.183    -0.853    -0.489
     0.067    -0.801    -0.595
     0.032    -0.853    -0.522
    -0.174    -0.865    -0.470
     0.158    -0.893    -0.422
     0.098    -0.890    -0.445
     0.075    -0.800    -0.596
     0.026    -0.733    -0.680
    -0.021    -0.828    -0.560
     0.121    -0.859    -0.497
     0.094    -0.746    -0.660
     0.018    -0.868    -0.497
     0.173    -0.825    -0.538
    -0.131    -0.847    -0.514
     0.150    -0.826    -0.544
     0.048    -0.888    -0.456
     0.085    -0.798    -0.596
     0.039    -0.884    -0.465
     0.012    -0.876    -0.482
    -0.096    -0.848    -0.521
     0.039    -0.855    -0.517
     0.012    -0.912    -0.410
     0.117    -0.829    -0.547
     0.125    -0.844    -0.522
     0.044    -0.723    -0.690
     0.098    -0.812    -0.576
     0.144    -0.903    -0.405
     0.101    -0.844    -0.526
    -0.030    -0.832    -0.554
     0.021    -0.703    -0.711
     0.055    -0.933    -0.356
     0.002    -0.886    -0.464
     0.054    -0.797    -0.602
     0.213    -0.814    -0.540
     0.116    -0.844    -0.523
     0.034    -0.852    -0.523
     0.077    -0.819    -0.568
     0.164    -0.889    -0.428
    -0.028    -0.887    -0.461
     0.084    -0.868    -0.489
     0.115    -0.840    -0.530
    -0.038    -0.862    -0.506
     0.108    -0.838    -0.535
     0.058    -0.846    -0.531
     0.011    -0.728    -0.685
     0.094    -0.778    -0.621
    -0.053    -0.831    -0.554
     0.062    -0.803    -0.593
    -0.008    -0.848    -0.530
     0.099    -0.890    -0.445
     0.288    -0.818    -0.499
     0.021    -0.840    -0.542
     0.070    -0.782    -0.619
    -0.106    -0.841    -0.531
    -0.025    -0.827    -0.562
     0.189    -0.838    -0.511
    -0.115    -0.874    -0.473
     0.017    -0.842    -0.538
     0.026    -0.829    -0.558
     0.023    -0.735    -0.678
     0.064    -0.854    -0.516
     0.167    -0.890    -0.425
    -0.104    -0.854    -0.510
     0.028    -0.785    -0.619
    -0.057    -0.851    -0.522
     0.074    -0.889    -0.452
     0.047    -0.846    -0.531
     0.126    -0.884    -0.451
     0.095    -0.881    -0.463
     0.116    -0.758    -0.642
     0.169    -0.841    -0.514
     0.139    -0.857    -0.495
     0.059    -0.846    -0.530
    -0.065    -0.757    -0.650
     0.141    -0.789    -0.599
     0.068    -0.828    -0.556
     0.017    -0.794    -0.607
    -0.043    -0.859    -0.510
     0.017    -0.807    -0.590
     0.088    -0.813    -0.576
     0.073    -0.807    -0.586
    -0.029    -0.865    -0.501
    -0.047    -0.819    -0.571
    -0.083    -0.754    -0.651
     0.158    -0.801    -0.577
     0.043    -0.850    -0.525
     0.121    -0.862    -0.492
     0.064    -0.866    -0.497
    -0.015    -0.818    -0.575
    -0.028    -0.789    -0.614
     0.264    -0.786    -0.559
    -0.001    -0.927    -0.374
    -0.018    -0.905    -0.425
    -0.059    -0.791    -0.609
    -0.010    -0.801    -0.598
     0.300    -0.744    -0.597
     0.036    -0.845    -0.533
     0.051    -0.863    -0.503
    -0.019    -0.793    -0.609
    -0.045    -0.879    -0.474
     0.187    -0.867    -0.462
    -0.016    -0.915    -0.402
    -0.005    -0.813    -0.582
     0.051    -0.845    -0.532
     0.093    -0.850    -0.518
    -0.091    -0.834    -0.544
     0.124    -0.846    -0.519
    -0.077    -0.854    -0.514
     0.031    -0.864    -0.502
     0.095    -0.868    -0.488
    -0.011    -0.885    -0.465
     0.071    -0.879    -0.472
     0.101    -0.901    -0.421
     0.024    -0.859    -0.511
     0.152    -0.832    -0.534
     0.093    -0.899    -0.428
     0.112    -0.855    -0.507
     0.046    -0.842    -0.538
     0.019    -0.763    -0.646
     0.021    -0.798    -0.602
    -0.071    -0.812    -0.579
    -0.016    -0.828    -0.560
     0.071    -0.745    -0.663
     0.020    -0.795    -0.606
     0.098    -0.807    -0.583
     0.045    -0.776    -0.629
     0.008    -0.813    -0.583
    -0.024    -0.800    -0.599
     0.130    -0.868    -0.479
    -0.050    -0.860    -0.509
    -0.031    -0.860    -0.509
     0.178    -0.792    -0.584
     0.222    -0.710    -0.668
     0.135    -0.822    -0.553
     0.057    -0.744    -0.665
     0.123    -0.892    -0.434
     0.016    -0.822    -0.570
    -0.001    -0.768    -0.640
     0.015    -0.841    -0.541
     0.036    -0.858    -0.512
     0.074    -0.842    -0.534
    -0.020    -0.875    -0.484
     0.022    -0.760    -0.650
     0.017    -0.886    -0.464
     0.025    -0.776    -0.630
    -0.014    -0.773    -0.635
     0.090    -0.864    -0.496
    -0.098    -0.879    -0.467
     0.010    -0.886    -0.464
     0.015    -0.858    -0.513
     0.071    -0.799    -0.598
     0.142    -0.921    -0.361
     0.052    -0.841    -0.538
    -0.004    -0.786    -0.618
     0.243    -0.852    -0.465
    -0.008    -0.795    -0.607
     0.033    -0.796    -0.604
    -0.045    -0.839    -0.543
     0.045    -0.834    -0.551
     0.149    -0.856    -0.496
    -0.014    -0.926    -0.376
    -0.085    -0.856    -0.510
     0.062    -0.852    -0.520
     0.089    -0.886    -0.455
     0.069    -0.842    -0.534
     0.035    -0.931    -0.364
     0.077    -0.778    -0.623
     0.065    -0.848    -0.526
     0.150    -0.855    -0.496
     0.152    -0.861    -0.486
    -0.035    -0.850    -0.526
     0.158    -0.804    -0.573
    -0.022    -0.834    -0.552
     0.018    -0.847    -0.531
     0.081    -0.842    -0.534
    -0.096    -0.715    -0.692
     0.089    -0.840    -0.535
    -0.035    -0.847    -0.531
     0.042    -0.800    -0.599
    -0.008    -0.909    -0.416
     0.155    -0.811    -0.564
    -0.082    -0.905    -0.418
     0.032    -0.768    -0.640
     0.030    -0.855    -0.518
     0.153    -0.816    -0.558
     0.021    -0.825    -0.565
     0.060    -0.831    -0.553
    -0.090    -0.887    -0.453
     0.051    -0.827    -0.560
    -0.070    -0.826    -0.560
     0.131    -0.870    -0.476
     0.091    -0.818    -0.568
     0.108    -0.855    -0.507
     0.077    -0.839    -0.539
     0.072    -0.777    -0.625
     0.006    -0.864    -0.504
    -0.061    -0.796    -0.602
     0.030    -0.905    -0.423
     0.078    -0.830    -0.552
     0.183    -0.774    -0.606
     0.017    -0.783    -0.622
     0.191    -0.866    -0.462
     0.192    -0.797    -0.573
     0.043    -0.834    -0.550
     0.150    -0.862    -0.484
     0.011    -0.862    -0.506
     0.026    -0.876    -0.481
     0.095    -0.847    -0.523
     0.006    -0.857    -0.516
     0.120    -0.820    -0.560
     0.097    -0.855    -0.509
     0.023    -0.816    -0.577
     0.077    -0.760    -0.645
     0.066    -0.788    -0.612
     0.004    -0.905    -0.426
    -0.053    -0.891    -0.451
     0.124    -0.849    -0.514
     0.023    -0.852    -0.523
    -0.000    -0.796    -0.606
    -0.030    -0.839    -0.543
     0.045    -0.903    -0.427
     0.000    -0.784    -0.620
     0.185    -0.745    -0.642
    -0.045    -0.784    -0.619
    -0.015    -0.838    -0.545
     0.069    -0.919    -0.389
    -0.058    -0.765    -0.641
     0.134    -0.852    -0.506
     0.023    -0.832    -0.554
     0.138    -0.807    -0.575
     0.001    -0.888    -0.459
     0.023    -0.815    -0.579
    -0.002    -0.843    -0.538
     0.102    -0.865    -0.492
     0.106    -0.835    -0.540
    -0.014    -0.755    -0.656
     0.039    -0.873    -0.486
     0.003    -0.841    -0.541
     0.093    -0.811    -0.577
     0.077    -0.871    -0.485
     0.007    -0.843    -0.537
     0.044    -0.822    -0.568
     0.105    -0.853    -0.512
    -0.025    -0.890    -0.456
    -0.085    -0.869    -0.488
    -0.003    -0.861    -0.509
    -0.019    -0.898    -0.439
     0.090    -0.806    -0.585
     0.140    -0.805    -0.577
     0.049    -0.788    -0.614
    -0.023    -0.883    -0.468
     0.055    -0.835    -0.547
    -0.086    -0.780    -0.620
     0.008    -0.843    -0.537
     0.038    -0.844    -0.536
    -0.040    -0.769    -0.638
     0.073    -0.776    -0.626
     0.035    -0.827    -0.561
     0.147    -0.839    -0.523
     0.003    -0.880    -0.476
     0.058    -0.849    -0.526
     0.167    -0.811    -0.561
     0.013    -0.836    -0.548
     0.154    -0.838    -0.524
     0.037    -0.842    -0.538
     0.102    -0.890    -0.445
     0.141    -0.835    -0.532
     0.028    -0.883    -0.468
     0.051    -0.916    -0.398
     0.121    -0.783    -0.610
     0.112    -0.913    -0.392
     0.161    -0.907    -0.390
     0.020    -0.791    -0.612
    -0.047    -0.805    -0.591
    -0.001    -0.770    -0.638
     0.132    -0.816    -0.562
    -0.058    -0.876    -0.479
     0.142    -0.830    -0.540
    -0.054    -0.848    -0.527
     0.053    -0.886    -0.461
    -0.044    -0.830    -0.556
     0.028    -0.823    -0.567
     0.083    -0.924    -0.374
     0.120    -0.811    -0.573
     0.016    -0.843    -0.538
     0.058    -0.771    -0.634
     0.166    -0.861    -0.480
    -0.050    -0.866    -0.498
    -0.075    -0.819    -0.569
     0.022    -0.885    -0.465
     0.026    -0.811    -0.584
     0.063    -0.810    -0.583
     0.095    -0.811    -0.577
     0.108    -0.782    -0.613
     0.002    -0.834    -0.551
     0.083    -0.874    -0.478
     0.052    -0.880    -0.473
    -0.053    -0.872    -0.487
     0.017    -0.835    -0.550
     0.011    -0.822    -0.569
     0.093    -0.807    -0.583
     0.010    -0.839    -0.544
     0.117    -0.867    -0.484
    -0.056    -0.845    -0.532
     0.036    -0.754    -0.655
    -0.020    -0.780    -0.626
     0.040    -0.832    -0.554
     0.034    -0.847    -0.531
     0.182    -0.852    -0.492
     0.047    -0.805    -0.591
     0.196    -0.839    -0.508
    -0.059    -0.849    -0.525
    -0.016    -0.833    -0.553
    -0.059    -0.861    -0.506
     0.110    -0.831    -0.545
     0.117    -0.836    -0.536
     0.024    -0.897    -0.442
    -0.148    -0.802    -0.579
     0.038    -0.862    -0.505
     0.062    -0.794    -0.605
    -0.043    -0.822    -0.568
     0.042    -0.852    -0.522
     0.027    -0.817    -0.576
     0.013    -0.736    -0.677
    -0.086    -0.834    -0.545
     0.212    -0.908    -0.360
     0.113    -0.919    -0.378
    -0.115    -0.812    -0.573
     0.036    -0.905    -0.424
    -0.020    -0.803    -0.596
     0.071    -0.812    -0.579
     0.116    -0.760    -0.640
     0.107    -0.820    -0.562
     0.039    -0.862    -0.506
     0.068    -0.872    -0.486
     0.118    -0.821    -0.558
     0.025    -0.904    -0.427
     0.073    -0.807    -0.586
    -0.053    -0.843    -0.535
    -0.140    -0.837    -0.530
     0.075    -0.794    -0.603
    -0.016    -0.911    -0.411
     0.128    -0.834    -0.536
    -0.071    -0.841    -0.536
    -0.006    -0.823    -0.568
     0.045    -0.878    -0.476
     0.016    -0.840    -0.543
     0.006    -0.880    -0.475
     0.043    -0.852    -0.523
    -0.108    -0.885    -0.453
     0.015    -0.856    -0.517
     0.074    -0.827    -0.557
     0.006    -0.913    -0.408
    -0.055    -0.886    -0.460
     0.153    -0.855    -0.496
    -0.062    -0.823    -0.565
     0.030    -0.895    -0.445
    -0.032    -0.795    -0.606
    -0.016    -0.848    -0.530
     0.031    -0.879    -0.476
     0.117    -0.847    -0.519
    -0.011    -0.941    -0.339
    -0.054    -0.911    -0.408
     0.086    -0.747    -0.660
     0.203    -0.783    -0.588
     0.025    -0.808    -0.589
     0.018    -0.866    -0.500
    -0.005    -0.752    -0.659
     0.160    -0.884    -0.440
     0.087    -0.872    -0.482
     0.026    -0.805    -0.593
     0.084    -0.763    -0.641
     0.001    -0.885    -0.466
     0.064    -0.841    -0.537
    -0.024    -0.893    -0.450
     0.002    -0.820    -0.572
     0.002    -0.838    -0.546
     0.012    -0.786    -0.618
     0.018    -0.894    -0.447
     0.116    -0.932    -0.343
    -0.022    -0.848    -0.529
     0.020    -0.892    -0.451
     0.012    -0.900    -0.437
     0.087    -0.879    -0.469
     0.056    -0.825    -0.562
     0.015    -0.865    -0.502
     0.060    -0.729    -0.681
     0.019    -0.878    -0.478
    -0.002    -0.877    -0.481
     0.007    -0.821    -0.571
    -0.030    -0.903    -0.429
     0.060    -0.813    -0.579
     0.141    -0.816    -0.561
    -0.166    -0.827    -0.537
     0.053    -0.809    -0.586
     0.074    -0.904    -0.421
     0.001    -0.864    -0.503
     0.042    -0.839    -0.543
     0.052    -0.911    -0.409
     0.076    -0.792    -0.606
     0.116    -0.850    -0.513
    -0.012    -0.868    -0.496
     0.150    -0.850    -0.505
    -0.032    -0.770    -0.638
     0.036    -0.822    -0.569
     0.060    -0.816    -0.574
    -0.004    -0.878    -0.479
    -0.013    -0.757    -0.653
     0.084    -0.825    -0.558
     0.026    -0.875    -0.484
    -0.032    -0.774    -0.632
     0.039    -0.840    -0.541
     0.034    -0.793    -0.608
    -0.140    -0.865    -0.481
     0.021    -0.888    -0.459
     0.057    -0.812    -0.581
     0.060    -0.862    -0.503
     0.096    -0.820    -0.565
    -0.006    -0.820    -0.573
    -0.071    -0.903    -0.423
     0.014    -0.824    -0.566
     0.068    -0.872    -0.486
    -0.042    -0.818    -0.573
     0.143    -0.848    -0.511
     0.179    -0.677    -0.714
     0.085    -0.833    -0.546
    -0.182    -0.765    -0.618
     0.003    -0.908    -0.419
     0.087    -0.837    -0.540
     0.161    -0.853    -0.496
     0.045    -0.811    -0.583
    -0.032    -0.885    -0.465
     0.068    -0.787    -0.613
     0.087    -0.825    -0.558
     0.016    -0.832    -0.555
    -0.013    -0.837    -0.547
     0.047    -0.870    -0.490
     0.173    -0.835    -0.522
    -0.027    -0.891    -0.453
     0.117    -0.853    -0.509
     0.084    -0.865    -0.494
    -0.042    -0.859    -0.510
    -0.093    -0.855    -0.510
     0.064    -0.765    -0.640
     0.042    -0.854    -0.519
    -0.073    -0.848    -0.525
    -0.046    -0.857    -0.514
     0.006    -0.781    -0.625
     0.081    -0.818    -0.570
    -0.100    -0.874    -0.476
    -0.114    -0.668    -0.736
    -0.056    -0.836    -0.546
    -0.055    -0.865    -0.499
    -0.152    -0.859    -0.488
    -0.027    -0.894    -0.448
    -0.007    -0.716    -0.698
     0.035    -0.850    -0.525
     0.104    -0.824    -0.557
    -0.035    -0.784    -0.620
     0.170    -0.819    -0.548
    -0.002    -0.891    -0.454
     0.026    -0.834    -0.552
     0.154    -0.857    -0.492
     0.045    -0.818    -0.573
     0.027    -0.786    -0.617
     0.062    -0.872    -0.486
     0.069    -0.831    -0.551
     0.166    -0.853    -0.494
     0.082    -0.840    -0.536
     0.198    -0.737    -0.646
     0.050    -0.818    -0.573
    -0.108    -0.797    -0.595
    -0.039    -0.839    -0.543
    -0.125    -0.753    -0.646
     0.108    -0.836    -0.537
     0.096    -0.744    -0.661
     0.056    -0.816    -0.576
     0.050    -0.831    -0.554
    -0.062    -0.820    -0.570
    -0.108    -0.801    -0.589
    -0.008    -0.831    -0.556
    -0.079    -0.861    -0.502
     0.040    -0.847    -0.530
    -0.165    -0.752    -0.638
     0.047    -0.808    -0.587
     0.032    -0.849    -0.527
     0.126    -0.742    -0.658
    -0.047    -0.870    -0.491
     0.058    -0.862    -0.504
     0.029    -0.886    -0.463
    -0.008    -0.868    -0.496
     0.043    -0.882    -0.469
     0.024    -0.876    -0.482
     0.066    -0.798    -0.599
    -0.064    -0.862    -0.503
     0.070    -0.828    -0.557
     0.108    -0.806    -0.581
     0.038    -0.865    -0.501
    -0.020    -0.817    -0.576
     0.123    -0.873    -0.471
     0.073    -0.851    -0.521
     0.032    -0.830    -0.557
     0.116    -0.871    -0.478
     0.114    -0.842    -0.527
     0.079    -0.822    -0.564
     0.047    -0.868    -0.494
     0.078    -0.861    -0.503
     0.044    -0.850    -0.524
     0.029    -0.858    -0.513
     0.127    -0.842    -0.524
     0.121    -0.885    -0.449
    -0.061    -0.836    -0.545
     0.124    -0.843    -0.524
     0.145    -0.798    -0.585
    -0.071    -0.894    -0.443
     0.047    -0.793    -0.608
     0.041    -0.853    -0.521
     0.052    -0.849    -0.525
     0.018    -0.862    -0.506
    -0.018    -0.864    -0.504
     0.057    -0.871    -0.487
     0.041    -0.915    -0.402
     0.069    -0.821    -0.567
     0.016    -0.842    -0.538
     0.053    -0.876    -0.480
    -0.056    -0.731    -0.680
     0.052    -0.862    -0.504
     0.078    -0.867    -0.491
     0.027    -0.809    -0.587
    -0.023    -0.813    -0.582
     0.086    -0.805    -0.588
     0.024    -0.861    -0.508
    -0.024    -0.817    -0.577
     0.047    -0.853    -0.519
    -0.025    -0.880    -0.474
     0.179    -0.783    -0.596
     0.214    -0.819    -0.533
     0.001    -0.811    -0.586
    -0.039    -0.881    -0.471
     0.052    -0.803    -0.594
    -0.116    -0.866    -0.486
     0.034    -0.831    -0.556
    -0.083    -0.883    -0.462
    -0.035    -0.797    -0.604
     0.009    -0.804    -0.594
     0.097    -0.834    -0.542
    -0.104    -0.900    -0.422
     0.001    -0.861    -0.509
    -0.053    -0.840    -0.539
    -0.035    -0.751    -0.659
     0.141    -0.815    -0.562
     0.093    -0.912    -0.399
    -0.058    -0.835    -0.547
    -0.065    -0.821    -0.568
     0.054    -0.782    -0.621
     0.039    -0.866    -0.499
    -0.020    -0.833    -0.553
    -0.028    -0.805    -0.593
    -0.045    -0.816    -0.577
     0.067    -0.813    -0.578
     0.035    -0.871    -0.491
    -0.069    -0.816    -0.574
     0.138    -0.769    -0.624
    -0.036    -0.874    -0.485
     0.028    -0.862    -0.506
     0.120    -0.836    -0.535
    -0.013    -0.857    -0.515
     0.100    -0.826    -0.555
     0.074    -0.788    -0.611
    -0.162    -0.743    -0.650
    -0.102    -0.785    -0.611
    -0.063    -0.818    -0.572
    -0.025    -0.825    -0.565
     0.078    -0.811    -0.580
     0.059    -0.876    -0.480
     0.096    -0.901    -0.424
     0.039    -0.851    -0.523
     0.128    -0.783    -0.608
    -0.032    -0.853    -0.520
     0.038    -0.871    -0.490
     0.144    -0.870    -0.471
     0.040    -0.810    -0.585
     0.091    -0.930    -0.357
     0.060    -0.907    -0.418
     0.123    -0.823    -0.555
    -0.036    -0.885    -0.463
    -0.133    -0.870    -0.474
    -0.055    -0.858    -0.511
     0.101    -0.803    -0.587
     0.085    -0.828    -0.554
     0.037    -0.797    -0.603
     0.012    -0.878    -0.478
    -0.026    -0.808    -0.589
     0.089    -0.815    -0.572
     0.060    -0.880    -0.470
    -0.023    -0.822    -0.569
     0.068    -0.862    -0.502
     0.001    -0.830    -0.557
     0.050    -0.820    -0.570
     0.111    -0.883    -0.456
    -0.063    -0.879    -0.472
     0.247    -0.855    -0.455
     0.077    -0.892    -0.445
    -0.133    -0.746    -0.652
    -0.034    -0.824    -0.565
     0.198    -0.769    -0.607
    -0.003    -0.855    -0.518
     0.093    -0.854    -0.511
     0.082    -0.877    -0.473
     0.106    -0.800    -0.590
     0.065    -0.825    -0.561
     0.021    -0.847    -0.532
    -0.042    -0.825    -0.564
     0.093    -0.873    -0.478
     0.005    -0.829    -0.559
     0.073    -0.818    -0.570
    -0.046    -0.825    -0.563
    -0.044    -0.810    -0.585
     0.090    -0.896    -0.434
    -0.016    -0.826    -0.564
    -0.087    -0.833    -0.547
     0.169    -0.667    -0.726
    -0.058    -0.849    -0.525
     0.029    -0.783    -0.621
    -0.065    -0.777    -0.626
     0.065    -0.746    -0.663
     0.175    -0.672    -0.720
     0.030    -0.874    -0.485
     0.075    -0.841    -0.536
     0.008    -0.842    -0.539
    -0.118    -0.857    -0.501
     0.014    -0.859    -0.512
     0.123    -0.850    -0.513
    -0.055    -0.833    -0.550
     0.093    -0.825    -0.558
     0.036    -0.799    -0.600
     0.024    -0.852    -0.522
     0.148    -0.898    -0.414
     0.049    -0.897    -0.440
     0.046    -0.894    -0.445
     0.041    -0.895    -0.443
     0.103    -0.869    -0.484
     0.119    -0.835    -0.537
     0.044    -0.860    -0.508
    -0.042    -0.821    -0.569
    -0.044    -0.891    -0.451
     0.095    -0.802    -0.590
     0.085    -0.767    -0.637
    -0.055    -0.861    -0.505
     0.076    -0.826    -0.559
     0.052    -0.861    -0.505
    -0.095    -0.801    -0.591
     0.214    -0.808    -0.548
     0.111    -0.893    -0.437
     0.002    -0.869    -0.495
     0.057    -0.825    -0.562
     0.111    -0.907    -0.406
    -0.049    -0.860    -0.508
     0.090    -0.862    -0.498
     0.169    -0.797    -0.579
     0.109    -0.897    -0.429
    -0.011    -0.847    -0.531
     0.053    -0.793    -0.607
     0.023    -0.814    -0.580
    -0.005    -0.866    -0.501
    -0.052    -0.907    -0.419
     0.210    -0.827    -0.521
     0.119    -0.803    -0.585
    -0.033    -0.872    -0.489
     0.118    -0.824    -0.554
     0.065    -0.901    -0.428
     0.132    -0.873    -0.469
     0.004    -0.841    -0.541
    -0.047    -0.918    -0.393
     0.191    -0.817    -0.544
     0.089    -0.853    -0.515
     0.011    -0.876    -0.482
     0.210    -0.784    -0.584
    -0.027    -0.819    -0.573
     0.176    -0.861    -0.476
     0.133    -0.835    -0.534
     0.029    -0.858    -0.513
     0.114    -0.862    -0.493
     0.039    -0.806    -0.591
     0.048    -0.842    -0.537
     0.174    -0.827    -0.534
     0.036    -0.873    -0.487
    -0.020    -0.868    -0.496
    -0.066    -0.874    -0.482
     0.106    -0.894    -0.435
     0.037    -0.823    -0.567
     0.020    -0.871    -0.490
    -0.040    -0.829    -0.558
     0.088    -0.822    -0.563
    -0.007    -0.811    -0.584
     0.101    -0.799    -0.593
     0.129    -0.894    -0.428
    -0.018    -0.862    -0.506
     0.080    -0.862    -0.500
    -0.030    -0.845    -0.533
    -0.012    -0.815    -0.579
     0.046    -0.847    -0.530
    -0.021    -0.886    -0.463
    -0.131    -0.883    -0.450
     0.164    -0.836    -0.524
     0.183    -0.779    -0.599
    -0.071    -0.805    -0.589
    -0.018    -0.829    -0.559
     0.053    -0.878    -0.476
     0.055    -0.843    -0.535
     0.068    -0.893    -0.446
     0.030    -0.894    -0.448
     0.058    -0.821    -0.568
    -0.049    -0.897    -0.439
    -0.042    -0.814    -0.580
     0.112    -0.789    -0.604
     0.093    -0.856    -0.508
     0.093    -0.799    -0.594
     0.031    -0.856    -0.516
     0.091    -0.831    -0.549
     0.003    -0.825    -0.565
     0.086    -0.784    -0.615
     0.076    -0.811    -0.580
     0.070    -0.851    -0.520
    -0.020    -0.812    -0.584
     0.013    -0.804    -0.595
     0.062    -0.776    -0.628
     0.129    -0.817    -0.562
    -0.083    -0.891    -0.446
     0.016    -0.866    -0.500
     0.115    -0.808    -0.578
     0.101    -0.827    -0.553
     0.126    -0.822    -0.555
     0.086    -0.893    -0.442
     0.068    -0.813    -0.578
     0.006    -0.875    -0.483
     0.042    -0.830    -0.556
    -0.021    -0.862    -0.507
    -0.007    -0.914    -0.406
    -0.175    -0.866    -0.469
    -0.039    -0.875    -0.483
    -0.032    -0.841    -0.540
     0.082    -0.811    -0.580
     0.017    -0.839    -0.543
    -0.019    -0.841    -0.541
     0.146    -0.828    -0.541
     0.052    -0.826    -0.561
     0.088    -0.882    -0.462
    -0.084    -0.841    -0.534
     0.049    -0.819    -0.572
     0.038    -0.866    -0.499
    -0.033    -0.831    -0.555
     0.125    -0.844    -0.522
    -0.039    -0.870    -0.491
     0.046    -0.866    -0.498
     0.149    -0.834    -0.531
     0.044    -0.747    -0.663
    -0.171    -0.791    -0.588
     0.008    -0.749    -0.662
    -0.017    -0.812    -0.583
     0.029    -0.809    -0.587
    -0.093    -0.884    -0.458
    -0.021    -0.925    -0.379
     0.192    -0.867    -0.459
    -0.008    -0.779    -0.627
     0.123    -0.798    -0.591
     0.034    -0.786    -0.618
     0.035    -0.828    -0.560
     0.108    -0.888    -0.446
     0.084    -0.807    -0.585
     0.037    -0.821    -0.569
     0.044    -0.778    -0.627
     0.219    -0.907    -0.361
     0.073    -0.821    -0.566
     0.095    -0.887    -0.453
     0.184    -0.669    -0.720
     0.106    -0.792    -0.601
     0.060    -0.870    -0.490
    -0.023    -0.826    -0.564
     0.030    -0.812    -0.583
     0.084    -0.821    -0.565
     0.191    -0.804    -0.563
     0.095    -0.755    -0.649
     0.108    -0.897    -0.428
    -0.047    -0.820    -0.570
     0.107    -0.866    -0.489
     0.008    -0.822    -0.570
    -0.060    -0.817    -0.573
     0.153    -0.806    -0.572
     0.021    -0.853    -0.522
     0.011    -0.802    -0.597
     0.040    -0.807    -0.590
     0.083    -0.922    -0.379
    -0.057    -0.849    -0.525
     0.158    -0.822    -0.547
     0.060    -0.807    -0.587
    -0.057    -0.814    -0.578
     0.023    -0.903    -0.430
     0.050    -0.860    -0.508
     0.059    -0.850    -0.523
     0.060    -0.900    -0.431
     0.072    -0.811    -0.580
     0.101    -0.787    -0.608
     0.013    -0.854    -0.521
    -0.058    -0.800    -0.597
    -0.036    -0.785    -0.619
     0.035    -0.814    -0.580
     0.013    -0.831    -0.556
     0.114    -0.868    -0.483
    -0.040    -0.843    -0.536
     0.115    -0.849    -0.516
     0.028    -0.815    -0.579
     0.107    -0.754    -0.648
     0.049    -0.789    -0.612
     0.074    -0.881    -0.468
    -0.060    -0.821    -0.568
     0.060    -0.828    -0.558
     0.073    -0.844    -0.531
    -0.086    -0.811    -0.578
     0.038    -0.857    -0.513
     0.105    -0.827    -0.552
     0.060    -0.891    -0.450
     0.166    -0.859    -0.485
    -0.055    -0.875    -0.481
     0.006    -0.809    -0.587
     0.142    -0.840    -0.524
     0.168    -0.812    -0.559
     0.146    -0.871    -0.468
    -0.081    -0.849    -0.521
    -0.060    -0.817    -0.574
    -0.106    -0.835    -0.539
     0.075    -0.804    -0.590
     0.032    -0.863    -0.505
     0.096    -0.786    -0.611
     0.145    -0.852    -0.503
     0.047    -0.798    -0.601
     0.043    -0.791    -0.611
    -0.050    -0.854    -0.518
    -0.065    -0.813    -0.578
     0.041    -0.779    -0.626
    -0.019    -0.838    -0.545
     0.014    -0.771    -0.636
     0.038    -0.848    -0.528
     0.154    -0.842    -0.518
    -0.081    -0.865    -0.495
     0.127    -0.903    -0.410
    -0.057    -0.850    -0.524
     0.120    -0.858    -0.500
    -0.055    -0.793    -0.606
    -0.024    -0.883    -0.469
     0.054    -0.756    -0.652
    -0.028    -0.858    -0.512
     0.175    -0.741    -0.649
     0.121    -0.870    -0.479
     0.014    -0.841    -0.540
    -0.063    -0.861    -0.504
    -0.027    -0.870    -0.492
     0.026    -0.877    -0.479
     0.026    -0.754    -0.656
     0.068    -0.862    -0.502
     0.001    -0.812    -0.584
     0.075    -0.822    -0.564
     0.106    -0.853    -0.511
    -0.020    -0.800    -0.600
    -0.057    -0.782    -0.621
     0.109    -0.867    -0.487
     0.065    -0.829    -0.556
    -0.038    -0.737    -0.675
     0.081    -0.898    -0.433
     0.154    -0.814    -0.559
    -0.075    -0.876    -0.476
     0.005    -0.842    -0.540
    -0.011    -0.895    -0.445
     0.064    -0.898    -0.435
     0.090    -0.803    -0.590
     0.079    -0.839    -0.538
    -0.162    -0.872    -0.463
    -0.048    -0.873    -0.485
    -0.152    -0.759    -0.633
     0.118    -0.822    -0.558
     0.062    -0.809    -0.584
    -0.022    -0.871    -0.490
    -0.047    -0.895    -0.444
     0.059    -0.881    -0.469
    -0.096    -0.767    -0.635
     0.107    -0.844    -0.526
    -0.001    -0.881    -0.472
    -0.120    -0.774    -0.621
     0.165    -0.871    -0.462
    -0.074    -0.854    -0.514
     0.129    -0.816    -0.564
     0.043    -0.853    -0.520
     0.071    -0.852    -0.519
    -0.056    -0.769    -0.637
    -0.088    -0.870    -0.485
    -0.041    -0.755    -0.654
    -0.010    -0.860    -0.511
     0.012    -0.798    -0.603
     0.129    -0.787    -0.604
     0.128    -0.861    -0.492
     0.171    -0.694    -0.700
     0.021    -0.880    -0.474
    -0.018    -0.863    -0.505
    -0.056    -0.816    -0.576
    -0.213    -0.861    -0.461
     0.064    -0.882    -0.467
     0.038    -0.861    -0.508
     0.010    -0.839    -0.544
     0.054    -0.819    -0.571
     0.057    -0.805    -0.590
    -0.019    -0.836    -0.548
     0.041    -0.852    -0.522
     0.023    -0.890    -0.454
    -0.057    -0.852    -0.520
    -0.016    -0.819    -0.574
    -0.119    -0.885    -0.451
     0.018    -0.849    -0.528
    -0.054    -0.891    -0.451
    -0.024    -0.890    -0.455
     0.125    -0.860    -0.495
     0.031    -0.773    -0.634
     0.090    -0.831    -0.549
    -0.049    -0.852    -0.521
     0.046    -0.844    -0.534
    -0.010    -0.855    -0.518
     0.028    -0.894    -0.448
     0.109    -0.870    -0.480
    -0.079    -0.719    -0.691
     0.050    -0.859    -0.509
     0.012    -0.877    -0.480
    -0.070    -0.863    -0.501
     0.170    -0.836    -0.521
     0.083    -0.890    -0.449
     0.005    -0.850    -0.527
     0.207    -0.876    -0.436
     0.214    -0.876    -0.433
    -0.066    -0.816    -0.574
    -0.035    -0.819    -0.573
     0.019    -0.885    -0.466
     0.169    -0.857    -0.487
    -0.031    -0.898    -0.439
    -0.004    -0.852    -0.523
     0.022    -0.836    -0.548
    -0.019    -0.815    -0.579
     0.158    -0.831    -0.534
    -0.026    -0.881    -0.472
     0.018    -0.850    -0.526
     0.075    -0.848    -0.525
    -0.125    -0.824    -0.553
     0.216    -0.721    -0.659
     0.069    -0.746    -0.662
     0.069    -0.885    -0.460
     0.044    -0.818    -0.574
     0.120    -0.882    -0.456
     0.052    -0.883    -0.467
    -0.025    -0.836    -0.549
     0.006    -0.923    -0.384
     0.057    -0.788    -0.612
     0.094    -0.786    -0.611
     0.008    -0.851    -0.525
     0.139    -0.862    -0.488
     0.157    -0.844    -0.513
     0.049    -0.839    -0.542
     0.079    -0.802    -0.592
     0.026    -0.852    -0.522
     0.096    -0.768    -0.633
    -0.030    -0.856    -0.516
     0.049    -0.885    -0.463
    -0.019    -0.830    -0.558
     0.079    -0.844    -0.531
    -0.011    -0.896    -0.443
     0.174    -0.887    -0.428
    -0.003    -0.917    -0.399
     0.051    -0.893    -0.448
     0.109    -0.850    -0.516
     0.011    -0.757    -0.653
     0.058    -0.878    -0.476
    -0.048    -0.888    -0.457
    -0.020    -0.819    -0.573
     0.003    -0.870    -0.494
    -0.001    -0.792    -0.611
     0.073    -0.807    -0.586
     0.109    -0.825    -0.555
     0.105    -0.863    -0.495
     0.116    -0.928    -0.353
     0.107    -0.852    -0.512
    -0.167    -0.867    -0.470
     0.085    -0.812    -0.577
     0.101    -0.772    -0.627
    -0.014    -0.812    -0.584
    -0.066    -0.834    -0.549
     0.044    -0.818    -0.574
     0.120    -0.777    -0.618
    -0.011    -0.814    -0.581
     0.056    -0.848    -0.526
     0.089    -0.879    -0.468
     0.137    -0.795    -0.590
    -0.002    -0.797    -0.605
     0.086    -0.782    -0.618
     0.126    -0.879    -0.460
    -0.007    -0.800    -0.600
     0.025    -0.876    -0.482
     0.094    -0.866    -0.492
    -0.015    -0.818    -0.575
     0.135    -0.841    -0.525
    -0.010    -0.825    -0.565
    -0.069    -0.915    -0.397
     0.080    -0.844    -0.530
     0.035    -0.875    -0.483
    -0.089    -0.876    -0.474
     0.008    -0.856    -0.516
     0.184    -0.778    -0.600
     0.013    -0.866    -0.500
     0.175    -0.775    -0.607
     0.088    -0.865    -0.494
     0.117    -0.816    -0.566
     0.157    -0.821    -0.549
     0.006    -0.813    -0.582
     0.093    -0.868    -0.488
     0.057    -0.813    -0.580
     0.031    -0.878    -0.477
     0.006    -0.849    -0.528
    -0.118    -0.828    -0.548
     0.026    -0.839    -0.544
     0.133    -0.791    -0.597
     0.113    -0.808    -0.578
     0.011    -0.866    -0.500
    -0.019    -0.892    -0.451
     0.109    -0.898    -0.426
    -0.011    -0.825    -0.565
     0.090    -0.844    -0.529
     0.153    -0.728    -0.668
    -0.051    -0.844    -0.535
     0.176    -0.717    -0.674
    -0.113    -0.818    -0.564
    -0.105    -0.823    -0.558
     0.085    -0.777    -0.624
     0.078    -0.883    -0.464
     0.050    -0.865    -0.500
     0.123    -0.783    -0.610
    -0.037    -0.837    -0.545
     0.115    -0.885    -0.451
    -0.025    -0.887    -0.461
     0.036    -0.849    -0.527
    -0.167    -0.847    -0.505
    -0.055    -0.815    -0.577
     0.156    -0.921    -0.356
     0.036    -0.858    -0.512
    -0.020    -0.763    -0.646
     0.111    -0.848    -0.519
    -0.021    -0.835    -0.550
     0.078    -0.737    -0.671
     0.024    -0.863    -0.504
    -0.049    -0.859    -0.510
    -0.166    -0.839    -0.518
     0.003    -0.860    -0.511
     0.089    -0.797    -0.597
    -0.101    -0.754    -0.649
     0.046    -0.805    -0.591
    -0.060    -0.850    -0.523
    -0.015    -0.831    -0.557
    -0.044    -0.839    -0.542
     0.057    -0.904    -0.423
     0.114    -0.885    -0.451
    -0.018    -0.794    -0.607
     0.091    -0.817    -0.570
    -0.025    -0.838    -0.545
    -0.009    -0.906    -0.422
    -0.057    -0.873    -0.485
     0.136    -0.876    -0.463
     0.084    -0.786    -0.612
    -0.094    -0.692    -0.716
     0.069    -0.757    -0.650
     0.002    -0.823    -0.568
     0.218    -0.805    -0.551
    -0.033    -0.827    -0.561
     0.198    -0.763    -0.615
     0.119    -0.843    -0.524
    -0.018    -0.818    -0.575
     0.063    -0.805    -0.590
     0.080    -0.860    -0.504
     0.068    -0.905    -0.420
     0.132    -0.893    -0.429
     0.065    -0.932    -0.356
     0.216    -0.842    -0.494
     0.049    -0.864    -0.501
    -0.051    -0.807    -0.589
     0.018    -0.894    -0.448
     0.074    -0.833    -0.549
     0.004    -0.787    -0.617
     0.047    -0.783    -0.620
     0.054    -0.870    -0.490
     0.163    -0.868    -0.470
    -0.016    -0.830    -0.558
     0.113    -0.895    -0.432
     0.030    -0.821    -0.570
     0.067    -0.815    -0.575
    -0.004    -0.791    -0.611
     0.062    -0.886    -0.460
     0.010    -0.891    -0.453
     0.097    -0.841    -0.533
     0.175    -0.728    -0.663
     0.129    -0.900    -0.417
     0.038    -0.802    -0.597
     0.067    -0.800    -0.597
     0.041    -0.828    -0.559
    -0.128    -0.861    -0.492
     0.133    -0.835    -0.534
     0.224    -0.797    -0.561
     0.215    -0.816    -0.537
     0.015    -0.803    -0.596
     0.109    -0.895    -0.433
    -0.110    -0.898    -0.425
     0.022    -0.897    -0.442
    -0.123    -0.830    -0.544
    -0.099    -0.777    -0.622
     0.152    -0.729    -0.668
     0.053    -0.835    -0.548
    -0.021    -0.876    -0.481
     0.131    -0.764    -0.632
     0.074    -0.808    -0.584
    -0.118    -0.833    -0.541
     0.009    -0.865    -0.503
    -0.147    -0.764    -0.629
     0.063    -0.818    -0.572
     0.093    -0.915    -0.393
     0.228    -0.845    -0.483
     0.058    -0.821    -0.568
     0.067    -0.838    -0.542
     0.058    -0.799    -0.599
     0.027    -0.845    -0.533
     0.041    -0.823    -0.567
    -0.000    -0.822    -0.569
     0.183    -0.846    -0.500
     0.127    -0.849    -0.513
     0.132    -0.809    -0.573
     0.026    -0.895    -0.446
     0.064    -0.835    -0.546
    -0.006    -0.753    -0.658
    -0.031    -0.725    -0.688
     0.164    -0.745    -0.647
     0.089    -0.787    -0.611
     0.141    -0.840    -0.524
     0.161    -0.873    -0.461
    -0.052    -0.837    -0.545
     0.057    -0.893    -0.447
     0.133    -0.847    -0.514
     0.131    -0.831    -0.541
    -0.074    -0.886    -0.457
    -0.033    -0.867    -0.497
     0.027    -0.830    -0.558
     0.080    -0.851    -0.519
    -0.057    -0.832    -0.551
    -0.000    -0.883    -0.469
     0.024    -0.872    -0.488
    -0.047    -0.833    -0.551
     0.006    -0.808    -0.589
     0.057    -0.821    -0.568
     0.061    -0.759    -0.648
    -0.053    -0.863    -0.502
    -0.009    -0.833    -0.554
     0.185    -0.828    -0.529
    -0.094    -0.886    -0.453
     0.130    -0.840    -0.526
     0.052    -0.772    -0.634
     0.068    -0.840    -0.539
     0.014    -0.841    -0.540
     0.089    -0.872    -0.481
     0.080    -0.798    -0.597
     0.056    -0.844    -0.534
     0.041    -0.880    -0.474
     0.208    -0.847    -0.489
     0.001    -0.789    -0.614
    -0.034    -0.883    -0.468
     0.021    -0.840    -0.542
    -0.079    -0.834    -0.546
     0.054    -0.880    -0.472
    -0.162    -0.863    -0.479
     0.026    -0.916    -0.400
     0.047    -0.850    -0.525
    -0.010    -0.803    -0.596
     0.046    -0.877    -0.478
     0.107    -0.835    -0.540
     0.077    -0.837    -0.542
    -0.051    -0.800    -0.597
     0.013    -0.794    -0.607
    -0.020    -0.889    -0.458
    -0.086    -0.825    -0.559
    -0.018    -0.875    -0.483
     0.037    -0.893    -0.448
    -0.061    -0.854    -0.517
     0.047    -0.769    -0.637
     0.173    -0.851    -0.496
     0.097    -0.852    -0.515
    -0.007    -0.852    -0.524
     0.087    -0.858    -0.506
     0.080    -0.873    -0.480
     0.083    -0.844    -0.529
    -0.031    -0.848    -0.529
     0.026    -0.792    -0.610
     0.053    -0.797    -0.601
     0.031    -0.828    -0.560
     0.107    -0.821    -0.560
     0.089    -0.821    -0.563
     0.080    -0.824    -0.561
     0.107    -0.830    -0.548
     0.024    -0.822    -0.570
     0.084    -0.767    -0.636
    -0.001    -0.770    -0.638
     0.077    -0.782    -0.619
     0.087    -0.810    -0.580
     0.141    -0.836    -0.531
     0.125    -0.838    -0.531
     0.118    -0.819    -0.561
     0.043    -0.836    -0.547
    -0.029    -0.904    -0.427
     0.144    -0.754    -0.641
    -0.043    -0.854    -0.518
     0.157    -0.843    -0.514
     0.064    -0.823    -0.564
     0.018    -0.891    -0.454
     0.148    -0.852    -0.501
     0.007    -0.887    -0.462
    -0.069    -0.851    -0.521
    -0.050    -0.845    -0.532
     0.085    -0.824    -0.560
     0.079    -0.833    -0.547
     0.099    -0.880    -0.465
     0.016    -0.789    -0.614
     0.064    -0.879    -0.473
    -0.178    -0.819    -0.545
     0.153    -0.735    -0.661
     0.023    -0.861    -0.508
     0.083    -0.827    -0.556
     0.000    -0.853    -0.522
     0.159    -0.846    -0.509
    -0.042    -0.895    -0.445
    -0.036    -0.855    -0.517
    -0.002    -0.759    -0.651
    -0.051    -0.865    -0.499
     0.102    -0.830    -0.548
     0.022    -0.864    -0.503
     0.140    -0.840    -0.524
     0.026    -0.835    -0.550
    -0.009    -0.902    -0.432
     0.153    -0.833    -0.532
     0.123    -0.876    -0.467
     0.145    -0.817    -0.558
     0.061    -0.834    -0.548
    -0.063    -0.824    -0.563
     0.002    -0.855    -0.519
     0.109    -0.745    -0.658
    -0.073    -0.868    -0.491
     0.061    -0.867    -0.494
     0.108    -0.826    -0.553
     0.173    -0.872    -0.457
     0.016    -0.786    -0.619
     0.011    -0.833    -0.553
    -0.053    -0.788    -0.613
     0.051    -0.873    -0.485
     0.074    -0.787    -0.612
    -0.022    -0.838    -0.545
     0.086    -0.789    -0.608
     0.049    -0.847    -0.529
     0.135    -0.877    -0.460
     0.120    -0.768    -0.629
     0.237    -0.829    -0.507
     0.175    -0.855    -0.489
     0.031    -0.830    -0.557
     0.008    -0.869    -0.496
    -0.073    -0.784    -0.617
     0.027    -0.856    -0.517
     0.000    -0.829    -0.559
     0.081    -0.786    -0.612
     0.086    -0.817    -0.570
     0.112    -0.813    -0.571
     0.175    -0.838    -0.518
     0.020    -0.852    -0.523
    -0.013    -0.786    -0.619
    -0.088    -0.922    -0.376
     0.151    -0.809    -0.568
     0.097    -0.855    -0.510
    -0.030    -0.805    -0.592
     0.077    -0.872    -0.483
     0.072    -0.859    -0.507
     0.000    -0.697    -0.717
    -0.006    -0.773    -0.635
     0.082    -0.799    -0.596
     0.028    -0.814    -0.581
     0.026    -0.912    -0.409
    -0.115    -0.862    -0.494
     0.101    -0.852    -0.514
     0.027    -0.849    -0.528
     0.061    -0.847    -0.528
     0.021    -0.796    -0.605
     0.015    -0.834    -0.552
    -0.067    -0.891    -0.449
    -0.062    -0.891    -0.450
    -0.043    -0.822    -0.568
     0.206    -0.870    -0.449
     0.083    -0.763    -0.641
     0.072    -0.896    -0.438
    -0.161    -0.732    -0.662
    -0.043    -0.830    -0.556
    -0.005    -0.850    -0.527
    -0.003    -0.779    -0.627
     0.036    -0.783    -0.621
     0.122    -0.884    -0.451
     0.111    -0.827    -0.551
     0.096    -0.824    -0.558
    -0.074    -0.884    -0.462
     0.204    -0.878    -0.433
     0.158    -0.817    -0.554
     0.023    -0.840    -0.541
     0.061    -0.720    -0.692
     0.195    -0.820    -0.538
     0.113    -0.911    -0.396
     0.070    -0.809    -0.584
     0.159    -0.830    -0.535
     0.067    -0.826    -0.560
     0.061    -0.836    -0.545
     0.169    -0.887    -0.430
     0.160    -0.867    -0.471
    -0.013    -0.830    -0.557
     0.052    -0.884    -0.465
    -0.213    -0.843    -0.495
     0.074    -0.749    -0.658
     0.134    -0.905    -0.405
     0.077    -0.769    -0.635
     0.171    -0.849    -0.500
     0.196    -0.866    -0.461
     0.108    -0.809    -0.577
     0.096    -0.836    -0.540
     0.083    -0.767    -0.636
     0.098    -0.798    -0.594
     0.092    -0.902    -0.422
     0.157    -0.837    -0.524
     0.041    -0.868    -0.495
     0.007    -0.879    -0.477
     0.133    -0.796    -0.591
     0.211    -0.862    -0.460
     0.073    -0.831    -0.552
     0.009    -0.781    -0.624
    -0.013    -0.873    -0.487
    -0.182    -0.797    -0.576
     0.055    -0.826    -0.561
     0.089    -0.910    -0.404
    -0.051    -0.788    -0.614
     0.051    -0.875    -0.481
     0.063    -0.834    -0.548
     0.095    -0.807    -0.582
    -0.009    -0.810    -0.587
     0.086    -0.887    -0.454
     0.034    -0.781    -0.624
    -0.222    -0.861    -0.458
     0.083    -0.754    -0.652
     0.075    -0.715    -0.696
     0.126    -0.885    -0.448
     0.031    -0.840    -0.541
     0.040    -0.689    -0.724
     0.002    -0.805    -0.593
    -0.128    -0.847    -0.516
     0.134    -0.861    -0.490
     0.067    -0.801    -0.595
     0.023    -0.867    -0.497
     0.120    -0.887    -0.446
    -0.013    -0.819    -0.573
     0.093    -0.776    -0.624
    -0.070    -0.867    -0.493
     0.208    -0.847    -0.489
     0.143    -0.824    -0.549
     0.095    -0.887    -0.451
    -0.016    -0.899    -0.438
     0.089    -0.839    -0.537
    -0.058    -0.819    -0.571
     0.042    -0.767    -0.641
     0.089    -0.857    -0.508
     0.077    -0.815    -0.575
     0.093    -0.861    -0.501
     0.055    -0.910    -0.412
     0.056    -0.856    -0.513
     0.018    -0.859    -0.511
     0.147    -0.801    -0.580
     0.011    -0.875    -0.485
    -0.003    -0.843    -0.538
     0.081    -0.840    -0.537
     0.056    -0.839    -0.541
     0.107    -0.833    -0.543
     0.047    -0.869    -0.492
     0.122    -0.814    -0.568
    -0.080    -0.847    -0.526
     0.068    -0.759    -0.648
    -0.036    -0.749    -0.661
    -0.111    -0.833    -0.542
     0.147    -0.861    -0.486
     0.161    -0.810    -0.564
     0.082    -0.817    -0.570
     0.046    -0.814    -0.580
     0.057    -0.898    -0.435
     0.106    -0.816    -0.569
     0.072    -0.902    -0.425
     0.136    -0.819    -0.558
     0.075    -0.808    -0.585
     0.065    -0.888    -0.454
    -0.001    -0.803    -0.597
    -0.014    -0.815    -0.579
    -0.023    -0.824    -0.565
     0.006    -0.844    -0.537
     0.059    -0.812    -0.581
     0.067    -0.792    -0.607
    -0.067    -0.840    -0.538
     0.131    -0.786    -0.604
     0.052    -0.822    -0.567
     0.177    -0.801    -0.572
    -0.046    -0.841    -0.539
    -0.069    -0.834    -0.547
    -0.092    -0.824    -0.558
     0.029    -0.836    -0.548
     0.059    -0.859    -0.509
     0.074    -0.892    -0.445
     0.035    -0.776    -0.630
     0.037    -0.775    -0.631
     0.086    -0.837    -0.540
     0.008    -0.869    -0.495
     0.159    -0.832    -0.532
    -0.026    -0.858    -0.513
    -0.096    -0.721    -0.687
     0.010    -0.822    -0.570
     0.036    -0.832    -0.554
     0.034    -0.920    -0.390
     0.055    -0.871    -0.488
     0.005    -0.773    -0.634
     0.167    -0.833    -0.527
     0.069    -0.824    -0.563
     0.105    -0.828    -0.550
     0.047    -0.796    -0.603
    -0.038    -0.777    -0.629
     0.086    -0.710    -0.699
    -0.112    -0.831    -0.546
     0.066    -0.876    -0.478
     0.249    -0.835    -0.491
     0.065    -0.749    -0.660
    -0.007    -0.764    -0.646
     0.063    -0.832    -0.552
     0.043    -0.826    -0.562
    -0.021    -0.861    -0.509
     0.005    -0.794    -0.609
    -0.034    -0.846    -0.532
     0.054    -0.907    -0.417
     0.010    -0.826    -0.563
     0.062    -0.873    -0.485
     0.019    -0.827    -0.562
    -0.016    -0.787    -0.617
     0.040    -0.856    -0.516
     0.008    -0.873    -0.488
     0.014    -0.847    -0.532
     0.057    -0.820    -0.569
     0.056    -0.809    -0.585
    -0.142    -0.886    -0.442
    -0.000    -0.765    -0.644
    -0.010    -0.819    -0.574
     0.107    -0.821    -0.561
     0.089    -0.840    -0.535
     0.041    -0.825    -0.563
    -0.018    -0.836    -0.549
     0.053    -0.859    -0.509
    -0.087    -0.820    -0.566
    -0.019    -0.890    -0.455
     0.099    -0.848    -0.521
     0.133    -0.902    -0.411
     0.047    -0.821    -0.570
    -0.119    -0.844    -0.523
    -0.088    -0.781    -0.618
     0.078    -0.820    -0.567
     0.033    -0.793    -0.609
     0.204    -0.810    -0.550
    -0.002    -0.847    -0.531
    -0.051    -0.867    -0.495
     0.053    -0.846    -0.531
    -0.026    -0.849    -0.528
    -0.039    -0.907    -0.419
     0.151    -0.879    -0.452
     0.028    -0.895    -0.446
     0.053    -0.831    -0.553
     0.052    -0.815    -0.577
    -0.044    -0.858    -0.512
    -0.087    -0.897    -0.433
     0.130    -0.814    -0.567
     0.129    -0.828    -0.546
     0.055    -0.774    -0.631
     0.111    -0.893    -0.437
     0.100    -0.773    -0.626
    -0.093    -0.879    -0.467
     0.076    -0.816    -0.573
     0.124    -0.939    -0.321
     0.072    -0.823    -0.563
     0.046    -0.718    -0.694
     0.085    -0.880    -0.468
     0.069    -0.882    -0.466
     0.111    -0.863    -0.493
     0.059    -0.790    -0.610
    -0.042    -0.922    -0.385
     0.047    -0.877    -0.479
     0.088    -0.823    -0.561
     0.069    -0.810    -0.583
    -0.019    -0.767    -0.641
     0.070    -0.884    -0.463
    -0.114    -0.909    -0.401
    -0.119    -0.824    -0.554
     0.079    -0.816    -0.573
    -0.025    -0.899    -0.436
     0.167    -0.834    -0.526
    -0.039    -0.844    -0.535
     0.086    -0.812    -0.577
     0.171    -0.807    -0.565
    -0.047    -0.861    -0.506
     0.024    -0.905    -0.425
    -0.026    -0.780    -0.626
     0.070    -0.690    -0.720
    -0.129    -0.853    -0.505
     0.198    -0.840    -0.506
    -0.003    -0.872    -0.490
    -0.016    -0.857    -0.514
    -0.072    -0.801    -0.594
     0.024    -0.787    -0.616
     0.020    -0.847    -0.530
     0.119    -0.826    -0.551
     0.061    -0.833    -0.550
     0.025    -0.851    -0.525
     0.140    -0.795    -0.590
    -0.008    -0.842    -0.539
     0.058    -0.819    -0.571
     0.116    -0.782    -0.613
     0.049    -0.843    -0.536
     0.106    -0.756    -0.646
     0.271    -0.805    -0.527
    -0.056    -0.871    -0.489
     0.060    -0.820    -0.569
     0.095    -0.783    -0.615
     0.011    -0.838    -0.546
    -0.079    -0.760    -0.645
    -0.027    -0.876    -0.482
     0.112    -0.907    -0.406
     0.060    -0.814    -0.578
     0.115    -0.734    -0.669
    -0.052    -0.786    -0.616
     0.060    -0.818    -0.573
     0.053    -0.832    -0.553
    -0.009    -0.764    -0.645
     0.133    -0.859    -0.494
     0.160    -0.911    -0.381
     0.096    -0.869    -0.486
     0.123    -0.909    -0.398
     0.087    -0.881    -0.465
     0.097    -0.873    -0.478
    -0.021    -0.900    -0.434
    -0.079    -0.857    -0.509
     0.130    -0.885    -0.446
     0.033    -0.751    -0.660
     0.129    -0.817    -0.563
    -0.121    -0.875    -0.468
    -0.068    -0.760    -0.647
     0.051    -0.810    -0.584
    -0.047    -0.697    -0.716
     0.047    -0.847    -0.529
     0.045    -0.769    -0.638
    -0.003    -0.828    -0.561
    -0.035    -0.800    -0.599
    -0.060    -0.798    -0.599
    -0.079    -0.829    -0.554
     0.023    -0.904    -0.426
     0.022    -0.896    -0.443
    -0.014    -0.901    -0.433
     0.063    -0.853    -0.518
     0.100    -0.867    -0.489
    -0.022    -0.871    -0.492
    -0.110    -0.892    -0.438
    -0.041    -0.825    -0.564
     0.023    -0.876    -0.483
    -0.011    -0.857    -0.515
     0.044    -0.828    -0.559
    -0.027    -0.843    -0.537
     0.058    -0.822    -0.566
     0.097    -0.813    -0.574
     0.027    -0.829    -0.558
     0.066    -0.834    -0.547
     0.134    -0.847    -0.515
    -0.019    -0.856    -0.517
     0.009    -0.858    -0.513
     0.121    -0.912    -0.392
     0.038    -0.843    -0.537
     0.093    -0.735    -0.672
    -0.032    -0.891    -0.452
     0.032    -0.820    -0.572
    -0.065    -0.895    -0.442
     0.076    -0.806    -0.587
     0.099    -0.858    -0.504
     0.030    -0.866    -0.500
     0.061    -0.890    -0.451
     0.091    -0.861    -0.500
    -0.026    -0.884    -0.467
    -0.030    -0.815    -0.578
     0.074    -0.842    -0.535
    -0.046    -0.840    -0.541
     0.018    -0.858    -0.513
    -0.051    -0.779    -0.625
     0.169    -0.832    -0.529
     0.035    -0.856    -0.516
    -0.000    -0.834    -0.551
     0.040    -0.790    -0.612
     0.121    -0.805    -0.581
     0.129    -0.752    -0.646
     0.002    -0.795    -0.606
     0.003    -0.806    -0.592
     0.136    -0.854    -0.502
    -0.077    -0.819    -0.569
     0.012    -0.834    -0.551
    -0.025    -0.826    -0.563
     0.193    -0.794    -0.576
     0.034    -0.797    -0.603
    -0.012    -0.839    -0.544
     0.048    -0.822    -0.568
    -0.137    -0.778    -0.614
    -0.014    -0.808    -0.590
     0.070    -0.804    -0.591
     0.057    -0.824    -0.563
     0.030    -0.764    -0.644
    -0.102    -0.849    -0.519
     0.012    -0.837    -0.547
     0.101    -0.857    -0.506
    -0.021    -0.755    -0.655
     0.078    -0.752    -0.655
    -0.013    -0.835    -0.551
     0.010    -0.827    -0.562
     0.042    -0.846    -0.531
     0.000    -0.837    -0.547
    -0.093    -0.836    -0.541
     0.085    -0.841    -0.534
     0.085    -0.872    -0.482
     0.187    -0.823    -0.536
     0.067    -0.789    -0.610
    -0.071    -0.857    -0.511
     0.031    -0.929    -0.368
     0.022    -0.787    -0.617
     0.104    -0.783    -0.614
     0.083    -0.893    -0.441
     0.098    -0.924    -0.371
    -0.045    -0.822    -0.568
     0.140    -0.874    -0.466
     0.104    -0.837    -0.538
     0.019    -0.866    -0.499
     0.088    -0.724    -0.684
    -0.042    -0.796    -0.604
    -0.014    -0.781    -0.624
     0.070    -0.898    -0.433
    -0.105    -0.834    -0.541
     0.039    -0.887    -0.461
     0.006    -0.887    -0.462
    -0.078    -0.723    -0.687
     0.114    -0.859    -0.499
    -0.144    -0.759    -0.635
     0.057    -0.813    -0.580
     0.157    -0.838    -0.523
     0.026    -0.862    -0.506
     0.008    -0.877    -0.480
     0.059    -0.865    -0.497
    -0.087    -0.791    -0.606
     0.055    -0.887    -0.458
    -0.021    -0.835    -0.550
     0.043    -0.782    -0.622
    -0.020    -0.898    -0.439
    -0.016    -0.840    -0.543
     0.209    -0.819    -0.534
     0.103    -0.784    -0.613
    -0.070    -0.784    -0.617
     0.127    -0.810    -0.572
     0.099    -0.830    -0.549
     0.057    -0.764    -0.642
     0.096    -0.797    -0.596
     0.087    -0.803    -0.589
     0.083    -0.866    -0.493
    -0.037    -0.821    -0.569
     0.059    -0.765    -0.641
     0.011    -0.775    -0.632
    -0.007    -0.850    -0.527
     0.047    -0.834    -0.550
    -0.082    -0.842    -0.534
     0.071    -0.857    -0.511
     0.046    -0.840    -0.540
     0.117    -0.807    -0.579
    -0.068    -0.747    -0.661
    -0.074    -0.834    -0.547
    -0.024    -0.912    -0.410
     0.010    -0.865    -0.502
     0.086    -0.865    -0.494
     0.089    -0.860    -0.502
     0.094    -0.838    -0.537
     0.046    -0.758    -0.651
     0.048    -0.902    -0.430
     0.048    -0.835    -0.549
    -0.003    -0.765    -0.644
     0.048    -0.910    -0.412
     0.048    -0.806    -0.590
     0.000    -0.850    -0.527
     0.156    -0.869    -0.470
     0.082    -0.840    -0.536
     0.158    -0.806    -0.571
     0.193    -0.893    -0.407
    -0.012    -0.829    -0.558
     0.047    -0.851    -0.523
    -0.082    -0.873    -0.481
     0.031    -0.814    -0.580
     0.037    -0.826    -0.563
     0.049    -0.840    -0.540
     0.019    -0.790    -0.612
    -0.069    -0.866    -0.496
     0.043    -0.858    -0.512
    -0.063    -0.891    -0.450
     0.064    -0.792    -0.608
    -0.072    -0.856    -0.512
     0.136    -0.812    -0.567
     0.024    -0.850    -0.527
     0.032    -0.780    -0.625
     0.224    -0.732    -0.643
     0.031    -0.815    -0.578
     0.050    -0.797    -0.602
     0.085    -0.868    -0.490
    -0.076    -0.938    -0.337
     0.034    -0.780    -0.625
    -0.001    -0.823    -0.567
     0.050    -0.832    -0.552
    -0.015    -0.807    -0.591
    -0.041    -0.847    -0.529
     0.081    -0.796    -0.600
    -0.004    -0.825    -0.565
     0.085    -0.826    -0.558
    -0.153    -0.826    -0.542
     0.062    -0.864    -0.499
    -0.013    -0.830    -0.557
     0.004    -0.880    -0.476
     0.083    -0.825    -0.559
     0.064    -0.878    -0.474
    -0.011    -0.877    -0.481
    -0.041    -0.727    -0.685
    -0.032    -0.826    -0.563
     0.019    -0.867    -0.499
     0.066    -0.852    -0.519
     0.052    -0.889    -0.455
     0.019    -0.742    -0.670
    -0.019    -0.810    -0.586
     0.075    -0.856    -0.512
    -0.090    -0.758    -0.647
    -0.083    -0.783    -0.616
    -0.041    -0.793    -0.608
    -0.005    -0.814    -0.580
     0.055    -0.889    -0.455
     0.105    -0.732    -0.673
     0.021    -0.855    -0.518
     0.020    -0.805    -0.593
     0.123    -0.842    -0.526
     0.083    -0.857    -0.508
    -0.002    -0.853    -0.522
     0.099    -0.850    -0.518
    -0.097    -0.809    -0.579
    -0.081    -0.848    -0.524
     0.087    -0.814    -0.574
    -0.127    -0.843    -0.523
     0.253    -0.791    -0.557
     0.108    -0.857    -0.505
     0.199    -0.841    -0.503
    -0.013    -0.903    -0.430
     0.096    -0.843    -0.530
    -0.029    -0.858    -0.513
     0.076    -0.846    -0.528
     0.069    -0.874    -0.481
     0.077    -0.877    -0.475
     0.067    -0.864    -0.499
     0.031    -0.918    -0.395
     0.100    -0.844    -0.527
     0.047    -0.774    -0.631
     0.054    -0.698    -0.714
     0.131    -0.765    -0.630
     0.088    -0.823    -0.562
     0.130    -0.871    -0.473
     0.076    -0.882    -0.464
    -0.031    -0.852    -0.523
     0.189    -0.919    -0.346
     0.031    -0.847    -0.531
    -0.083    -0.772    -0.630
     0.011    -0.844    -0.536
     0.038    -0.900    -0.435
     0.125    -0.767    -0.629
     0.070    -0.843    -0.533
    -0.019    -0.868    -0.497
     0.007    -0.799    -0.601
     0.010    -0.876    -0.483
     0.017    -0.839    -0.545
    -0.026    -0.852    -0.523
     0.040    -0.832    -0.553
     0.081    -0.920    -0.384
    -0.055    -0.855    -0.516
     0.085    -0.905    -0.417
     0.176    -0.782    -0.598
     0.201    -0.797    -0.569
     0.056    -0.722    -0.690
     0.060    -0.849    -0.525
     0.095    -0.801    -0.591
     0.074    -0.885    -0.459
     0.084    -0.785    -0.614
    -0.015    -0.746    -0.666
    -0.184    -0.832    -0.523
     0.021    -0.793    -0.608
     0.118    -0.822    -0.557
     0.029    -0.876    -0.481
    -0.096    -0.839    -0.535
     0.031    -0.845    -0.533
     0.122    -0.810    -0.574
    -0.035    -0.910    -0.412
     0.145    -0.812    -0.565
     0.077    -0.860    -0.504
    -0.094    -0.848    -0.521
    -0.021    -0.845    -0.534
     0.080    -0.831    -0.551
     0.179    -0.824    -0.538
     0.163    -0.841    -0.516
     0.176    -0.842    -0.510
    -0.165    -0.855    -0.491
    -0.021    -0.898    -0.439
     0.026    -0.827    -0.562
     0.157    -0.767    -0.622
     0.077    -0.809    -0.582
     0.081    -0.823    -0.563
    -0.031    -0.783    -0.622
     0.002    -0.868    -0.497
     0.024    -0.919    -0.394
     0.049    -0.844    -0.534
    -0.087    -0.852    -0.516
     0.141    -0.746    -0.651
     0.072    -0.840    -0.537
     0.140    -0.807    -0.574
     0.020    -0.885    -0.465
     0.010    -0.888    -0.459
    -0.084    -0.857    -0.509
     0.176    -0.790    -0.588
     0.111    -0.835    -0.539
     0.142    -0.863    -0.485
     0.108    -0.786    -0.608
    -0.020    -0.879    -0.476
     0.251    -0.787    -0.564
     0.130    -0.779    -0.613
     0.098    -0.830    -0.549
     0.028    -0.786    -0.617
     0.037    -0.857    -0.514
    -0.099    -0.781    -0.617
     0.064    -0.867    -0.494
     0.230    -0.846    -0.481
     0.040    -0.852    -0.522
     0.083    -0.836    -0.542
     0.021    -0.763    -0.647
    -0.043    -0.807    -0.589
    -0.091    -0.854    -0.512
    -0.015    -0.905    -0.424
    -0.002    -0.855    -0.519
    -0.081    -0.796    -0.600
     0.061    -0.857    -0.512
     0.026    -0.850    -0.526
     0.078    -0.873    -0.481
     0.016    -0.880    -0.475
     0.012    -0.848    -0.530
    -0.058    -0.860    -0.507
     0.098    -0.907    -0.409
     0.044    -0.838    -0.544
     0.016    -0.835    -0.550
     0.130    -0.796    -0.591
    -0.008    -0.846    -0.533
     0.104    -0.692    -0.715
     0.130    -0.817    -0.562
     0.114    -0.845    -0.522
     0.000    -0.837    -0.547
    -0.116    -0.834    -0.540
     0.117    -0.770    -0.627
    -0.060    -0.820    -0.569
     0.034    -0.792    -0.610
     0.075    -0.891    -0.447
    -0.026    -0.838    -0.545
    -0.098    -0.804    -0.586
     0.141    -0.784    -0.605
     0.065    -0.831    -0.553
     0.054    -0.841    -0.538
    -0.073    -0.819    -0.569
     0.052    -0.844    -0.533
     0.056    -0.862    -0.504
     0.058    -0.885    -0.462
     0.083    -0.863    -0.499
    -0.063    -0.799    -0.598
     0.078    -0.910    -0.407
     0.036    -0.855    -0.518
     0.064    -0.900    -0.431
    -0.028    -0.872    -0.489
     0.069    -0.836    -0.544
     0.080    -0.786    -0.613
    -0.103    -0.905    -0.412
    -0.003    -0.766    -0.643
     0.089    -0.829    -0.553
     0.109    -0.768    -0.631
     0.041    -0.842    -0.539
    -0.045    -0.807    -0.588
    -0.002    -0.808    -0.590
     0.135    -0.868    -0.477
    -0.023    -0.894    -0.448
     0.098    -0.899    -0.427
     0.191    -0.764    -0.616
     0.059    -0.847    -0.529
     0.050    -0.879    -0.474
     0.034    -0.852    -0.522
     0.084    -0.865    -0.495
    -0.035    -0.849    -0.527
    -0.159    -0.772    -0.615
    -0.026    -0.832    -0.554
    -0.105    -0.746    -0.658
     0.044    -0.821    -0.569
     0.211    -0.844    -0.493
     0.002    -0.850    -0.526
     0.169    -0.806    -0.567
     0.053    -0.929    -0.367
     0.092    -0.838    -0.538
     0.013    -0.834    -0.552
    -0.032    -0.799    -0.600
     0.065    -0.756    -0.652
     0.122    -0.796    -0.593
     0.065    -0.798    -0.599
     0.122    -0.821    -0.558
     0.027    -0.870    -0.493
     0.086    -0.929    -0.361
     0.075    -0.778    -0.624
     0.149    -0.823    -0.548
     0.125    -0.907    -0.401
     0.013    -0.794    -0.608
    -0.116    -0.856    -0.504
     0.162    -0.785    -0.598
    -0.007    -0.767    -0.642
     0.114    -0.797    -0.593
    -0.010    -0.832    -0.554
    -0.017    -0.712    -0.702
     0.070    -0.858    -0.509
     0.114    -0.907    -0.406
    -0.031    -0.878    -0.478
     0.112    -0.830    -0.546
    -0.082    -0.880    -0.468
     0.037    -0.876    -0.481
     0.053    -0.807    -0.588
    -0.019    -0.834    -0.551
     0.135    -0.835    -0.533
     0.013    -0.870    -0.494
     0.029    -0.834    -0.551
     0.093    -0.825    -0.558
     0.073    -0.826    -0.559
    -0.054    -0.877    -0.477
     0.058    -0.847    -0.528
    -0.033    -0.829    -0.559
    -0.022    -0.850    -0.526
     0.147    -0.791    -0.593
    -0.047    -0.801    -0.597
     0.031    -0.895    -0.445
     0.076    -0.795    -0.602
     0.245    -0.811    -0.532
    -0.121    -0.832    -0.542
    -0.044    -0.923    -0.381
    -0.174    -0.800    -0.575
     0.024    -0.753    -0.657
    -0.003    -0.816    -0.579
    -0.014    -0.908    -0.419
     0.062    -0.930    -0.362
     0.035    -0.762    -0.647
    -0.004    -0.831    -0.557
     0.029    -0.868    -0.496
     0.059    -0.794    -0.605
    -0.003    -0.815    -0.580
     0.055    -0.825    -0.563
     0.083    -0.886    -0.456
     0.100    -0.904    -0.416
     0.107    -0.841    -0.531
    -0.096    -0.854    -0.511
     0.083    -0.834    -0.545
     0.032    -0.791    -0.611
     0.172    -0.813    -0.556
     0.068    -0.855    -0.514
     0.012    -0.817    -0.577
     0.037    -0.819    -0.573
     0.011    -0.851    -0.526
    -0.008    -0.848    -0.531
     0.138    -0.880    -0.454
     0.008    -0.816    -0.577
    -0.070    -0.872    -0.484
     0.030    -0.845    -0.534
     0.163    -0.771    -0.616
    -0.119    -0.819    -0.561
     0.136    -0.854    -0.503
     0.129    -0.834    -0.537
     0.048    -0.792    -0.609
    -0.090    -0.850    -0.520
     0.125    -0.779    -0.614
     0.054    -0.743    -0.668
    -0.012    -0.726    -0.688
    -0.028    -0.708    -0.705
    -0.023    -0.822    -0.569
    -0.015    -0.820    -0.572
     0.087    -0.901    -0.425
     0.049    -0.870    -0.490
    -0.120    -0.834    -0.539
     0.186    -0.814    -0.550
     0.074    -0.842    -0.535
     0.251    -0.856    -0.452
