     0.634     0.744    -0.210
     0.509     0.766    -0.392
     0.289     0.926    -0.241
     0.507     0.793    -0.338
     0.752     0.647    -0.128
     0.559     0.739    -0.376
     0.366     0.916    -0.166
     0.598     0.779    -0.187
     0.426     0.866    -0.263
     0.356     0.919    -0.168
     0.508     0.835    -0.210
     0.591     0.671    -0.448
     0.671     0.722    -0.168
     0.487     0.765    -0.422
     0.459     0.844    -0.278
     0.503     0.864    -0.001
     0.530     0.768    -0.359
     0.390     0.813    -0.431
     0.477     0.876    -0.068
     0.382     0.917    -0.114
     0.357     0.729    -0.584
     0.397     0.908    -0.132
     0.535     0.688    -0.491
     0.503     0.791    -0.348
     0.298     0.881    -0.367
     0.445     0.751    -0.489
     0.594     0.697    -0.402
     0.508     0.784    -0.357
     0.663     0.721    -0.203
     0.283     0.953    -0.108
     0.489     0.811    -0.320
     0.571     0.729    -0.377
     0.282     0.929    -0.238
     0.340     0.931     0.137
     0.421     0.846    -0.328
     0.599     0.721    -0.349
     0.389     0.766    -0.512
     0.734     0.659    -0.163
     0.166     0.836    -0.524
     0.434     0.855    -0.284
     0.338     0.848    -0.408
     0.498     0.695    -0.519
     0.167     0.946    -0.276
     0.650     0.754     0.095
     0.487     0.796    -0.359
     0.571     0.743    -0.351
     0.716     0.663    -0.218
     0.528     0.827    -0.192
     0.560     0.770    -0.305
     0.593     0.754    -0.282
     0.565     0.773    -0.289
     0.374     0.872    -0.316
     0.627     0.726    -0.281
     0.586     0.747    -0.314
     0.595     0.761    -0.257
     0.175     0.909    -0.378
     0.478     0.845    -0.242
     0.666     0.591    -0.455
     0.396     0.856    -0.333
     0.580     0.808    -0.102
     0.336     0.909    -0.246
     0.664     0.734    -0.145
     0.509     0.796    -0.327
     0.520     0.607    -0.600
     0.528     0.759    -0.381
     0.614     0.695    -0.374
     0.408     0.837    -0.365
     0.375     0.927    -0.018
     0.526     0.763    -0.375
     0.748     0.594    -0.297
     0.398     0.856    -0.330
     0.524     0.809    -0.266
     0.400     0.829    -0.392
     0.312     0.877    -0.365
     0.702     0.674    -0.229
     0.630     0.734    -0.254
     0.512     0.794    -0.327
     0.520     0.677    -0.520
     0.395     0.912    -0.112
     0.489     0.797    -0.353
     0.635     0.765    -0.108
     0.520     0.776    -0.357
     0.498     0.761    -0.416
     0.676     0.716    -0.173
     0.541     0.790    -0.290
     0.665     0.731    -0.152
     0.469     0.849    -0.243
     0.331     0.943    -0.039
     0.424     0.885    -0.193
     0.603     0.686    -0.408
     0.226     0.960    -0.165
     0.464     0.758    -0.458
     0.639     0.649    -0.413
     0.897     0.412     0.158
     0.579     0.632    -0.516
     0.592     0.779    -0.205
     0.675     0.699    -0.236
     0.389     0.868    -0.309
     0.515     0.743    -0.426
     0.595     0.753    -0.281
     0.391     0.878    -0.275
     0.382     0.909    -0.167
     0.459     0.866    -0.199
     0.436     0.814    -0.383
     0.440     0.858    -0.264
     0.844     0.373    -0.385
     0.593     0.788    -0.165
     0.501     0.770    -0.395
     0.656     0.645    -0.391
     0.628     0.749    -0.213
     0.494     0.845    -0.207
     0.283     0.907    -0.310
     0.748     0.549    -0.374
     0.655     0.662    -0.365
     0.472     0.850    -0.234
     0.409     0.887    -0.213
     0.622     0.692    -0.365
     0.418     0.862    -0.286
     0.430     0.900    -0.072
     0.549     0.681    -0.484
     0.487     0.849    -0.203
     0.447     0.859    -0.248
     0.550     0.791    -0.268
     0.405     0.901    -0.156
     0.462     0.732    -0.501
     0.525     0.792    -0.311
     0.351     0.870    -0.347
     0.595     0.798    -0.097
     0.737     0.389    -0.553
     0.693     0.635    -0.341
     0.663     0.600    -0.447
     0.669     0.562    -0.486
     0.627     0.699    -0.345
     0.643     0.577    -0.504
     0.610     0.791    -0.044
     0.547     0.741    -0.389
     0.552     0.793    -0.259
     0.591     0.634    -0.499
     0.719     0.692    -0.056
     0.548     0.835    -0.061
     0.407     0.869    -0.281
     0.452     0.779    -0.434
     0.495     0.726    -0.478
     0.542     0.826    -0.153
     0.539     0.749    -0.385
     0.389     0.766    -0.512
     0.486     0.844    -0.228
     0.532     0.809    -0.250
     0.373     0.755    -0.539
     0.443     0.888    -0.124
     0.398     0.838    -0.373
     0.612     0.786    -0.091
     0.603     0.771    -0.205
     0.645     0.657    -0.389
     0.741     0.616    -0.268
     0.658     0.628    -0.416
     0.521     0.501    -0.691
     0.539     0.808    -0.239
     0.541     0.802    -0.254
     0.553     0.772    -0.313
     0.359     0.885    -0.296
     0.458     0.834    -0.307
     0.636     0.693    -0.338
     0.608     0.707    -0.362
     0.485     0.788    -0.380
     0.500     0.865    -0.054
     0.644     0.762    -0.071
     0.479     0.522    -0.706
     0.506     0.863    -0.021
     0.478     0.847    -0.234
     0.321     0.811    -0.489
     0.282     0.889    -0.361
     0.251     0.804    -0.539
     0.500     0.753    -0.428
     0.650     0.719    -0.244
     0.475     0.787    -0.394
     0.574     0.771    -0.276
     0.643     0.759    -0.101
     0.451     0.751    -0.482
     0.369     0.899    -0.235
     0.748     0.656    -0.099
     0.462     0.854    -0.240
     0.729     0.602    -0.326
     0.409     0.902    -0.136
     0.343     0.801    -0.491
     0.508     0.838    -0.201
     0.519     0.661    -0.542
     0.414     0.869    -0.270
     0.296     0.950    -0.101
     0.719     0.657    -0.227
     0.246     0.760    -0.602
     0.528     0.744    -0.408
     0.458     0.794    -0.399
     0.380     0.854    -0.355
     0.527     0.625    -0.576
     0.368     0.873    -0.319
     0.396     0.871    -0.292
     0.638     0.681    -0.360
     0.637     0.505    -0.582
     0.282     0.921    -0.267
     0.527     0.415    -0.742
     0.416     0.850    -0.323
     0.488     0.831    -0.267
     0.509     0.721    -0.470
     0.622     0.702    -0.348
     0.641     0.714    -0.280
     0.524     0.817    -0.240
     0.629     0.744    -0.226
     0.379     0.869    -0.319
     0.602     0.754    -0.262
     0.341     0.929    -0.146
     0.584     0.746    -0.320
     0.538     0.829    -0.155
     0.640     0.742    -0.202
     0.684     0.642    -0.345
     0.498     0.829    -0.256
     0.606     0.768    -0.209
     0.636     0.746    -0.199
     0.496     0.799    -0.341
     0.640     0.739    -0.209
     0.483     0.826    -0.291
     0.665     0.636    -0.391
     0.477     0.777    -0.412
     0.375     0.890    -0.259
     0.344     0.916    -0.206
     0.531     0.806    -0.262
     0.603     0.698    -0.387
     0.306     0.910    -0.280
     0.642     0.635    -0.431
     0.592     0.751    -0.292
     0.635     0.693    -0.341
     0.337     0.938    -0.079
     0.697     0.675    -0.243
     0.521     0.800    -0.297
     0.591     0.773    -0.231
     0.554     0.775    -0.305
     0.487     0.832    -0.265
     0.646     0.736    -0.200
     0.442     0.749    -0.493
     0.581     0.764    -0.281
     0.617     0.644    -0.453
     0.441     0.689    -0.575
     0.492     0.846    -0.206
     0.379     0.775    -0.506
     0.314     0.852    -0.419
     0.560     0.732    -0.388
     0.547     0.765    -0.340
     0.377     0.914    -0.153
     0.399     0.872    -0.283
     0.496     0.847    -0.192
     0.596     0.755    -0.273
     0.742     0.588    -0.323
     0.825     0.504    -0.254
     0.474     0.872    -0.122
     0.457     0.853    -0.254
     0.267     0.825    -0.498
     0.289     0.917    -0.275
     0.539     0.625    -0.565
     0.486     0.853    -0.192
     0.544     0.539    -0.643
     0.632     0.680    -0.372
     0.559     0.799    -0.222
     0.438     0.811    -0.388
     0.479     0.834    -0.272
     0.639     0.759    -0.126
     0.432     0.853    -0.291
     0.577     0.642    -0.505
     0.195     0.965    -0.174
     0.506     0.844    -0.177
     0.507     0.840    -0.193
     0.599     0.717    -0.356
     0.512     0.727    -0.457
     0.783     0.584    -0.213
     0.578     0.754    -0.311
     0.526     0.624    -0.578
     0.635     0.726    -0.265
     0.577     0.790    -0.206
     0.559     0.828    -0.044
     0.432     0.809    -0.398
     0.478     0.789    -0.386
     0.596     0.780    -0.193
     0.513     0.691    -0.510
     0.440     0.881    -0.174
     0.318     0.845    -0.430
     0.517     0.758    -0.397
     0.619     0.765    -0.176
     0.451     0.820    -0.352
     0.569     0.698    -0.436
     0.544     0.807    -0.229
     0.504     0.748    -0.432
     0.443     0.882    -0.159
     0.416     0.854    -0.314
     0.541     0.765    -0.350
     0.613     0.758    -0.223
     0.673     0.739     0.045
     0.634     0.710    -0.306
     0.384     0.726    -0.570
     0.618     0.753    -0.225
     0.493     0.717    -0.492
     0.439     0.844    -0.307
     0.519     0.806    -0.286
     0.595     0.731    -0.334
     0.474     0.865    -0.163
     0.497     0.845    -0.198
     0.508     0.823    -0.255
     0.424     0.891    -0.164
     0.455     0.806    -0.379
     0.654     0.698    -0.290
     0.274     0.959    -0.076
     0.383     0.795    -0.470
     0.497     0.788    -0.364
     0.491     0.781    -0.385
     0.674     0.739    -0.017
     0.573     0.800    -0.178
     0.531     0.834    -0.147
     0.574     0.792    -0.206
     0.588     0.770    -0.246
     0.447     0.886    -0.122
     0.274     0.738    -0.616
     0.538     0.747    -0.391
     0.366     0.881    -0.301
     0.330     0.905    -0.269
     0.559     0.670    -0.488
     0.338     0.934     0.119
     0.395     0.909    -0.136
     0.372     0.855    -0.361
     0.416     0.892    -0.177
     0.616     0.786    -0.059
     0.541     0.763    -0.354
     0.568     0.822     0.039
     0.627     0.651    -0.428
     0.199     0.948    -0.250
     0.469     0.871    -0.148
     0.561     0.810    -0.172
     0.555     0.823    -0.125
     0.519     0.707    -0.479
     0.618     0.714    -0.330
     0.333     0.813    -0.478
     0.422     0.853    -0.306
     0.493     0.734    -0.467
     0.464     0.768    -0.441
     0.390     0.742    -0.545
     0.485     0.866    -0.118
     0.432     0.875    -0.217
     0.698     0.685    -0.208
     0.599     0.735    -0.317
     0.576     0.690    -0.439
     0.375     0.664    -0.647
     0.713     0.657    -0.245
     0.643     0.673    -0.365
     0.458     0.697    -0.552
     0.530     0.745    -0.405
     0.498     0.767    -0.404
     0.579     0.815     0.037
     0.685     0.719    -0.120
     0.596     0.678    -0.430
     0.645     0.717    -0.266
     0.502     0.790    -0.353
     0.614     0.789    -0.010
     0.564     0.819    -0.105
     0.294     0.918    -0.265
     0.717     0.626    -0.306
     0.316     0.933    -0.175
     0.546     0.813    -0.200
     0.219     0.969    -0.117
     0.320     0.898    -0.303
     0.375     0.793    -0.479
     0.324     0.812    -0.485
     0.265     0.941    -0.208
     0.465     0.864    -0.194
     0.479     0.807    -0.345
     0.644     0.761    -0.085
     0.453     0.831    -0.323
     0.508     0.740    -0.441
     0.473     0.781    -0.408
     0.523     0.711    -0.471
     0.697     0.631    -0.341
     0.552     0.813    -0.185
     0.566     0.824     0.023
     0.110     0.813    -0.571
     0.463     0.845    -0.266
     0.352     0.838    -0.417
     0.642     0.754    -0.136
     0.599     0.798    -0.064
     0.556     0.747    -0.364
     0.577     0.750    -0.323
     0.168     0.900    -0.402
     0.604     0.651    -0.459
     0.470     0.731    -0.495
     0.467     0.815    -0.344
     0.343     0.938    -0.044
     0.401     0.915    -0.049
     0.670     0.580    -0.463
     0.475     0.828    -0.300
     0.579     0.659    -0.480
     0.345     0.859    -0.379
     0.718     0.606    -0.343
     0.692     0.701    -0.169
     0.659     0.740    -0.136
     0.276     0.920    -0.278
     0.407     0.802    -0.438
     0.645     0.763     0.050
     0.461     0.882    -0.094
     0.689     0.679    -0.255
     0.385     0.896    -0.219
     0.548     0.805    -0.229
     0.500     0.753    -0.428
     0.564     0.750    -0.346
     0.586     0.735    -0.341
     0.239     0.906    -0.349
     0.563     0.804    -0.190
     0.514     0.701    -0.495
     0.715     0.639    -0.283
     0.649     0.722    -0.240
     0.681     0.632    -0.369
     0.562     0.756    -0.337
     0.521     0.769    -0.371
     0.342     0.871    -0.352
     0.645     0.649    -0.402
     0.565     0.751    -0.343
     0.729     0.576    -0.371
     0.636     0.641    -0.430
     0.448     0.848    -0.284
     0.627     0.742    -0.240
     0.693     0.551    -0.465
     0.576     0.740    -0.347
     0.349     0.901    -0.256
     0.609     0.748    -0.263
     0.420     0.903     0.091
     0.408     0.900    -0.155
     0.317     0.920    -0.230
     0.305     0.842    -0.445
     0.684     0.718    -0.127
     0.705     0.668    -0.238
     0.369     0.890    -0.269
     0.638     0.748    -0.184
     0.573     0.573    -0.586
     0.611     0.667    -0.426
     0.282     0.881    -0.381
     0.403     0.885    -0.235
     0.380     0.924     0.030
     0.424     0.904    -0.053
     0.518     0.740    -0.428
     0.785     0.577    -0.225
     0.495     0.861    -0.117
     0.769     0.629    -0.117
     0.440     0.858    -0.263
     0.499     0.769    -0.399
     0.481     0.811    -0.334
     0.475     0.853    -0.215
     0.369     0.893    -0.258
     0.592     0.776     0.219
     0.527     0.849    -0.039
     0.468     0.875    -0.121
     0.557     0.717    -0.420
     0.630     0.725    -0.280
     0.598     0.648    -0.472
     0.399     0.710    -0.580
     0.462     0.827    -0.319
     0.440     0.856    -0.272
     0.612     0.697    -0.374
     0.515     0.814    -0.270
     0.749     0.578    -0.325
     0.414     0.778    -0.472
     0.487     0.807    -0.336
     0.438     0.884    -0.164
     0.515     0.849    -0.116
     0.585     0.766    -0.267
     0.489     0.822    -0.292
     0.735     0.677    -0.040
     0.700     0.596    -0.394
     0.619     0.780    -0.093
     0.523     0.832    -0.185
     0.618     0.767    -0.174
     0.444     0.865    -0.233
     0.485     0.834    -0.264
     0.679     0.585    -0.443
     0.450     0.857    -0.252
     0.399     0.840    -0.369
     0.606     0.788    -0.109
     0.640     0.632    -0.437
     0.577     0.755    -0.312
     0.664     0.627    -0.409
     0.355     0.891    -0.283
     0.553     0.833     0.007
     0.483     0.835    -0.263
     0.316     0.882    -0.350
     0.509     0.776    -0.372
     0.542     0.823    -0.173
     0.442     0.872    -0.211
     0.544     0.811    -0.214
     0.498     0.755    -0.427
     0.500     0.861    -0.091
     0.536     0.676    -0.505
     0.651     0.702    -0.290
     0.532     0.705    -0.468
     0.495     0.853    -0.165
     0.559     0.722    -0.407
     0.322     0.839    -0.440
     0.400     0.913    -0.081
     0.457     0.778    -0.431
     0.536     0.736    -0.414
     0.699     0.701    -0.143
     0.534     0.776    -0.336
     0.686     0.726    -0.038
     0.529     0.674    -0.515
     0.422     0.671    -0.610
     0.522     0.809    -0.271
     0.382     0.893    -0.240
     0.389     0.792    -0.470
     0.661     0.509    -0.552
     0.768     0.639    -0.049
     0.702     0.629    -0.334
     0.616     0.771    -0.161
     0.582     0.756    -0.300
     0.549     0.790    -0.274
     0.617     0.736    -0.280
     0.433     0.779    -0.453
     0.555     0.827    -0.085
     0.498     0.858     0.124
     0.278     0.950    -0.139
     0.357     0.850    -0.387
     0.437     0.891    -0.123
     0.639     0.685    -0.351
     0.518     0.742    -0.426
     0.591     0.748    -0.302
     0.539     0.751    -0.381
     0.343     0.853    -0.393
     0.551     0.726    -0.412
     0.616     0.751    -0.236
     0.644     0.710    -0.284
     0.503     0.863    -0.044
     0.688     0.668    -0.285
     0.657     0.674    -0.339
     0.624     0.779    -0.059
     0.346     0.919    -0.187
     0.596     0.753    -0.279
     0.367     0.867    -0.337
     0.292     0.786    -0.545
     0.798     0.455    -0.396
     0.594     0.569    -0.569
     0.547     0.703    -0.454
     0.551     0.745    -0.375
     0.683     0.730    -0.027
     0.572     0.735    -0.362
     0.578     0.815    -0.044
     0.504     0.848    -0.162
     0.519     0.786    -0.336
     0.573     0.819    -0.023
     0.503     0.835    -0.224
     0.291     0.760    -0.581
     0.544     0.732    -0.410
     0.436     0.845    -0.310
     0.647     0.584    -0.489
     0.332     0.857    -0.394
     0.492     0.850    -0.187
     0.216     0.905    -0.366
     0.536     0.681    -0.499
     0.520     0.854     0.002
     0.513     0.721    -0.465
     0.700     0.640    -0.318
     0.546     0.697    -0.465
     0.516     0.855    -0.039
     0.518     0.808    -0.282
     0.553     0.772    -0.315
     0.489     0.777    -0.398
     0.561     0.793    -0.236
     0.553     0.780    -0.292
     0.448     0.815    -0.368
     0.398     0.819    -0.413
     0.319     0.879    -0.355
     0.472     0.866    -0.166
     0.577     0.671    -0.466
     0.608     0.788    -0.098
     0.596     0.658    -0.460
     0.670     0.684    -0.288
     0.487     0.757    -0.436
     0.592     0.704    -0.392
     0.668     0.715    -0.206
     0.521     0.852    -0.058
     0.426     0.775    -0.468
     0.418     0.885    -0.205
     0.552     0.819    -0.157
     0.326     0.941     0.089
     0.585     0.793    -0.170
     0.529     0.712    -0.461
     0.460     0.794    -0.397
     0.340     0.855    -0.391
     0.891     0.404    -0.208
     0.479     0.852    -0.211
     0.401     0.865    -0.302
     0.271     0.939    -0.214
     0.690     0.612    -0.386
     0.746     0.587    -0.314
     0.476     0.868    -0.141
     0.562     0.642    -0.523
     0.675     0.673    -0.303
     0.355     0.801    -0.482
     0.318     0.918    -0.237
     0.588     0.681    -0.437
     0.491     0.780    -0.389
     0.581     0.779    -0.237
     0.247     0.911    -0.330
     0.444     0.815    -0.372
     0.537     0.801    -0.264
     0.626     0.762    -0.163
     0.622     0.743    -0.246
     0.509     0.773    -0.378
     0.446     0.760    -0.472
     0.539     0.739    -0.403
     0.474     0.737    -0.481
     0.533     0.757    -0.377
     0.438     0.822    -0.362
     0.396     0.674    -0.624
     0.625     0.769    -0.134
     0.480     0.827    -0.292
     0.644     0.692    -0.326
     0.594     0.742    -0.311
     0.839     0.544     0.008
     0.530     0.762    -0.371
     0.454     0.891    -0.028
     0.589     0.687    -0.425
     0.456     0.890     0.004
     0.566     0.786    -0.247
     0.676     0.699    -0.233
     0.533     0.709    -0.463
     0.484     0.852    -0.201
     0.531     0.812    -0.244
     0.513     0.726    -0.459
     0.481     0.736    -0.476
     0.472     0.866    -0.167
     0.317     0.862    -0.395
     0.279     0.864    -0.419
     0.485     0.812    -0.324
     0.587     0.728    -0.356
     0.509     0.647    -0.568
     0.724     0.645    -0.245
     0.490     0.836    -0.246
     0.747     0.583    -0.319
     0.567     0.776    -0.278
     0.531     0.839    -0.116
     0.402     0.830    -0.386
     0.550     0.803    -0.231
     0.507     0.846    -0.168
     0.398     0.809    -0.432
     0.437     0.764    -0.475
     0.669     0.680    -0.301
     0.735     0.638    -0.230
     0.479     0.812    -0.333
     0.590     0.749    -0.303
     0.289     0.691    -0.663
     0.431     0.861    -0.269
     0.584     0.785    -0.207
     0.556     0.717    -0.421
     0.680     0.719    -0.145
     0.650     0.681    -0.336
     0.235     0.870    -0.432
     0.525     0.772    -0.357
     0.590     0.785    -0.187
     0.352     0.859    -0.371
     0.584     0.706    -0.401
     0.294     0.882    -0.369
     0.531     0.831    -0.163
     0.560     0.791    -0.245
     0.629     0.694    -0.351
     0.708     0.681    -0.184
     0.509     0.769    -0.385
     0.561     0.779    -0.278
     0.643     0.739    -0.201
     0.571     0.694    -0.438
     0.332     0.823    -0.461
     0.460     0.860    -0.220
     0.693     0.705    -0.151
     0.485     0.710    -0.511
     0.726     0.596    -0.344
     0.633     0.598    -0.491
     0.496     0.849    -0.183
     0.247     0.951    -0.187
     0.520     0.769    -0.372
     0.567     0.792    -0.227
     0.447     0.820    -0.358
     0.725     0.670    -0.162
     0.268     0.875    -0.403
     0.716     0.632    -0.296
     0.583     0.728    -0.360
     0.447     0.790    -0.419
     0.515     0.807    -0.288
     0.369     0.893    -0.258
     0.859     0.300    -0.415
     0.307     0.879    -0.364
     0.523     0.839    -0.151
     0.215     0.930    -0.298
     0.470     0.815    -0.340
     0.650     0.675    -0.349
     0.407     0.911    -0.065
     0.525     0.685    -0.505
     0.610     0.776    -0.159
     0.652     0.703    -0.283
     0.558     0.727    -0.400
     0.623     0.769    -0.142
     0.443     0.816    -0.372
     0.643     0.703    -0.304
     0.403     0.805    -0.435
     0.563     0.822     0.090
     0.483     0.830    -0.278
     0.539     0.822    -0.181
     0.610     0.720    -0.331
     0.628     0.736    -0.254
     0.495     0.816    -0.299
     0.391     0.814    -0.430
     0.615     0.699    -0.365
     0.211     0.925    -0.315
     0.696     0.675    -0.245
     0.498     0.803    -0.327
     0.505     0.846    -0.168
     0.481     0.851    -0.213
     0.465     0.867    -0.180
     0.332     0.776    -0.537
     0.372     0.850    -0.371
     0.478     0.861    -0.173
     0.387     0.888    -0.250
     0.474     0.831    -0.289
     0.742     0.666    -0.068
     0.514     0.787    -0.342
     0.521     0.818    -0.243
     0.671     0.740    -0.054
     0.309     0.905    -0.292
     0.609     0.749    -0.262
     0.566     0.762    -0.315
     0.581     0.782    -0.227
     0.646     0.761    -0.066
     0.555     0.769    -0.318
     0.502     0.798    -0.334
     0.531     0.814    -0.238
     0.543     0.837    -0.071
     0.586     0.740    -0.331
     0.612     0.722    -0.323
     0.654     0.554    -0.515
     0.423     0.767    -0.482
     0.488     0.826    -0.282
     0.411     0.797    -0.443
     0.587     0.745    -0.317
     0.708     0.659    -0.254
     0.381     0.894    -0.235
     0.381     0.886    -0.263
     0.593     0.749    -0.295
     0.573     0.736    -0.360
     0.640     0.673    -0.370
     0.527     0.801    -0.283
     0.330     0.913    -0.239
     0.481     0.811    -0.333
     0.782     0.584    -0.218
     0.489     0.810    -0.323
     0.440     0.874    -0.205
     0.579     0.814    -0.053
     0.639     0.705    -0.307
     0.605     0.778    -0.171
     0.529     0.712    -0.462
     0.494     0.692    -0.527
     0.704     0.614    -0.357
     0.317     0.847    -0.426
     0.399     0.814    -0.423
     0.293     0.703    -0.648
     0.518     0.777    -0.357
     0.367     0.873    -0.322
     0.461     0.883    -0.095
     0.443     0.885    -0.141
     0.335     0.935    -0.116
     0.660     0.697    -0.282
     0.606     0.706    -0.366
     0.409     0.906    -0.107
     0.610     0.686    -0.397
     0.500     0.798    -0.335
     0.447     0.841    -0.303
     0.314     0.772    -0.552
     0.314     0.949    -0.024
     0.635     0.769    -0.068
     0.375     0.884    -0.279
     0.502     0.848    -0.169
     0.346     0.812    -0.470
     0.602     0.776    -0.187
     0.435     0.781    -0.449
     0.558     0.776    -0.292
     0.617     0.778    -0.122
     0.366     0.827    -0.427
     0.683     0.707    -0.186
     0.502     0.728    -0.468
     0.544     0.829    -0.131
     0.297     0.944    -0.142
     0.426     0.845    -0.325
     0.677     0.651    -0.343
     0.651     0.725    -0.225
     0.382     0.793    -0.476
     0.530     0.768    -0.359
     0.376     0.863    -0.339
     0.213     0.900    -0.381
     0.603     0.762    -0.234
     0.713     0.620    -0.327
     0.716     0.661    -0.226
     0.711     0.657    -0.250
     0.607     0.738    -0.295
     0.407     0.899    -0.161
     0.582     0.713    -0.390
     0.583     0.734    -0.348
     0.679     0.729    -0.083
     0.757     0.652    -0.045
     0.685     0.705    -0.183
     0.719     0.640    -0.270
     0.427     0.846    -0.320
     0.424     0.862    -0.279
     0.673     0.656    -0.341
     0.365     0.875    -0.318
     0.688     0.655    -0.311
     0.878     0.446    -0.175
     0.402     0.893    -0.203
     0.371     0.896    -0.245
     0.754     0.526    -0.394
     0.631     0.697    -0.340
     0.561     0.809    -0.175
     0.582     0.700    -0.413
     0.769     0.614    -0.176
     0.552     0.823    -0.133
     0.675     0.631    -0.383
     0.357     0.784    -0.508
     0.567     0.549    -0.614
     0.535     0.840    -0.093
     0.596     0.708    -0.378
     0.436     0.812    -0.388
     0.654     0.704    -0.276
     0.482     0.789    -0.381
     0.210     0.952    -0.223
     0.360     0.823    -0.439
     0.384     0.695    -0.608
     0.579     0.754    -0.310
     0.601     0.785    -0.151
     0.640     0.732    -0.233
     0.302     0.863    -0.405
     0.679     0.732    -0.056
     0.523     0.802    -0.290
     0.481     0.764    -0.430
     0.419     0.753    -0.508
     0.458     0.757    -0.466
     0.471     0.824    -0.313
     0.589     0.808    -0.017
     0.519     0.779    -0.352
     0.488     0.747    -0.452
     0.518     0.677    -0.523
     0.359     0.929    -0.093
     0.526     0.790    -0.314
     0.631     0.776    -0.010
     0.639     0.691    -0.337
     0.637     0.605    -0.477
     0.511     0.813    -0.278
     0.534     0.699    -0.476
     0.442     0.817    -0.370
     0.516     0.792    -0.326
     0.559     0.829    -0.028
     0.311     0.789    -0.530
     0.435     0.859    -0.271
     0.650     0.720    -0.243
     0.315     0.884    -0.345
     0.608     0.769    -0.200
     0.685     0.585    -0.434
     0.497     0.805    -0.322
     0.487     0.797    -0.358
     0.570     0.800    -0.189
     0.541     0.755    -0.372
     0.635     0.650    -0.418
     0.625     0.634    -0.456
     0.471     0.793    -0.387
     0.799     0.455    -0.393
     0.266     0.896    -0.356
     0.343     0.914    -0.217
     0.442     0.733    -0.518
     0.552     0.709    -0.438
     0.565     0.718    -0.406
     0.410     0.910    -0.056
     0.407     0.887    -0.216
     0.521     0.852    -0.052
     0.384     0.831    -0.402
     0.387     0.868    -0.311
     0.522     0.834    -0.178
     0.335     0.787    -0.517
     0.551     0.831    -0.074
     0.504     0.798    -0.331
     0.505     0.733    -0.456
     0.582     0.753    -0.308
     0.277     0.896    -0.346
     0.585     0.810     0.054
     0.720     0.672    -0.173
     0.530     0.699    -0.480
     0.625     0.760    -0.176
     0.395     0.783    -0.480
     0.568     0.780    -0.262
     0.503     0.851    -0.151
     0.444     0.812    -0.380
     0.507     0.842    -0.183
     0.605     0.687    -0.402
     0.577     0.689    -0.439
     0.563     0.822    -0.089
     0.543     0.550    -0.634
     0.536     0.703    -0.468
     0.637     0.724    -0.263
     0.743     0.590    -0.314
     0.442     0.894    -0.069
     0.680     0.705    -0.199
     0.475     0.721    -0.504
     0.726     0.627    -0.283
     0.217     0.890    -0.400
     0.688     0.707    -0.166
     0.431     0.801    -0.414
     0.453     0.853    -0.258
     0.436     0.879    -0.194
     0.355     0.771    -0.529
     0.616     0.784    -0.070
     0.409     0.878    -0.250
     0.418     0.787    -0.454
     0.303     0.870    -0.388
     0.507     0.836    -0.210
     0.523     0.776    -0.353
     0.489     0.837    -0.244
     0.405     0.856    -0.321
     0.574     0.666    -0.476
     0.532     0.803    -0.270
     0.282     0.945    -0.164
     0.768     0.572    -0.287
     0.601     0.661    -0.449
     0.502     0.609    -0.614
     0.304     0.909    -0.284
     0.611     0.789     0.073
     0.602     0.762    -0.239
     0.459     0.844    -0.280
     0.450     0.796    -0.405
     0.549     0.827    -0.123
     0.491     0.859    -0.148
     0.435     0.883    -0.176
     0.452     0.815    -0.362
     0.393     0.850    -0.350
     0.682     0.731     0.021
     0.413     0.836    -0.363
     0.587     0.743    -0.322
     0.486     0.827    -0.283
     0.507     0.745    -0.433
     0.560     0.652    -0.512
     0.340     0.921    -0.191
     0.433     0.768    -0.471
     0.494     0.819    -0.293
     0.697     0.691    -0.192
     0.651     0.642    -0.404
     0.594     0.606    -0.530
     0.708     0.689    -0.158
     0.378     0.780    -0.499
     0.570     0.728    -0.381
     0.644     0.620    -0.448
     0.539     0.696    -0.475
     0.268     0.962    -0.057
     0.532     0.738    -0.415
     0.487     0.853    -0.188
     0.538     0.768    -0.347
     0.328     0.876    -0.355
     0.694     0.610    -0.384
     0.301     0.886    -0.352
     0.728     0.683    -0.062
     0.539     0.810    -0.230
     0.448     0.755    -0.479
     0.696     0.666    -0.270
     0.637     0.727    -0.256
     0.540     0.816    -0.208
     0.429     0.793    -0.433
     0.433     0.747    -0.504
     0.329     0.944    -0.002
     0.686     0.647    -0.333
     0.416     0.761    -0.498
     0.306     0.929    -0.208
     0.536     0.791    -0.294
     0.375     0.879    -0.294
     0.695     0.638    -0.332
     0.508     0.852    -0.126
     0.397     0.899    -0.183
     0.560     0.758    -0.335
     0.397     0.900    -0.181
     0.435     0.787    -0.437
     0.329     0.944    -0.001
     0.637     0.748    -0.186
     0.570     0.683    -0.457
     0.561     0.811    -0.169
     0.413     0.753    -0.511
     0.704     0.691    -0.165
     0.532     0.847     0.016
     0.500     0.796    -0.341
     0.478     0.872     0.103
     0.417     0.897    -0.149
     0.679     0.604    -0.418
     0.598     0.763    -0.245
     0.734     0.589    -0.339
     0.615     0.776    -0.140
     0.352     0.747    -0.564
     0.410     0.832    -0.373
     0.356     0.871    -0.338
     0.551     0.734    -0.397
     0.462     0.886    -0.019
     0.494     0.861    -0.124
     0.677     0.679    -0.284
     0.713     0.700    -0.037
     0.398     0.743    -0.537
     0.419     0.854    -0.307
     0.430     0.781    -0.453
     0.649     0.695    -0.308
     0.524     0.817    -0.242
     0.398     0.787    -0.472
     0.631     0.611    -0.477
     0.446     0.867    -0.220
     0.492     0.821    -0.289
     0.458     0.873    -0.167
     0.393     0.886    -0.248
     0.698     0.694    -0.174
     0.624     0.715    -0.316
     0.223     0.922    -0.315
     0.370     0.856    -0.361
     0.606     0.741    -0.289
     0.622     0.781    -0.061
     0.563     0.767    -0.308
     0.613     0.769    -0.181
     0.579     0.804    -0.134
     0.612     0.528    -0.589
     0.402     0.870    -0.285
     0.441     0.849    -0.292
     0.652     0.703    -0.284
     0.400     0.825    -0.400
     0.321     0.777    -0.542
     0.503     0.856    -0.121
     0.428     0.834    -0.348
     0.672     0.598    -0.436
     0.692     0.672    -0.264
     0.170     0.953    -0.251
     0.366     0.892    -0.264
     0.498     0.838    -0.224
     0.427     0.903     0.058
     0.535     0.791    -0.298
     0.516     0.785    -0.344
     0.627     0.766    -0.140
     0.319     0.899    -0.300
     0.546     0.746    -0.382
     0.522     0.806    -0.278
     0.273     0.788    -0.551
     0.569     0.812    -0.131
     0.385     0.874    -0.297
     0.630     0.707    -0.321
     0.266     0.818    -0.509
     0.387     0.823    -0.417
     0.554     0.676    -0.485
     0.347     0.868    -0.357
     0.502     0.860    -0.092
     0.439     0.870    -0.224
     0.767     0.638     0.069
     0.525     0.845    -0.098
     0.745     0.637    -0.196
     0.483     0.768    -0.420
     0.652     0.713    -0.257
     0.684     0.690    -0.238
     0.530     0.748    -0.400
     0.365     0.922    -0.132
     0.585     0.627    -0.515
     0.292     0.941    -0.170
     0.762     0.647    -0.024
     0.483     0.866    -0.132
     0.607     0.682    -0.408
     0.571     0.705    -0.421
     0.332     0.905    -0.265
     0.351     0.920    -0.174
     0.587     0.768    -0.256
     0.478     0.785    -0.393
     0.589     0.804    -0.081
     0.535     0.609    -0.585
     0.630     0.774    -0.058
     0.478     0.761    -0.439
     0.620     0.672    -0.405
     0.697     0.657    -0.285
     0.558     0.806    -0.198
     0.750     0.511    -0.420
     0.572     0.820    -0.005
     0.732     0.642    -0.229
     0.616     0.648    -0.447
     0.654     0.712    -0.256
     0.657     0.580    -0.482
     0.355     0.669    -0.653
     0.634     0.667    -0.392
     0.716     0.543    -0.439
     0.334     0.869    -0.365
     0.594     0.774    -0.217
     0.499     0.842    -0.206
     0.405     0.870    -0.281
     0.455     0.715    -0.531
