     0.925     0.080     0.372
     0.439     0.896    -0.073
    -0.301     0.936     0.185
     0.548     0.705     0.450
     0.846     0.515    -0.135
     0.585     0.613     0.530
    -0.071     0.667     0.741
     0.301     0.926     0.227
     0.447     0.780     0.438
     0.414     0.844    -0.340
     0.561     0.718    -0.412
     0.930     0.333     0.154
     0.690     0.658     0.301
     0.444     0.717    -0.537
     0.030     0.987     0.159
     0.280     0.734     0.619
     0.394     0.918     0.042
     0.306     0.904    -0.297
     0.381     0.853    -0.357
     0.733     0.664     0.144
     0.512     0.851    -0.118
     0.719     0.612    -0.329
     0.124     0.956    -0.264
     0.480     0.729    -0.488
     0.730     0.670     0.135
     0.479     0.877     0.035
     0.264     0.954    -0.142
     0.178     0.981     0.075
     0.607     0.787    -0.107
    -0.119     0.991    -0.052
     0.328     0.629     0.705
     0.255     0.959    -0.122
     0.185     0.982    -0.030
     0.044     0.914    -0.403
     0.867     0.469    -0.166
     0.406     0.906    -0.118
     0.298     0.950    -0.089
     0.371     0.928     0.016
    -0.065     0.986    -0.155
     0.751     0.488    -0.445
     0.372     0.928    -0.025
     0.541     0.800     0.260
     0.497     0.601     0.626
     0.454     0.881    -0.129
     0.286     0.896    -0.338
     0.652     0.517     0.555
     0.621     0.747    -0.238
     0.203     0.978     0.040
     0.661     0.511    -0.549
    -0.020     0.959     0.283
     0.243     0.969    -0.056
     0.410     0.715     0.566
    -0.065     0.967     0.247
     0.505     0.769     0.392
     0.785     0.619    -0.033
     0.157     0.887     0.435
     0.328     0.937     0.119
     0.416     0.908     0.048
     0.638     0.770     0.006
    -0.212     0.972     0.099
     0.342     0.912     0.227
     0.374     0.888     0.268
     0.603     0.584     0.543
     0.259     0.902     0.345
     0.471     0.819    -0.328
     0.193     0.980     0.056
     0.098     0.861    -0.498
     0.355     0.870     0.342
     0.155     0.866     0.475
     0.504     0.862     0.051
     0.086     0.795     0.600
     0.085     0.933    -0.349
     0.183     0.980     0.074
     0.453     0.640     0.621
    -0.053     0.666     0.744
     0.560     0.818    -0.132
     0.606     0.761     0.234
     0.155     0.936    -0.317
     0.372     0.772    -0.516
     0.778     0.608     0.160
     0.440     0.894     0.083
     0.387     0.922     0.023
     0.831     0.494     0.256
     0.717     0.657     0.234
     0.608     0.411     0.679
     0.103     0.974     0.200
     0.471     0.878     0.087
     0.798     0.563     0.217
     0.892     0.206     0.403
     0.065     0.926    -0.371
     0.291     0.712    -0.639
     0.695     0.352    -0.627
     0.251     0.908     0.335
     0.782     0.125    -0.610
     0.425     0.722     0.545
     0.233     0.901     0.367
     0.512     0.783     0.352
     0.387     0.873    -0.296
     0.011     0.955    -0.295
     0.224     0.942     0.249
     0.193     0.976     0.100
     0.724     0.674     0.148
     0.108     0.759    -0.642
     0.138     0.962    -0.237
     0.642     0.726     0.247
     0.836     0.507    -0.210
     0.164     0.977     0.136
     0.227     0.951     0.211
     0.723     0.686     0.085
     0.172     0.862    -0.477
     0.864     0.494    -0.096
     0.457     0.818    -0.349
     0.396     0.816    -0.421
     0.625     0.162     0.763
     0.922     0.355     0.153
     0.550     0.835     0.003
     0.489     0.861     0.140
     0.336     0.907    -0.255
     0.439     0.863    -0.248
    -0.050     0.867     0.495
     0.300     0.879     0.370
    -0.113     0.928     0.354
     0.551     0.812    -0.192
     0.220     0.927     0.304
     0.663     0.742    -0.102
     0.546     0.762    -0.348
     0.618     0.765    -0.178
     0.465     0.885    -0.028
     0.494     0.867    -0.061
     0.333     0.910    -0.247
     0.490     0.786     0.377
     0.571     0.808     0.144
     0.367     0.554     0.747
     0.691     0.719     0.077
     0.600     0.752    -0.273
    -0.190     0.958    -0.214
     0.006     0.949     0.314
     0.328     0.895    -0.302
    -0.017     0.977    -0.211
     0.526     0.768    -0.364
     0.856     0.160    -0.492
     0.575     0.803     0.155
     0.632     0.770    -0.088
     0.678     0.697     0.234
     0.267     0.956     0.123
     0.483     0.798     0.360
     0.619     0.756     0.211
     0.628     0.627    -0.462
     0.542     0.649    -0.534
     0.697     0.693     0.187
     0.609     0.793     0.023
     0.300     0.951     0.068
    -0.053     0.819     0.572
     0.113     0.840     0.531
     0.751     0.632     0.192
     0.574     0.636     0.516
     0.105     0.979     0.177
    -0.086     0.947     0.311
     0.640     0.578    -0.506
     0.471     0.881     0.035
     0.891     0.411     0.190
     0.417     0.852    -0.316
     0.831     0.541     0.128
     0.492     0.845     0.207
     0.624     0.721     0.302
     0.577     0.567     0.587
     0.148     0.960    -0.237
     0.534     0.791     0.298
     0.256     0.930    -0.262
     0.443     0.896     0.023
     0.274     0.933     0.232
     0.192     0.940     0.283
     0.650     0.743    -0.157
     0.713     0.701    -0.009
     0.621     0.754     0.214
     0.454     0.877    -0.158
     0.000     0.969     0.246
     0.999     0.023     0.025
     0.492     0.482    -0.725
     0.857     0.494     0.146
     0.521     0.738     0.429
     0.375     0.808    -0.454
     0.288     0.943    -0.164
     0.142     0.989    -0.052
     0.559     0.533     0.635
     0.472     0.736    -0.485
     0.551     0.834    -0.024
     0.546     0.630     0.552
     0.461     0.871    -0.170
     0.583     0.625     0.519
     0.225     0.968    -0.113
     0.379     0.884    -0.273
     0.629     0.643     0.437
     0.431     0.840     0.330
     0.262     0.936    -0.234
    -0.007     0.951    -0.308
     0.463     0.785     0.412
    -0.179     0.924     0.339
     0.739     0.664     0.111
     0.766     0.639    -0.070
     0.865     0.500     0.038
     0.243     0.969     0.040
     0.251     0.956    -0.151
     0.334     0.892     0.304
    -0.096     0.920    -0.379
     0.505     0.859     0.081
     0.582     0.586     0.563
     0.653     0.749     0.111
     0.676     0.463     0.574
     0.888     0.433     0.155
     0.343     0.864     0.368
     0.310     0.932     0.187
     0.459     0.889    -0.005
     0.578     0.732     0.360
     0.255     0.966    -0.051
     0.281     0.890    -0.359
     0.348     0.937     0.035
     0.587     0.582     0.563
     0.256     0.873    -0.416
     0.448     0.885     0.129
     0.446     0.716    -0.538
     0.264     0.704     0.659
     0.391     0.873    -0.290
     0.896     0.417     0.155
     0.301     0.870     0.391
     0.066     0.959     0.274
     0.310     0.936     0.166
     0.687     0.721    -0.090
    -0.017     0.960     0.281
     0.206     0.934    -0.292
     0.762     0.637    -0.114
     0.007     0.800     0.601
    -0.145     0.519     0.842
     0.405     0.906     0.123
     0.509     0.796    -0.329
     0.657     0.728     0.198
     0.487     0.873    -0.017
     0.373     0.595     0.712
     0.443     0.889     0.110
     0.724     0.497     0.479
     0.650     0.741     0.168
     0.551     0.822     0.144
     0.685     0.104     0.721
     0.135     0.934     0.331
     0.512     0.858    -0.042
     0.184     0.878     0.441
     0.582     0.760     0.289
     0.656     0.754     0.039
     0.980     0.148    -0.134
     0.397     0.527     0.752
     0.632     0.770    -0.089
     0.885     0.415     0.212
     0.304     0.927     0.222
     0.843     0.494    -0.211
     0.380     0.850     0.364
     0.436     0.739     0.514
     0.013     0.803     0.596
    -0.115     0.972    -0.203
     0.943    -0.028     0.330
     0.576     0.768    -0.280
     0.482     0.841    -0.247
     0.138     0.857     0.496
     0.185     0.975    -0.127
     0.736     0.454     0.502
     0.353     0.927     0.127
     0.886     0.361     0.290
    -0.107     0.884     0.455
     0.436     0.814    -0.384
     0.628     0.726     0.281
     0.369     0.885     0.285
    -0.294     0.931     0.216
     0.360     0.928     0.094
     0.253     0.960    -0.119
     0.790     0.575     0.213
     0.503     0.855    -0.125
     0.368     0.835     0.409
     0.479     0.878    -0.021
     0.494     0.828     0.265
     0.139     0.826    -0.547
     0.143     0.852    -0.503
     0.001     0.960     0.280
     0.478     0.810     0.341
     0.203     0.977    -0.063
     0.182     0.908     0.378
     0.283     0.931     0.229
     0.578     0.810    -0.095
     0.735     0.676     0.052
    -0.159     0.916     0.368
     0.535     0.814     0.225
     0.983     0.086     0.165
     0.716     0.646     0.265
     0.391     0.623     0.677
     0.329     0.921    -0.209
     0.970     0.215    -0.112
    -0.231     0.972    -0.041
     0.447     0.848     0.286
     0.654     0.664     0.363
    -0.479     0.865    -0.146
     0.508     0.801     0.316
     0.604     0.703     0.375
     0.382     0.896     0.226
     0.503     0.720     0.478
     0.810     0.417     0.413
     0.386     0.919    -0.077
     0.702     0.602    -0.381
     0.648     0.762    -0.001
     0.443     0.849    -0.289
    -0.044     0.999    -0.021
    -0.158     0.779     0.607
    -0.659     0.720    -0.216
     0.686     0.714    -0.140
     0.244     0.966    -0.090
     0.791     0.597     0.131
    -0.028     0.988     0.150
     0.536     0.713    -0.452
     0.310     0.951     0.012
     0.078     0.911     0.405
     0.521     0.778     0.352
     0.635     0.187     0.749
     0.144     0.980     0.137
     0.274     0.841     0.467
     0.111     0.785    -0.610
     0.198     0.867     0.458
     0.418     0.667     0.617
     0.243     0.960     0.138
     0.292     0.903     0.316
     0.084     0.743     0.664
     0.659     0.664     0.353
     0.682     0.559    -0.472
     0.402     0.883     0.242
     0.624     0.779     0.066
     0.138     0.988     0.072
    -0.143     0.876     0.460
     0.280     0.959    -0.038
     0.415     0.888     0.198
     0.249     0.834     0.492
     0.475     0.837     0.270
     0.085     0.965     0.249
     0.575     0.815     0.066
     0.643     0.758     0.112
     0.512     0.384     0.768
    -0.217     0.970    -0.111
     0.506     0.855     0.110
     0.305     0.952    -0.036
     0.749     0.651     0.127
     0.348     0.833     0.431
     0.070     0.998     0.007
     0.633     0.722     0.279
     0.430     0.781     0.452
     0.466     0.824     0.324
     0.352     0.933     0.076
     0.554     0.831     0.047
     0.372     0.865     0.338
     0.896     0.335     0.292
     0.522     0.697    -0.491
     0.025     0.979     0.204
     0.543     0.708     0.452
     0.433     0.757     0.490
    -0.069     0.930     0.360
     0.692     0.718    -0.079
    -0.370     0.924     0.097
     0.556     0.609     0.567
     0.428     0.837    -0.341
     0.224     0.834    -0.504
     0.453     0.831    -0.322
     0.318     0.841     0.437
     0.431     0.628     0.648
     0.448     0.754    -0.480
     0.420     0.895     0.149
     0.184     0.983     0.007
     0.140     0.943    -0.302
     0.690     0.692    -0.211
     0.447     0.865    -0.229
     0.645     0.690    -0.328
     0.281     0.871    -0.403
     0.304     0.902     0.306
     0.281     0.860    -0.426
     0.546     0.835     0.067
    -0.285     0.895    -0.344
     0.521     0.806     0.280
     0.024     0.796     0.605
    -0.313     0.620     0.720
     0.345     0.932     0.113
     0.657     0.680    -0.326
     0.352     0.913    -0.206
     0.258     0.750    -0.609
     0.727     0.441     0.526
     0.581     0.814     0.002
     0.145     0.974     0.177
     0.512     0.841    -0.172
     0.394     0.714     0.579
     0.752     0.556     0.354
     0.130     0.953     0.273
     0.643     0.634     0.431
     0.064     0.984     0.164
     0.815     0.404     0.417
     0.204     0.978    -0.037
     0.747     0.233     0.623
     0.229     0.856     0.464
     0.178     0.968    -0.177
     0.711     0.621     0.331
     0.813     0.400     0.423
     0.201     0.883    -0.425
     0.662     0.709    -0.244
    -0.028     0.996     0.088
     0.623     0.770     0.137
     0.221     0.974     0.049
    -0.006     0.967     0.256
     0.750     0.659    -0.048
     0.419     0.906    -0.053
     0.032     0.825    -0.565
     0.700     0.713     0.033
     0.880     0.475     0.030
     0.820     0.555     0.141
     0.616     0.616    -0.491
     0.604     0.777     0.178
     0.393     0.877    -0.276
     0.781     0.583    -0.224
     0.900     0.348    -0.263
     0.381     0.856     0.349
     0.689     0.337     0.641
     0.853     0.454    -0.258
     0.488     0.821     0.297
    -0.032     0.815     0.579
     0.258     0.883    -0.392
     0.237     0.847     0.476
    -0.143     0.955    -0.261
     0.062     0.818     0.572
     0.535     0.823     0.193
    -0.025     0.904    -0.427
     0.445     0.842    -0.304
     0.309     0.947    -0.088
    -0.216     0.791    -0.573
     0.414     0.910     0.030
     0.568     0.815     0.114
     0.406     0.872    -0.274
     0.857     0.512     0.047
     0.319     0.947    -0.023
     0.403     0.792    -0.459
     0.675     0.657     0.336
     0.342     0.627    -0.700
    -0.334     0.931    -0.149
    -0.202     0.966     0.164
     0.277     0.939    -0.203
     0.615     0.783     0.087
     0.116     0.788     0.605
     0.460     0.869    -0.181
     0.767     0.641     0.013
     0.392     0.541     0.744
     0.416     0.908    -0.059
     0.335     0.685     0.647
     0.530     0.415     0.740
     0.592     0.668    -0.450
     0.508     0.781     0.362
     0.356     0.929     0.098
     0.363     0.752    -0.550
    -0.109     0.992     0.061
     0.115     0.790     0.602
     0.748     0.656    -0.105
     0.214     0.886     0.410
     0.755     0.644     0.124
     0.283     0.940     0.190
     0.270     0.919     0.288
     0.852     0.396    -0.341
     0.455     0.888    -0.073
     0.359     0.933    -0.011
     0.467     0.823    -0.323
     0.709     0.702     0.068
     0.396     0.895     0.206
     0.747     0.598    -0.292
     0.408     0.823     0.394
     0.527     0.847    -0.077
     0.320     0.937    -0.144
    -0.029     0.996     0.089
     0.551     0.834    -0.018
     0.430     0.807     0.406
     0.401     0.810     0.428
     0.294     0.932     0.212
     0.528     0.845    -0.087
     0.908     0.419    -0.003
     0.407     0.914     0.001
     0.420     0.876     0.238
     0.705     0.358     0.612
     0.324     0.796    -0.512
     0.326     0.338     0.883
     0.599     0.789     0.137
     0.993    -0.027    -0.113
     0.734     0.673     0.095
     0.463     0.881    -0.098
     0.482     0.872     0.085
     0.584     0.790     0.185
     0.376     0.698     0.610
    -0.041     0.918    -0.395
     0.450     0.886    -0.114
     0.140     0.731    -0.668
     0.440     0.884    -0.159
     0.882     0.364     0.298
     0.047     0.996     0.071
     0.829     0.497     0.258
    -0.056     0.942     0.331
    -0.064     0.972    -0.226
    -0.473     0.879    -0.056
     0.555     0.818     0.148
     0.532     0.845     0.058
     0.501     0.835    -0.225
     0.533     0.740     0.411
     0.621     0.760    -0.193
     0.974     0.215    -0.067
     0.687     0.324    -0.650
     0.342     0.933    -0.116
     0.502     0.845     0.186
    -0.025     0.877    -0.480
     0.618     0.560     0.552
     0.565     0.632     0.531
     0.710     0.527     0.467
     0.450     0.855     0.256
     0.562     0.817    -0.129
     0.694     0.710     0.119
     0.735     0.651     0.189
     0.089     0.989     0.115
     0.224     0.970    -0.092
     0.267     0.950     0.165
     0.788     0.355    -0.504
     0.009     0.826    -0.563
     0.615     0.784    -0.083
     0.915     0.392     0.097
     0.034     0.982     0.187
     0.628     0.765     0.138
     0.305     0.952     0.034
     0.005     0.971    -0.238
     0.288     0.957    -0.018
     0.619     0.712     0.331
    -0.135     0.805     0.578
     0.804     0.527     0.275
     0.757     0.420    -0.500
     0.566     0.820     0.084
     0.986     0.160    -0.045
    -0.068     0.829    -0.555
     0.219     0.969    -0.113
     0.134     0.757     0.640
    -0.367     0.691     0.623
     0.214     0.706     0.676
     0.401     0.886    -0.233
     0.439     0.579     0.687
     0.197     0.756     0.624
     0.360     0.911    -0.203
     0.168     0.952     0.256
     0.712     0.685     0.155
     0.436     0.877    -0.204
     0.817     0.574    -0.045
     0.341     0.923     0.181
     0.559     0.781    -0.278
     0.715     0.388     0.582
     0.985     0.170    -0.032
     0.221     0.974     0.058
     0.901     0.432    -0.038
     0.218     0.911     0.351
    -0.125     0.988     0.089
     0.193     0.858     0.476
     0.621     0.748     0.234
     0.415     0.868     0.274
     0.411     0.829     0.378
     0.299     0.920     0.255
     0.386     0.630     0.674
     0.641     0.613     0.462
    -0.061     0.974     0.217
     0.548     0.836     0.018
     0.197     0.870    -0.452
     0.047     0.984     0.174
     0.269     0.961     0.059
     0.358     0.882    -0.306
    -0.343     0.676    -0.652
     0.013     0.997     0.081
     0.781     0.597    -0.182
     0.217     0.972    -0.093
     0.482     0.727     0.489
     0.158     0.987    -0.034
    -0.160     0.567     0.808
     0.113     0.994     0.013
     0.497     0.867    -0.038
     0.258     0.963     0.072
     0.884     0.467     0.009
     0.263     0.574     0.775
     0.519     0.806     0.284
     0.640     0.739     0.210
     0.243     0.958     0.154
     0.698     0.716    -0.002
     0.127     0.964    -0.234
     0.976     0.191    -0.106
     0.538     0.836     0.108
     0.429     0.878     0.212
     0.547     0.583     0.601
     0.154     0.981     0.121
     0.407     0.910     0.078
     0.623     0.730    -0.280
    -0.157     0.944     0.290
     0.110     0.741     0.662
    -0.343     0.937     0.062
     0.532     0.847    -0.027
     0.646     0.749     0.150
     0.618     0.691     0.375
    -0.875     0.433     0.217
     0.178     0.861     0.476
     0.272     0.812     0.516
    -0.002     0.845     0.534
    -0.039     0.933    -0.358
     0.357     0.896     0.263
     0.434     0.814     0.387
     0.681     0.697     0.224
     0.233     0.971    -0.050
     0.620     0.754    -0.218
     0.797     0.598     0.084
     0.531     0.645     0.550
     0.455     0.886     0.091
     0.781     0.619    -0.083
     0.452     0.892     0.021
     0.482     0.791    -0.376
     0.823     0.551    -0.134
     0.829     0.551     0.097
     0.623     0.559     0.547
     0.082     0.729     0.680
     0.493     0.847    -0.198
     0.355     0.898     0.260
     0.479     0.725     0.494
    -0.285     0.948    -0.142
     0.678     0.704     0.212
    -0.204     0.952    -0.230
     0.297     0.804     0.516
     0.330     0.882     0.335
     0.219     0.976    -0.003
     0.872     0.446     0.201
     0.790     0.471     0.394
     0.544     0.759     0.359
     0.240     0.929    -0.282
     0.859     0.501     0.105
     0.333     0.864     0.377
    -0.001     0.827     0.562
     0.371     0.852    -0.370
     0.582     0.807    -0.101
     0.652     0.728    -0.215
    -0.289     0.952     0.100
     0.116     0.993     0.011
     0.430     0.826    -0.365
     0.207     0.976    -0.062
     0.190     0.866     0.463
     0.776     0.549     0.311
     0.702     0.404     0.586
     0.820     0.554    -0.146
     0.899     0.421    -0.119
     0.445     0.862     0.243
     0.588     0.693     0.418
     0.577     0.809     0.117
     0.410     0.902     0.135
     0.688     0.725     0.028
    -0.101     0.966     0.238
     0.222     0.934     0.280
     0.095     0.992     0.087
     0.463     0.840    -0.283
    -0.115     0.989     0.092
     0.865     0.383     0.323
     0.490     0.778     0.394
     0.834     0.550    -0.056
     0.867     0.360     0.344
     0.155     0.960     0.235
     0.460     0.735     0.498
     0.439     0.888    -0.140
     0.950     0.299     0.092
     0.334     0.930    -0.153
     0.201     0.612     0.765
     0.319     0.927     0.198
     0.506     0.797     0.329
     0.211     0.952     0.223
     0.246     0.959     0.140
     0.270     0.870    -0.413
     0.383     0.796     0.468
     0.216     0.976     0.014
    -0.153     0.720    -0.677
    -0.668     0.558    -0.492
     0.593     0.757     0.276
     0.053     0.995     0.087
    -0.219     0.940     0.263
    -0.099     0.993     0.062
     0.281     0.601    -0.748
     0.069     0.965    -0.254
     0.074     0.996    -0.049
     0.054     0.994     0.094
     0.227     0.974    -0.003
     0.509     0.744     0.433
     0.650     0.713    -0.264
     0.405     0.874    -0.268
     0.038     0.947     0.319
     0.083     0.823     0.563
     0.019     0.999     0.029
     0.128     0.991    -0.032
     0.397     0.912    -0.101
     0.468     0.809    -0.356
     0.833     0.530     0.161
     0.060     0.838     0.542
     0.535     0.772     0.343
     0.099     0.995    -0.010
     0.423     0.890    -0.169
     0.429     0.747     0.509
     0.243     0.839    -0.487
     0.944     0.189     0.269
     0.542     0.827     0.152
     0.233     0.942     0.240
     0.480     0.876     0.036
     0.319     0.894     0.315
    -0.125     0.927     0.355
     0.376     0.892    -0.252
     0.260     0.897    -0.357
     0.995     0.077     0.063
     0.236     0.966     0.103
     0.391     0.578     0.716
     0.631     0.756     0.173
     0.570     0.756     0.323
     0.208     0.978    -0.010
     0.601     0.543    -0.587
    -0.023     0.969    -0.245
     0.166     0.986    -0.021
     0.298     0.922     0.245
     0.763     0.645    -0.030
    -0.042     0.976     0.213
     0.421     0.620     0.662
     0.715     0.695    -0.072
     0.431     0.854    -0.292
     0.533     0.813     0.233
     0.657     0.727     0.200
     0.567     0.820    -0.079
     0.836     0.422     0.351
     0.589     0.772    -0.240
    -0.088     0.963     0.253
    -0.133     0.852     0.506
    -0.008     0.885     0.465
     0.682     0.701    -0.209
     0.133     0.957     0.256
     0.086     0.927    -0.366
     0.608     0.444     0.659
     0.046     0.947     0.317
     0.275     0.723    -0.633
     0.830     0.390     0.400
     0.056     0.670    -0.740
     0.879     0.475    -0.049
     0.311     0.940    -0.140
     0.573     0.797    -0.189
     0.228     0.965     0.129
     0.425     0.899    -0.105
     0.490     0.826    -0.280
     0.798     0.591    -0.113
     0.640     0.681    -0.357
     0.588     0.790    -0.174
     0.568     0.678    -0.466
    -0.324     0.714     0.620
     0.260     0.862     0.436
     0.628     0.723     0.287
     0.724     0.658    -0.209
     0.308     0.734     0.606
     0.492     0.839     0.231
     0.766     0.495     0.411
     0.542     0.809    -0.229
     0.262     0.876     0.405
     0.139     0.787     0.601
     0.787     0.612    -0.072
     0.746     0.632    -0.207
     0.741     0.669     0.062
     0.245     0.950     0.196
     0.422     0.879    -0.223
     0.851     0.471     0.233
     0.819     0.571    -0.060
     0.042     0.869    -0.493
     0.593     0.650     0.475
     0.555     0.825     0.108
     0.807     0.346    -0.478
    -0.064     0.946     0.318
     0.627     0.735    -0.258
     0.135     0.915    -0.380
     0.383     0.713     0.586
     0.772     0.635    -0.014
     0.597     0.690    -0.408
     0.573     0.791    -0.215
     0.306     0.886     0.348
     0.014     0.882     0.472
     0.456     0.723     0.520
     0.904     0.317    -0.288
    -0.040     0.998    -0.053
     0.589     0.803     0.090
     0.609     0.788    -0.089
     0.740     0.651    -0.168
     0.684     0.721     0.110
    -0.196     0.969     0.153
     0.329     0.859     0.392
     0.480     0.777    -0.407
     0.533     0.846    -0.003
     0.224     0.970     0.094
     0.349     0.896     0.274
     0.428     0.597     0.679
     0.379     0.880     0.285
     0.317     0.942     0.114
     0.480     0.877    -0.006
    -0.282     0.935     0.214
     0.306     0.786    -0.537
     0.395     0.506    -0.767
     0.455     0.855     0.248
     0.610     0.764     0.209
     0.409     0.761    -0.503
     0.548     0.836    -0.015
     0.035     0.980     0.196
     0.344     0.909     0.235
     0.759     0.439     0.481
     0.431     0.869    -0.244
     0.910     0.251    -0.330
     0.670     0.712    -0.209
     0.182     0.792     0.583
    -0.207     0.978     0.015
     0.008     0.993     0.119
     0.631     0.667     0.396
     0.527     0.617     0.584
     0.138     0.989    -0.045
    -0.100     0.693     0.714
     0.280     0.950     0.139
     0.821     0.571     0.008
     0.821     0.480    -0.310
     0.167     0.723    -0.671
    -0.124     0.989     0.077
     0.632     0.760    -0.153
     0.870     0.464     0.163
     0.691     0.723    -0.005
     0.467     0.844    -0.265
     0.890     0.456     0.005
     0.794     0.461     0.397
     0.993     0.108     0.051
    -0.069     0.946     0.317
     0.796     0.563    -0.221
     0.138     0.933     0.332
    -0.009     0.899     0.438
     0.685     0.685     0.249
     0.887     0.400    -0.229
     0.093     0.995    -0.032
     0.628     0.775     0.072
     0.496     0.708     0.503
     0.721     0.677     0.149
     0.013     0.889     0.458
     0.693     0.694    -0.196
     0.841     0.538     0.052
     0.589     0.723     0.361
     0.767     0.572     0.290
     0.791     0.530     0.304
     0.488     0.866     0.109
     0.434     0.763     0.480
     0.961    -0.237    -0.141
     0.587     0.786     0.196
     0.412     0.836    -0.362
     0.528     0.782    -0.332
    -0.087     0.919     0.383
     0.660     0.717     0.224
     0.341     0.915     0.218
     0.097     0.970    -0.224
     0.592     0.794    -0.137
    -0.276     0.716    -0.642
     0.667     0.696     0.264
     0.333     0.926    -0.175
     0.290     0.863    -0.414
     0.235     0.950     0.207
     0.177     0.975     0.130
     0.630     0.760     0.161
     0.951     0.172     0.258
     0.362     0.731     0.579
     0.683     0.729    -0.033
     0.597     0.738    -0.316
    -0.152     0.967    -0.203
     0.386     0.884    -0.263
     0.476     0.829    -0.293
    -0.170     0.943     0.288
     0.324     0.946     0.022
     0.536     0.674     0.509
     0.334     0.941    -0.063
     0.186     0.979    -0.078
    -0.025     0.835     0.550
     0.718     0.672    -0.182
     0.187     0.953     0.238
     0.754     0.633     0.174
     0.727     0.337    -0.598
     0.906     0.421     0.048
     0.655     0.716     0.240
     0.647     0.752    -0.126
     0.274     0.952     0.137
     0.372     0.903     0.216
     0.180     0.895    -0.409
     0.226     0.972    -0.062
     0.058     0.945    -0.322
     0.303     0.943    -0.139
    -0.028     0.904     0.427
     0.120     0.829     0.546
     0.689     0.722     0.055
     0.097     0.843     0.528
     0.895     0.352    -0.273
    -0.102     0.917    -0.385
     0.217     0.954     0.207
     0.401     0.882     0.247
     0.493     0.857     0.150
     0.823     0.548    -0.150
     0.295     0.954     0.053
    -0.017     0.956    -0.294
     0.626     0.670    -0.400
     0.556     0.615     0.560
     0.179     0.678    -0.713
     0.170     0.970     0.174
     0.579     0.729    -0.364
     0.263     0.959    -0.110
     0.484     0.851    -0.205
     0.757     0.651    -0.057
     0.615     0.758     0.216
     0.485     0.850     0.205
     0.527     0.849     0.048
     0.484     0.875     0.026
     0.022     0.976     0.217
     0.233     0.962     0.142
     0.447     0.836    -0.317
     0.787     0.607    -0.108
     0.586     0.805     0.099
     0.497     0.773    -0.394
     0.393     0.906    -0.156
    -0.012     0.975    -0.222
     0.473     0.880     0.042
     0.840     0.489     0.237
     0.541     0.840     0.042
     0.783     0.622     0.013
     0.301     0.823     0.482
     0.264     0.771     0.580
    -0.067     0.968     0.242
     0.801     0.564     0.198
     0.145     0.989    -0.036
     0.443     0.894     0.060
     0.093     0.787     0.610
     0.389     0.921    -0.006
    -0.170     0.927     0.335
     0.616     0.525    -0.588
     0.066     0.916     0.396
    -0.189     0.837     0.513
     0.090     0.887     0.453
    -0.349     0.878     0.327
     0.573     0.547     0.610
     0.922     0.259     0.287
    -0.227     0.632     0.741
    -0.177     0.931     0.318
     0.557     0.755     0.348
    -0.494     0.811     0.314
     0.440     0.883    -0.166
     0.519     0.772    -0.366
     0.095     0.930     0.356
     0.670     0.356     0.651
     0.200     0.978    -0.052
     0.354     0.887    -0.297
     0.657     0.662     0.360
     0.703     0.658    -0.270
    -0.078     0.354     0.932
    -0.162     0.986    -0.040
    -0.483     0.857     0.182
     0.427     0.903    -0.048
     0.320     0.929    -0.186
     0.092     0.897     0.432
     0.245     0.912     0.328
     0.315     0.876     0.365
     0.187     0.935    -0.300
     0.773     0.610    -0.175
     0.354     0.782     0.513
     0.144     0.964    -0.225
     0.507     0.830    -0.231
    -0.161     0.979    -0.128
     0.560     0.722     0.406
     0.672     0.353     0.651
    -0.471     0.865     0.175
     0.391     0.912    -0.120
     0.768     0.632     0.102
    -0.268     0.963    -0.037
     0.416     0.856     0.306
     0.384     0.816     0.432
     0.289     0.948     0.130
     0.325     0.940     0.103
     0.005     0.970     0.245
     0.873     0.378    -0.307
     0.503     0.802     0.321
     0.434     0.884     0.174
     0.163     0.971    -0.173
     0.267     0.949    -0.171
     0.700     0.703     0.126
     0.705     0.703     0.098
     0.219     0.031     0.975
     0.511     0.802     0.309
     0.661     0.637    -0.397
     0.337     0.934    -0.121
     0.115     0.894     0.432
     0.106     0.990     0.088
     0.403     0.824     0.399
     0.327     0.897    -0.296
     0.595     0.761     0.260
     0.525     0.817     0.237
     0.808     0.483    -0.337
     0.920     0.069     0.386
     0.796    -0.353     0.491
     0.658     0.739     0.143
     0.396     0.736     0.548
     0.177     0.885     0.431
    -0.476     0.875     0.093
     0.368     0.922     0.125
     0.912     0.382     0.149
     0.550     0.658     0.514
     0.480     0.628    -0.612
     0.653     0.756     0.041
     0.073     0.953     0.293
     0.268     0.960     0.082
     0.558     0.823     0.104
     0.326     0.943    -0.070
     0.703     0.699    -0.127
     0.555     0.783     0.283
     0.624     0.669     0.404
     0.652     0.656    -0.381
     0.955     0.296     0.030
     0.068     0.960    -0.271
    -0.560     0.818     0.132
     0.058     0.994    -0.090
     0.492     0.868     0.074
     0.307     0.944    -0.121
     0.525     0.795     0.304
     0.309     0.946     0.095
     0.606     0.788     0.112
     0.730     0.665    -0.156
     0.070     0.956     0.285
     0.448     0.894     0.007
     0.913     0.405    -0.046
     0.715     0.671     0.197
     0.598     0.715    -0.361
     0.390     0.815     0.429
     0.575     0.797    -0.185
     0.729     0.662     0.175
     0.217     0.834    -0.508
     0.325     0.945     0.026
     0.578     0.792     0.196
     0.819     0.497     0.285
    -0.112     0.983    -0.147
     0.402     0.916    -0.009
     0.411     0.883     0.226
     0.389     0.906     0.167
     0.564     0.814    -0.139
     0.559     0.749    -0.356
     0.378     0.905    -0.196
     0.306     0.931    -0.200
     0.407     0.909     0.092
     0.720     0.646     0.252
    -0.126     0.975    -0.183
     0.096     0.903     0.418
    -0.128     0.976     0.174
     0.218     0.957    -0.190
     0.561     0.828    -0.004
     0.309     0.949    -0.071
     0.980     0.184     0.071
     0.495     0.714    -0.496
    -0.121     0.978    -0.171
     0.523     0.746    -0.412
     0.951     0.309     0.015
     0.587     0.809     0.031
     0.519     0.800     0.301
     0.604     0.796     0.043
     0.398     0.865     0.307
     0.443     0.827    -0.347
     0.684     0.722    -0.110
     0.715     0.643    -0.276
     0.594     0.580    -0.557
    -0.317     0.076    -0.945
     0.653     0.757     0.007
     0.815     0.489    -0.311
     0.249     0.876     0.413
     0.648     0.755     0.096
     0.167     0.982    -0.083
     0.695     0.702     0.155
     0.539     0.822     0.184
     0.779     0.620     0.098
     0.076     0.785     0.615
     0.455     0.836    -0.307
     0.461     0.883    -0.090
     0.470     0.873     0.127
     0.323     0.920     0.222
     0.471     0.795    -0.382
     0.123     0.847     0.517
    -0.161     0.801    -0.577
    -0.139     0.990    -0.040
     0.549     0.832     0.080
     0.729     0.685    -0.002
     0.069     0.996     0.055
     0.381     0.922     0.069
     0.528     0.850    -0.001
     0.419     0.859     0.295
     0.418     0.875    -0.245
     0.330     0.944     0.014
     0.994     0.014    -0.110
     0.357     0.755    -0.549
     0.305     0.846    -0.437
     0.819     0.542     0.189
     0.923     0.062     0.380
     0.145     0.811    -0.568
     0.265     0.942     0.208
     0.874     0.484     0.042
     0.667     0.504    -0.549
     0.633     0.676     0.378
     0.382     0.592     0.710
     0.341     0.936    -0.083
     0.756     0.575     0.313
     0.345     0.902    -0.261
     0.394     0.833     0.388
     0.862     0.440     0.253
     0.103     0.828     0.552
     0.531     0.769     0.356
     0.230     0.928    -0.293
     0.286     0.734     0.616
     0.305     0.909     0.286
     0.560     0.704     0.437
     0.681     0.732    -0.023
     0.810     0.562    -0.166
     0.626     0.771    -0.118
     0.690     0.677    -0.257
    -0.007     0.993     0.120
     0.499     0.864     0.076
     0.513     0.832     0.209
     0.565     0.791     0.235
    -0.040     0.798    -0.601
    -0.040     0.962     0.271
     0.389     0.862    -0.324
     0.516     0.852    -0.089
    -0.131     0.924    -0.360
     0.696     0.669    -0.261
     0.536     0.792    -0.292
     0.033     0.991     0.130
     0.674     0.738     0.035
     0.303     0.558     0.772
     0.490     0.776     0.396
     0.280     0.887    -0.366
     0.304     0.916     0.262
     0.625     0.772     0.114
     0.553     0.827     0.106
     0.382     0.821    -0.424
     0.617     0.757     0.215
    -0.031     0.962     0.270
     0.188     0.982    -0.016
     0.872     0.486    -0.064
     0.805     0.526     0.276
     0.640     0.754    -0.144
     0.238     0.961    -0.143
     0.033     0.779     0.626
     0.325     0.942     0.085
     0.515     0.828     0.222
     0.240     0.956     0.168
     0.571     0.728     0.379
     0.423     0.818     0.391
     0.751     0.527     0.397
     0.785     0.456     0.418
     0.403     0.886    -0.230
     0.460     0.766    -0.449
     0.467     0.775    -0.425
     0.673     0.475     0.567
     0.475     0.813     0.336
     0.221     0.779     0.587
     0.604     0.720    -0.342
     0.530     0.732     0.428
     0.352     0.736     0.578
     0.245     0.964     0.101
     0.611     0.338     0.716
     0.739     0.640     0.212
    -0.207     0.976     0.065
     0.246     0.695     0.675
     0.372     0.900     0.228
     0.515     0.486     0.706
     0.227     0.847     0.481
     0.771     0.636     0.017
     0.813     0.561     0.159
     0.024     0.994    -0.108
     0.808     0.468     0.357
     0.674     0.685     0.276
     0.132     0.991     0.003
     0.586     0.647    -0.488
     0.442     0.872    -0.210
     0.906     0.422     0.011
     0.753     0.656     0.050
     0.804     0.591     0.063
     0.825     0.023     0.565
     0.680     0.603    -0.416
    -0.276     0.813     0.512
     0.386     0.768     0.511
     0.459     0.873    -0.164
    -0.059     0.990    -0.127
     0.643     0.723     0.253
     0.505     0.767    -0.396
     0.383     0.811    -0.442
     0.607     0.767    -0.208
     0.841     0.496    -0.214
     0.540     0.837    -0.091
     0.399     0.910    -0.107
     0.327     0.874     0.360
     0.297     0.954    -0.037
     0.846     0.472    -0.246
     0.345     0.892     0.291
     0.640     0.763    -0.088
     0.235     0.972     0.019
     0.517     0.656     0.550
     0.729     0.473     0.496
     0.557     0.814    -0.165
     0.082     0.939    -0.335
     0.530     0.818     0.222
     0.424     0.540     0.727
     0.129     0.934     0.332
     0.053     0.921     0.387
    -0.060     0.994    -0.086
     0.484     0.790    -0.376
     0.146     0.988     0.059
     0.882     0.403    -0.245
     0.582     0.514    -0.630
     0.851     0.499    -0.165
     0.441     0.886    -0.147
    -0.350     0.836    -0.422
     0.104     0.993     0.050
     0.240     0.956     0.171
     0.201     0.826    -0.527
     0.249     0.912    -0.326
     0.517     0.758     0.398
     0.198     0.972    -0.130
     0.498     0.864    -0.066
     0.096     0.993    -0.069
     0.655     0.578    -0.487
     0.899     0.416    -0.136
    -0.189     0.939     0.288
     0.143     0.989     0.045
     0.752     0.568    -0.335
     0.117     0.711    -0.693
     0.397     0.916    -0.060
     0.214     0.724     0.655
     0.468     0.764    -0.443
     0.415     0.843     0.343
    -0.381     0.885    -0.267
     0.728     0.641     0.244
     0.246     0.967    -0.060
     0.599     0.768     0.226
    -0.196     0.899     0.391
     0.268     0.953     0.143
     0.406     0.769    -0.493
    -0.047     0.752     0.657
     0.854     0.495     0.159
     0.520     0.755     0.399
     0.721     0.658     0.215
     0.414     0.798     0.438
     0.671     0.742     0.004
     0.423     0.906    -0.004
     0.665     0.735     0.130
     0.739     0.669    -0.080
     0.371     0.928    -0.026
     0.699     0.631     0.336
    -0.048     0.943     0.328
     0.104     0.845     0.525
     0.264     0.952    -0.158
     0.602     0.782    -0.164
     0.934     0.338    -0.116
     0.156     0.831     0.534
     0.547     0.781    -0.301
     0.416     0.909     0.027
     0.553     0.740     0.383
     0.259     0.891     0.374
     0.578     0.634     0.514
     0.125     0.981    -0.149
     0.270     0.859    -0.434
     0.403     0.913     0.067
     0.262     0.668     0.697
     0.390     0.876     0.283
     0.312     0.947    -0.074
     0.409     0.868     0.281
     0.522     0.591     0.615
     0.057     0.923     0.380
     0.803     0.528     0.278
     0.628     0.774    -0.075
     0.735     0.672     0.086
     0.403     0.909     0.102
     0.641     0.580     0.503
     0.692     0.696     0.194
    -0.129     0.968    -0.216
     0.406     0.868     0.284
     0.848     0.491    -0.202
     0.256     0.907     0.334
     0.396     0.694     0.601
     0.342     0.937    -0.069
     0.715     0.672     0.195
     0.671     0.719    -0.180
     0.566     0.681    -0.464
     0.642     0.529     0.555
     0.432     0.866    -0.251
     0.033     0.990     0.135
     0.348     0.879     0.326
     0.282     0.926    -0.252
    -0.471     0.882    -0.015
     0.240     0.971     0.007
     0.681     0.605     0.412
     0.650     0.702     0.291
     0.063     0.958     0.279
     0.994     0.107     0.019
     0.597     0.799    -0.063
     0.417     0.868     0.271
     0.312     0.845     0.434
     0.816     0.563    -0.133
     0.593     0.638     0.492
     0.358     0.856    -0.374
     0.683     0.714    -0.156
     0.001     0.921     0.390
     0.790     0.566    -0.233
     0.059     0.952     0.301
    -0.284     0.947    -0.151
     0.412     0.778     0.475
     0.275     0.961     0.009
    -0.237     0.958     0.160
     0.124     0.986    -0.110
    -0.368     0.759     0.537
     0.728     0.357    -0.585
     0.579     0.774     0.256
     0.036     0.982    -0.186
     0.813     0.574     0.101
     0.655     0.752    -0.068
     0.249     0.945     0.211
     0.346     0.921    -0.177
     0.436     0.872    -0.222
     0.382     0.924    -0.022
     0.406     0.809    -0.425
     0.740     0.606    -0.292
     0.161     0.970    -0.180
     0.813     0.261     0.521
     0.604     0.639     0.477
     0.371     0.880     0.297
     0.556     0.831     0.005
     0.851     0.520     0.075
     0.760     0.600     0.251
     0.540     0.841    -0.039
     0.735     0.589     0.337
     0.230     0.973     0.001
     0.451     0.880     0.150
     0.801     0.485     0.350
     0.082     0.994    -0.078
     0.656     0.755    -0.022
     0.088     0.896    -0.435
     0.694     0.698     0.176
     0.893     0.449     0.023
     0.741     0.550     0.386
     0.039     0.981    -0.188
    -0.319     0.925     0.207
    -0.155     0.573     0.805
     0.207     0.443     0.873
     0.568     0.570    -0.594
     0.478     0.697     0.535
     0.182     0.977    -0.111
     0.563     0.759     0.327
     0.453     0.854    -0.258
     0.109     0.917    -0.384
     0.289     0.795    -0.533
     0.372     0.908     0.195
     0.726     0.392     0.565
    -0.202     0.831     0.518
     0.210     0.833     0.512
     0.958    -0.250     0.144
     0.283     0.933    -0.223
     0.688     0.056     0.723
     0.342     0.888    -0.307
     0.721     0.370     0.586
     0.467     0.874     0.138
     0.640     0.457     0.618
     0.645     0.750    -0.144
    -0.183     0.957     0.227
     0.380     0.891     0.249
     0.256     0.900    -0.353
     0.055     0.968     0.244
     0.592     0.660     0.463
     0.483     0.847     0.221
     0.357     0.924     0.136
     0.498     0.867     0.001
     0.491     0.328     0.807
     0.048     0.669    -0.742
     0.465     0.561     0.685
    -0.298     0.938     0.176
     0.075     0.872    -0.483
     0.242     0.956     0.164
     0.352     0.854     0.382
     0.821     0.483    -0.304
     0.372     0.913    -0.167
     0.043     0.957    -0.288
     0.936     0.326     0.132
     0.584     0.662     0.470
     0.055     0.894     0.445
    -0.278     0.957     0.082
     0.329     0.926    -0.185
     0.899     0.406     0.162
     0.148     0.989     0.030
     0.665     0.747     0.006
     0.621     0.778    -0.099
     0.676     0.464    -0.572
     0.531     0.847     0.026
     0.769     0.460     0.443
     0.099     0.868     0.487
     0.302     0.904    -0.301
     0.805     0.593     0.017
     0.608     0.516     0.603
     0.695     0.635     0.337
     0.880     0.423    -0.215
    -0.551     0.821     0.149
     0.930     0.242     0.277
    -0.039     0.988     0.148
     0.484     0.794    -0.368
     0.077     0.997    -0.028
     0.232     0.968     0.099
     0.836     0.373    -0.404
     0.224     0.816    -0.533
     0.274     0.913     0.301
     0.388     0.898    -0.208
     0.255     0.967    -0.012
    -0.288     0.958     0.004
     0.374     0.920     0.120
     0.402     0.863     0.307
     0.486     0.873    -0.034
     0.541     0.714    -0.445
    -0.014     0.893     0.450
     0.584     0.731     0.355
     0.296     0.934    -0.199
     0.199     0.966    -0.164
     0.003     0.917     0.399
     0.106     0.901     0.420
     0.556     0.554     0.619
     0.588     0.735    -0.338
     0.401     0.916     0.004
     0.531     0.842     0.097
     0.186     0.902    -0.389
     0.386     0.918     0.093
     0.828     0.560    -0.031
     0.214     0.955     0.206
     0.446     0.878    -0.174
     0.398     0.787    -0.472
     0.593     0.717    -0.367
     0.427     0.862    -0.272
    -0.386     0.843    -0.376
    -0.185     0.919     0.347
     0.492     0.733     0.470
     0.707     0.698     0.116
    -0.089     0.894    -0.438
     0.367     0.905    -0.213
     0.777     0.474     0.413
     0.494     0.806     0.326
     0.696     0.714     0.078
     0.327     0.940    -0.099
     0.452     0.760     0.467
     0.031     0.974     0.224
     0.759     0.622     0.192
     0.681     0.640    -0.356
     0.620     0.762    -0.186
     0.573     0.803     0.163
     0.090     0.765    -0.637
     0.491     0.860     0.139
     0.720     0.657     0.224
     0.825     0.510     0.243
     0.471     0.870    -0.143
     0.389     0.906    -0.170
     0.488     0.772     0.407
     0.194     0.922     0.335
     0.053     0.879     0.474
     0.760     0.639    -0.118
     0.543     0.838    -0.049
     0.062     0.739     0.670
     0.307     0.862     0.403
    -0.052     0.994     0.096
    -0.045     0.997     0.068
     0.388     0.898     0.209
     0.667     0.649    -0.366
     0.477     0.876     0.073
     0.144     0.960     0.239
     0.246     0.894     0.374
     0.014     0.922     0.386
     0.536     0.772    -0.342
     0.429     0.900    -0.082
     0.010     0.987    -0.161
     0.794     0.600    -0.097
    -0.729     0.522     0.443
     0.270     0.957    -0.106
     0.242     0.944     0.226
     0.283     0.929    -0.239
     0.619     0.755    -0.217
     0.425     0.690     0.586
     0.733     0.539     0.415
     0.041     0.964     0.264
     0.404     0.864    -0.301
     0.216     0.969    -0.121
     0.549     0.757    -0.355
     0.694     0.688    -0.211
     0.365     0.909     0.200
     0.328     0.941     0.083
     0.134     0.951     0.278
     0.498     0.379     0.780
     0.724     0.690     0.022
     0.287     0.895     0.341
    -0.267     0.959     0.093
     0.778     0.603     0.177
     0.880     0.430    -0.204
     0.303     0.696     0.651
     0.728     0.604     0.325
     0.464     0.873    -0.149
     0.327     0.868     0.374
     0.037     0.882    -0.469
     0.720     0.580     0.381
     0.395     0.911     0.117
     0.755     0.233    -0.612
     0.569     0.705     0.423
     0.685     0.503     0.528
     0.766     0.477    -0.430
     0.803     0.585    -0.115
     0.395     0.685     0.612
     0.963     0.255    -0.090
    -0.142     0.989     0.032
     0.327     0.847     0.419
     0.365     0.914    -0.178
     0.395     0.523     0.755
     0.972     0.220    -0.085
     0.382     0.922     0.061
     0.327     0.924     0.199
     0.609     0.792    -0.036
     0.665     0.736    -0.124
     0.216     0.976     0.020
     0.524     0.774    -0.354
     0.527     0.798     0.291
     0.284     0.958     0.035
     0.100     0.968    -0.231
     0.367     0.856     0.363
     0.516     0.855    -0.046
     0.470     0.796     0.382
     0.188     0.849     0.494
     0.407     0.797     0.446
     0.544     0.823     0.165
     0.680     0.626    -0.381
     0.314     0.949    -0.031
     0.837     0.469     0.283
     0.556     0.076    -0.828
     0.768     0.633     0.101
     0.412     0.686    -0.600
     0.535     0.822    -0.195
     0.526     0.728     0.440
     0.587     0.613    -0.528
     0.641     0.756    -0.132
     0.663     0.607     0.439
     0.350     0.932    -0.100
    -0.213     0.969    -0.123
     0.772     0.614     0.166
     0.363     0.854     0.373
     0.502     0.763    -0.407
    -0.006     0.998    -0.057
     0.745     0.382     0.547
     0.359     0.933    -0.029
     0.303     0.843     0.445
     0.605     0.778     0.169
     0.581     0.659     0.477
     0.465     0.849    -0.252
     0.927     0.358    -0.110
     0.570     0.821     0.034
     0.194     0.950     0.243
     0.359     0.770     0.528
     0.552     0.670     0.496
     0.551     0.810    -0.199
     0.058     0.871     0.488
     0.717     0.585     0.380
     0.843     0.537     0.036
     0.428     0.855     0.292
     0.829     0.548     0.112
     0.575     0.784    -0.236
     0.267     0.681     0.682
     0.640     0.692     0.333
    -0.394     0.918     0.031
     0.164     0.985    -0.058
     0.463     0.328     0.824
     0.910    -0.302     0.282
     0.387     0.888     0.248
    -0.144     0.941     0.306
     0.491     0.869     0.061
    -0.112     0.981     0.157
     0.782     0.491     0.383
     0.553     0.810     0.195
     0.820     0.569     0.060
     0.921     0.345    -0.180
     0.780     0.604     0.162
     0.664     0.721     0.200
    -0.072     0.894     0.442
    -0.074     0.994     0.081
     0.602     0.766    -0.226
     0.704     0.604     0.373
     0.256     0.843     0.474
     0.035     0.923     0.383
     0.485     0.831     0.273
     0.666     0.737    -0.119
     0.623     0.711    -0.326
     0.870     0.349     0.348
     0.353     0.897    -0.267
     0.427     0.784    -0.450
     0.341     0.895     0.289
     0.254     0.954     0.159
     0.487     0.516     0.705
     0.410     0.903     0.123
     0.318     0.940     0.123
     0.418     0.791     0.446
     0.336     0.780    -0.527
     0.856     0.354     0.376
     0.349     0.785     0.512
    -0.436     0.800     0.411
     0.935    -0.040     0.352
     0.093     0.777     0.623
     0.152     0.962     0.226
    -0.238     0.954    -0.181
     0.162     0.854     0.495
    -0.096     0.969    -0.227
     0.471     0.873    -0.130
     0.525     0.782    -0.336
     0.309     0.837     0.451
     0.199     0.796     0.572
     0.625     0.772    -0.116
     0.510     0.860    -0.027
     0.400     0.915    -0.058
     0.181     0.939     0.292
     0.678     0.658     0.328
     0.542     0.754     0.371
     0.770     0.592    -0.238
     0.482     0.875     0.044
     0.065     0.892    -0.446
     0.462     0.534     0.708
     0.104     0.955     0.277
     0.218     0.946     0.239
    -0.000     0.988    -0.151
     0.763     0.586    -0.274
     0.600     0.714     0.361
     0.025     0.908     0.419
     0.048     0.997     0.067
     0.048     0.890     0.453
     0.657     0.660    -0.365
     0.633     0.766    -0.112
     0.221     0.893     0.393
     0.697     0.673    -0.249
     0.154     0.798     0.582
     0.366     0.887     0.283
     0.511     0.804    -0.305
     0.450     0.893     0.002
     0.806     0.502     0.313
     0.696     0.582     0.420
     0.612     0.771     0.176
     0.362     0.790     0.494
     0.863     0.499    -0.077
     0.640     0.764     0.084
    -0.270     0.854    -0.445
    -0.135     0.860     0.493
     0.853     0.311    -0.420
     0.682     0.510     0.524
     0.815     0.473     0.335
     0.440     0.749     0.495
    -0.245     0.900     0.361
     0.538     0.826     0.170
     0.660     0.646    -0.385
     0.581     0.734     0.352
     0.366     0.893    -0.264
     0.166     0.761     0.627
     0.687     0.707     0.167
     0.473     0.880    -0.053
     0.789     0.613     0.038
     0.495     0.796     0.349
     0.562     0.827    -0.019
     0.496     0.865    -0.074
     0.274     0.956    -0.105
     0.475     0.833    -0.283
     0.379     0.917    -0.127
     0.640     0.723    -0.260
     0.251     0.811     0.528
     0.730     0.633     0.258
    -0.008     0.998    -0.059
     0.564     0.690    -0.453
     0.295     0.713     0.637
     0.517     0.765    -0.384
    -0.148     0.937     0.317
     0.545     0.829     0.131
     0.931     0.253     0.261
     0.422     0.746    -0.516
     0.226     0.956    -0.186
     0.381     0.916     0.125
     0.479     0.617     0.625
     0.262     0.865    -0.429
     0.738     0.674    -0.023
     0.474     0.880    -0.013
     0.351     0.681     0.643
     0.604     0.723     0.335
     0.568     0.803    -0.183
     0.550     0.787    -0.279
     0.568     0.742    -0.356
     0.529     0.822     0.211
     0.749     0.577    -0.325
    -0.027     0.925     0.378
     0.413     0.794     0.447
     0.030     0.982    -0.188
     0.141     0.972     0.189
     0.718     0.667    -0.199
     0.643     0.763     0.062
     0.408     0.885     0.227
     0.676     0.714    -0.182
     0.791     0.604    -0.095
     0.180     0.930    -0.320
     0.245     0.913    -0.326
     0.412     0.471    -0.780
    -0.071     0.563     0.824
     0.512     0.857    -0.049
    -0.392     0.869    -0.303
     0.266     0.950     0.165
     0.213     0.888     0.407
     0.619     0.783    -0.063
     0.258     0.875     0.409
     0.251     0.794    -0.554
     0.423     0.776    -0.467
     0.261     0.965     0.015
     0.124     0.910     0.395
     0.815     0.374    -0.443
     0.170     0.737     0.654
     0.514     0.842     0.163
     0.462     0.830    -0.313
     0.523     0.737     0.429
     0.394     0.751     0.530
     0.316     0.818     0.481
     0.187     0.960     0.209
     0.236     0.972     0.011
     0.545     0.764     0.344
    -0.362     0.906     0.220
     0.422     0.903     0.081
    -0.058     0.987     0.151
     0.017     0.942    -0.335
     0.729     0.609     0.311
     0.517     0.715     0.471
     0.749     0.624     0.223
     0.464     0.878     0.117
     0.437     0.668     0.602
     0.692     0.687    -0.222
     0.675     0.458    -0.578
     0.569     0.641     0.516
     0.278     0.884    -0.375
     0.343     0.939    -0.023
     0.667     0.534     0.520
     0.209     0.954     0.214
     0.604     0.785     0.140
     0.105     0.994    -0.015
     0.537     0.840     0.080
     0.235     0.798     0.556
     0.764     0.624    -0.164
     0.477     0.877     0.055
     0.463     0.831    -0.309
     0.768     0.626    -0.135
     0.589     0.756    -0.285
     0.571     0.750     0.334
     0.369     0.925    -0.087
    -0.201     0.978    -0.048
     0.231     0.790    -0.568
     0.139     0.866     0.480
     0.323     0.923    -0.211
     0.484     0.796     0.363
     0.228     0.966     0.121
     0.691     0.717     0.087
    -0.032     0.750    -0.661
     0.228     0.711     0.665
     0.342     0.939     0.036
     0.273     0.813     0.514
     0.791     0.506    -0.345
     0.839     0.482     0.251
     0.474     0.868    -0.150
     0.760     0.510     0.403
     0.052     0.665     0.745
     0.294     0.954     0.056
     0.056     0.998     0.026
     0.235     0.959    -0.155
     0.005     0.920     0.392
     0.320     0.926    -0.201
     0.244     0.902     0.355
     0.616     0.762     0.201
     0.386     0.858    -0.339
    -0.051     0.805     0.590
     0.507     0.578     0.639
     0.339     0.906     0.253
     0.140     0.959    -0.245
    -0.284     0.954    -0.097
    -0.101     0.821     0.563
     0.297     0.954     0.023
     0.649     0.752     0.118
     0.026     0.974     0.227
     0.441     0.897    -0.012
     0.015     0.994     0.106
     0.218     0.920    -0.326
     0.360     0.830    -0.425
     0.113     0.984    -0.138
     0.532     0.821    -0.209
     0.881     0.442    -0.171
     0.124     0.868     0.480
     0.008     0.995    -0.102
     0.663     0.747     0.047
     0.707     0.627    -0.326
     0.446     0.885     0.134
     0.796     0.550    -0.253
     0.289     0.936    -0.201
     0.351     0.898    -0.266
     0.484     0.689     0.539
     0.909     0.337    -0.244
     0.433     0.840     0.326
     0.362     0.932    -0.019
     0.180     0.905     0.384
    -0.051     0.995    -0.088
     0.324     0.750     0.577
     0.927    -0.010     0.376
     0.341     0.915     0.216
     0.598     0.783     0.170
    -0.176     0.972    -0.155
     0.183     0.972    -0.149
     0.704     0.704    -0.090
     0.433     0.897     0.091
     0.511     0.832     0.213
    -0.039     0.954     0.298
    -0.056     0.780     0.623
     0.706     0.524    -0.476
     0.425     0.902    -0.075
    -0.164     0.660     0.733
     0.056     0.954     0.293
     0.746     0.665     0.036
     0.588     0.768     0.254
     0.767     0.592     0.248
     0.448     0.888     0.102
     0.065     0.976    -0.210
     0.597     0.756    -0.269
     0.006     0.977    -0.213
     0.224     0.963     0.148
     0.785     0.567     0.250
     0.624     0.771     0.126
     0.371     0.332    -0.867
    -0.132     0.930    -0.344
     0.457     0.884    -0.096
     0.686     0.579    -0.441
     0.686     0.604     0.406
     0.331     0.802    -0.497
     0.314     0.873    -0.373
     0.679     0.725    -0.118
     0.633     0.729     0.261
     0.091     0.894    -0.438
     0.663     0.739     0.121
    -0.129     0.710    -0.692
     0.612     0.789     0.052
    -0.005     0.973     0.230
     0.047     0.998     0.044
     0.105     0.417     0.903
    -0.014     0.947    -0.321
     0.308     0.928    -0.212
     0.885     0.409    -0.221
     0.482     0.865     0.141
     0.036     0.999     0.009
     0.713     0.692    -0.115
    -0.094     0.996    -0.001
     0.457     0.864    -0.214
     0.569     0.821    -0.057
     0.851     0.298     0.434
     0.248     0.953    -0.175
     0.446     0.822     0.354
     0.362     0.932    -0.029
     0.297     0.922     0.247
     0.803     0.577    -0.147
     0.522     0.809     0.271
     0.450     0.873     0.187
