     0.540    -0.842     0.003
     0.491    -0.870     0.041
     0.528    -0.836    -0.152
     0.377    -0.916    -0.138
     0.413    -0.832     0.369
     0.315    -0.927     0.205
     0.145    -0.963     0.227
     0.589    -0.688    -0.425
     0.401    -0.799     0.447
     0.372    -0.922     0.104
     0.927    -0.284     0.245
     0.623    -0.743    -0.243
     0.813    -0.568    -0.125
     0.477    -0.848     0.231
     0.469    -0.875    -0.121
     0.292    -0.955    -0.047
     0.552    -0.833     0.050
     0.285    -0.958     0.034
     0.567    -0.779    -0.268
     0.368    -0.920     0.137
     0.508    -0.834    -0.217
     0.237    -0.962     0.139
     0.624    -0.762     0.175
     0.384    -0.923    -0.014
     0.579    -0.812     0.076
     0.428    -0.871    -0.243
     0.416    -0.901    -0.121
     0.030    -0.911    -0.410
     0.213    -0.891     0.401
     0.320    -0.932    -0.171
     0.363    -0.919    -0.153
     0.517    -0.828     0.219
     0.672    -0.690    -0.267
     0.199    -0.975     0.096
     0.182    -0.956    -0.231
     0.258    -0.962     0.092
     0.435    -0.896     0.084
     0.527    -0.792     0.308
     0.780    -0.533    -0.328
     0.492    -0.801    -0.342
     0.313    -0.947     0.068
     0.603    -0.797    -0.005
     0.456    -0.868    -0.198
     0.128    -0.956     0.262
     0.533    -0.808     0.253
     0.610    -0.763    -0.215
     0.735    -0.660    -0.153
     0.367    -0.917     0.154
     0.228    -0.964    -0.137
     0.674    -0.693     0.255
     0.359    -0.932     0.043
     0.485    -0.737     0.471
     0.513    -0.799     0.313
     0.546    -0.836     0.050
     0.702    -0.712     0.010
     0.708    -0.690    -0.150
     0.572    -0.819     0.055
     0.423    -0.854     0.303
     0.586    -0.741     0.329
     0.250    -0.941    -0.229
     0.470    -0.882     0.020
     0.603    -0.797     0.037
     0.530    -0.840     0.116
     0.589    -0.808    -0.031
     0.769    -0.629     0.111
     0.504    -0.833    -0.228
     0.051    -0.932     0.359
     0.635    -0.736     0.236
     0.559    -0.711     0.426
     0.430    -0.903    -0.006
     0.672    -0.737     0.067
     0.468    -0.882     0.051
     0.685    -0.726     0.066
     0.469    -0.807    -0.358
     0.575    -0.800     0.171
     0.431    -0.900     0.061
     0.156    -0.987    -0.044
     0.551    -0.834    -0.023
     0.371    -0.879    -0.299
     0.312    -0.897     0.314
     0.185    -0.982    -0.048
     0.714    -0.700     0.010
     0.614    -0.748    -0.250
     0.456    -0.868     0.196
     0.497    -0.829     0.257
     0.778    -0.628     0.006
     0.649    -0.760     0.027
     0.541    -0.835     0.100
     0.686    -0.717    -0.121
     0.728    -0.677     0.107
     0.695    -0.712     0.097
     0.518    -0.855     0.009
     0.423    -0.780    -0.461
     0.612    -0.786     0.092
     0.575    -0.815    -0.073
     0.574    -0.818    -0.031
     0.502    -0.855     0.130
     0.763    -0.642     0.068
     0.565    -0.801    -0.200
     0.618    -0.784    -0.066
     0.707    -0.703    -0.082
     0.699    -0.683     0.210
     0.727    -0.675     0.124
     0.541    -0.834    -0.113
     0.722    -0.681     0.124
     0.628    -0.724    -0.285
     0.687    -0.720     0.096
     0.428    -0.903     0.040
     0.229    -0.967     0.111
     0.858    -0.493    -0.142
     0.560    -0.817    -0.137
     0.291    -0.932     0.215
     0.337    -0.938     0.077
     0.605    -0.796    -0.018
     0.385    -0.923    -0.005
     0.769    -0.632     0.091
     0.477    -0.879     0.020
     0.621    -0.763     0.178
     0.440    -0.723     0.533
     0.481    -0.824     0.300
     0.416    -0.909     0.026
     0.575    -0.786     0.228
     0.614    -0.613     0.497
     0.774    -0.587     0.236
     0.844    -0.537     0.001
     0.433    -0.878    -0.206
     0.291    -0.930    -0.223
     0.376    -0.916    -0.141
     0.529    -0.813     0.244
     0.856    -0.475     0.203
     0.676    -0.673     0.300
     0.705    -0.709    -0.040
     0.848    -0.528     0.030
     0.690    -0.720    -0.079
     0.556    -0.818    -0.147
     0.446    -0.878     0.172
     0.660    -0.749     0.054
     0.035    -0.979    -0.199
     0.670    -0.742    -0.031
     0.244    -0.927    -0.284
     0.295    -0.950     0.099
     0.408    -0.913     0.023
     0.659    -0.731     0.178
     0.668    -0.733    -0.127
     0.448    -0.891     0.073
     0.685    -0.707    -0.178
     0.611    -0.644    -0.459
     0.763    -0.639    -0.094
     0.430    -0.849    -0.307
     0.628    -0.734    -0.260
     0.551    -0.834    -0.021
     0.356    -0.934     0.012
     0.263    -0.959     0.109
     0.641    -0.747    -0.176
     0.453    -0.891     0.030
     0.565    -0.824     0.043
     0.276    -0.960    -0.047
     0.450    -0.774    -0.445
     0.151    -0.981     0.122
     0.550    -0.723    -0.417
     0.380    -0.882     0.279
     0.626    -0.675     0.392
     0.526    -0.821     0.221
     0.471    -0.862    -0.188
     0.528    -0.807    -0.263
     0.619    -0.568     0.542
     0.104    -0.973     0.204
     0.583    -0.712     0.391
     0.256    -0.967     0.009
     0.714    -0.696     0.073
     0.465    -0.842     0.273
     0.419    -0.896    -0.145
     0.229    -0.973    -0.005
     0.545    -0.829     0.123
     0.532    -0.807    -0.258
     0.334    -0.935    -0.119
     0.360    -0.924     0.129
     0.797    -0.604    -0.032
     0.287    -0.902    -0.324
     0.269    -0.910     0.315
     0.612    -0.790    -0.015
     0.444    -0.739    -0.507
     0.624    -0.782     0.005
     0.747    -0.663     0.048
     0.537    -0.843    -0.017
     0.564    -0.789     0.242
     0.721    -0.692    -0.038
     0.306    -0.933    -0.187
     0.577    -0.817     0.008
     0.605    -0.733     0.311
     0.245    -0.951    -0.189
     0.253    -0.952    -0.171
     0.455    -0.853     0.257
     0.103    -0.961     0.258
     0.749    -0.662     0.010
     0.732    -0.643     0.225
     0.717    -0.681     0.146
     0.731    -0.656     0.184
     0.334    -0.941    -0.055
     0.453    -0.865     0.214
     0.640    -0.766    -0.055
     0.840    -0.434     0.327
     0.682    -0.694     0.232
     0.736    -0.621     0.269
     0.476    -0.851     0.221
     0.439    -0.895    -0.082
     0.640    -0.727    -0.250
     0.428    -0.894    -0.130
     0.347    -0.938    -0.014
     0.615    -0.763    -0.198
     0.006    -0.955    -0.297
     0.554    -0.780     0.291
     0.152    -0.986    -0.067
     0.412    -0.911     0.023
     0.607    -0.764     0.218
     0.698    -0.668     0.258
     0.689    -0.716     0.112
     0.520    -0.838    -0.164
     0.459    -0.875    -0.152
     0.745    -0.650     0.151
     0.712    -0.690    -0.127
     0.224    -0.949    -0.223
     0.303    -0.915    -0.265
     0.428    -0.897    -0.109
     0.687    -0.723     0.072
     0.483    -0.875     0.043
     0.723    -0.605     0.334
     0.822    -0.550     0.147
     0.411    -0.826    -0.387
    -0.002    -0.999     0.035
     0.725    -0.667     0.172
     0.457    -0.780    -0.428
     0.388    -0.916    -0.101
     0.563    -0.825     0.044
     0.643    -0.760     0.094
     0.686    -0.728     0.001
     0.369    -0.913    -0.174
     0.077    -0.997     0.024
     0.412    -0.909    -0.066
     0.605    -0.770     0.203
     0.315    -0.861     0.400
     0.862    -0.504     0.052
     0.589    -0.808     0.013
     0.661    -0.734    -0.154
     0.295    -0.903     0.311
     0.473    -0.875     0.107
     0.531    -0.845    -0.061
     0.401    -0.897     0.187
     0.484    -0.865     0.132
     0.510    -0.859     0.049
     0.460    -0.886     0.060
     0.591    -0.798     0.116
     0.448    -0.869    -0.211
     0.810    -0.558     0.180
     0.397    -0.918    -0.009
     0.446    -0.886    -0.127
     0.285    -0.945    -0.162
     0.814    -0.562     0.148
     0.081    -0.995     0.064
     0.739    -0.664     0.108
     0.767    -0.633     0.102
     0.614    -0.788     0.033
     0.509    -0.783     0.356
     0.595    -0.801    -0.064
     0.158    -0.931    -0.330
     0.500    -0.851    -0.158
     0.419    -0.880     0.225
     0.648    -0.720    -0.249
     0.488    -0.833     0.260
     0.751    -0.654     0.092
     0.731    -0.652    -0.199
     0.239    -0.935     0.262
     0.560    -0.828     0.037
     0.565    -0.823    -0.054
     0.757    -0.562     0.334
     0.615    -0.734     0.287
     0.687    -0.724     0.060
     0.483    -0.861    -0.159
     0.448    -0.884     0.133
     0.134    -0.953    -0.272
     0.306    -0.949    -0.077
     0.544    -0.830    -0.127
     0.748    -0.656    -0.099
     0.266    -0.890    -0.370
     0.519    -0.832     0.194
     0.508    -0.775    -0.376
     0.628    -0.758     0.174
     0.392    -0.908     0.147
     0.455    -0.877     0.152
     0.406    -0.909    -0.095
     0.566    -0.823    -0.039
     0.294    -0.922     0.254
     0.511    -0.810    -0.289
     0.693    -0.714    -0.096
     0.371    -0.918     0.140
     0.681    -0.534    -0.502
     0.319    -0.939    -0.130
     0.149    -0.959    -0.241
     0.899    -0.406    -0.162
     0.387    -0.922     0.024
     0.480    -0.862    -0.161
     0.638    -0.760     0.119
     0.679    -0.688     0.256
     0.546    -0.838    -0.003
     0.497    -0.868     0.024
     0.514    -0.857    -0.049
     0.651    -0.759     0.002
     0.709    -0.702    -0.065
     0.741    -0.634    -0.221
     0.293    -0.943    -0.156
     0.611    -0.781     0.127
     0.609    -0.793     0.012
     0.540    -0.761    -0.360
     0.870    -0.493     0.015
     0.229    -0.955    -0.187
     0.525    -0.851    -0.016
     0.402    -0.915     0.028
     0.720    -0.659    -0.218
     0.844    -0.526     0.105
     0.684    -0.671    -0.285
     0.553    -0.833     0.005
     0.020    -0.985    -0.172
     0.371    -0.897     0.242
    -0.200    -0.899     0.388
     0.633    -0.763     0.128
     0.471    -0.843     0.261
     0.587    -0.794     0.162
     0.516    -0.845    -0.140
     0.350    -0.919    -0.181
     0.221    -0.958     0.185
     0.678    -0.735    -0.018
     0.521    -0.821     0.234
     0.500    -0.865    -0.038
     0.611    -0.773    -0.171
     0.244    -0.933    -0.265
     0.788    -0.588    -0.182
     0.880    -0.466    -0.090
     0.538    -0.841     0.063
     0.514    -0.849    -0.125
     0.356    -0.846     0.397
     0.276    -0.945     0.175
     0.709    -0.604    -0.365
     0.204    -0.924    -0.323
     0.352    -0.809     0.470
     0.657    -0.749     0.078
     0.566    -0.731     0.380
     0.334    -0.938    -0.092
     0.537    -0.841     0.073
     0.438    -0.884     0.161
     0.393    -0.905    -0.161
     0.289    -0.957     0.004
     0.378    -0.768     0.516
     0.544    -0.838    -0.038
    -0.044    -0.989    -0.140
     0.912    -0.285    -0.295
     0.725    -0.661     0.193
     0.567    -0.812     0.135
     0.426    -0.871    -0.243
     0.454    -0.826     0.334
     0.619    -0.753    -0.223
     0.428    -0.902     0.051
     0.659    -0.727     0.191
     0.515    -0.816     0.262
     0.629    -0.778    -0.000
     0.597    -0.665     0.448
     0.324    -0.848     0.419
     0.782    -0.598    -0.173
     0.827    -0.527    -0.198
     0.714    -0.642    -0.279
     0.582    -0.813    -0.004
     0.765    -0.626     0.154
     0.673    -0.725    -0.147
     0.528    -0.836    -0.149
     0.686    -0.603    -0.408
     0.448    -0.859     0.246
     0.739    -0.606     0.295
     0.212    -0.970     0.123
     0.390    -0.920    -0.015
     0.260    -0.923     0.284
     0.924    -0.320     0.211
     0.762    -0.556    -0.334
     0.630    -0.776     0.032
     0.440    -0.840    -0.318
     0.521    -0.804     0.287
     0.664    -0.609     0.434
     0.640    -0.755     0.141
     0.673    -0.740     0.010
     0.514    -0.815     0.268
     0.356    -0.873     0.335
     0.334    -0.942    -0.020
     0.116    -0.993     0.010
     0.719    -0.611     0.331
     0.374    -0.904    -0.206
     0.203    -0.947     0.249
     0.706    -0.701    -0.107
     0.502    -0.862     0.069
     0.246    -0.960    -0.133
     0.479    -0.871     0.109
     0.645    -0.759     0.082
     0.168    -0.941    -0.294
     0.389    -0.921    -0.023
     0.531    -0.757     0.380
    -0.021    -0.998     0.055
     0.569    -0.822     0.020
     0.381    -0.871     0.310
     0.607    -0.619     0.498
     0.767    -0.634    -0.100
     0.419    -0.908    -0.007
     0.455    -0.764    -0.459
     0.358    -0.905     0.232
     0.728    -0.613     0.308
     0.577    -0.721     0.384
     0.650    -0.683    -0.333
     0.409    -0.759    -0.506
     0.702    -0.689    -0.181
     0.619    -0.783    -0.066
     0.569    -0.820    -0.068
     0.472    -0.861    -0.190
     0.453    -0.883     0.122
     0.721    -0.645    -0.252
     0.822    -0.564     0.086
     0.513    -0.823     0.245
     0.651    -0.725     0.226
     0.386    -0.861     0.332
     0.268    -0.958     0.098
     0.381    -0.836     0.395
     0.745    -0.561     0.360
     0.942    -0.311     0.127
     0.601    -0.762    -0.243
     0.270    -0.939    -0.214
     0.694    -0.654    -0.301
     0.775    -0.395    -0.493
     0.237    -0.930     0.282
     0.438    -0.758    -0.484
     0.794    -0.597     0.116
     0.643    -0.644     0.414
     0.345    -0.932     0.109
     0.556    -0.828    -0.065
     0.866    -0.489    -0.103
     0.560    -0.797     0.225
     0.458    -0.889    -0.009
     0.424    -0.689    -0.588
     0.548    -0.740    -0.391
     0.292    -0.921     0.258
     0.377    -0.795     0.475
     0.736    -0.675     0.060
     0.535    -0.816     0.220
     0.282    -0.953    -0.108
     0.570    -0.695     0.439
     0.621    -0.776     0.110
     0.461    -0.878    -0.130
     0.640    -0.764     0.086
     0.337    -0.941     0.044
     0.282    -0.948     0.148
     0.533    -0.844    -0.066
     0.202    -0.947    -0.248
     0.640    -0.765    -0.071
     0.501    -0.859    -0.106
     0.735    -0.624    -0.265
     0.715    -0.698     0.040
     0.589    -0.790    -0.172
     0.712    -0.697     0.091
     0.450    -0.868    -0.211
     0.148    -0.964     0.219
     0.399    -0.882    -0.249
     0.836    -0.471    -0.283
     0.437    -0.898    -0.052
     0.599    -0.759     0.254
     0.379    -0.913    -0.151
     0.479    -0.748     0.459
     0.632    -0.775     0.017
     0.293    -0.936     0.197
     0.749    -0.660    -0.069
     0.412    -0.891     0.191
     0.753    -0.645    -0.131
     0.531    -0.841    -0.104
     0.651    -0.683     0.331
     0.228    -0.971    -0.067
     0.635    -0.718     0.285
     0.287    -0.958    -0.007
     0.507    -0.796     0.331
     0.604    -0.797    -0.024
     0.652    -0.703     0.285
     0.412    -0.898    -0.154
     0.212    -0.976     0.043
     0.716    -0.678    -0.165
     0.512    -0.859     0.014
     0.598    -0.790     0.136
     0.570    -0.819     0.070
     0.944    -0.299     0.141
     0.387    -0.909    -0.152
     0.235    -0.964    -0.125
     0.364    -0.878     0.311
     0.369    -0.919     0.139
     0.539    -0.842     0.004
     0.717    -0.676     0.171
     0.692    -0.710     0.130
     0.391    -0.902    -0.183
     0.643    -0.760    -0.090
     0.551    -0.823    -0.138
     0.617    -0.786    -0.036
     0.250    -0.929    -0.273
     0.522    -0.850    -0.075
     0.294    -0.928    -0.228
     0.761    -0.643     0.086
     0.381    -0.841    -0.385
     0.626    -0.677     0.386
     0.563    -0.809     0.168
     0.804    -0.419     0.422
     0.512    -0.740    -0.437
     0.474    -0.831     0.292
     0.498    -0.813    -0.301
     0.462    -0.883    -0.076
     0.478    -0.873     0.099
     0.016    -0.961     0.276
     0.428    -0.888    -0.166
     0.432    -0.902    -0.027
     0.401    -0.916    -0.009
     0.583    -0.802    -0.132
     0.664    -0.739    -0.112
     0.257    -0.963    -0.083
     0.426    -0.772     0.472
     0.260    -0.939    -0.226
     0.575    -0.818     0.012
     0.667    -0.680    -0.303
     0.247    -0.947     0.206
     0.403    -0.898     0.176
     0.551    -0.806     0.214
     0.466    -0.844     0.266
     0.415    -0.765     0.492
     0.185    -0.975     0.123
     0.603    -0.757    -0.253
     0.729    -0.683    -0.049
     0.643    -0.765     0.036
     0.545    -0.759     0.356
     0.337    -0.918     0.208
     0.462    -0.811     0.358
     0.466    -0.772     0.432
     0.694    -0.691    -0.201
     0.439    -0.888     0.140
     0.525    -0.768    -0.367
     0.243    -0.957    -0.159
     0.438    -0.882    -0.173
     0.700    -0.675    -0.233
     0.672    -0.709     0.213
     0.373    -0.920     0.119
     0.641    -0.641    -0.422
     0.448    -0.879     0.163
     0.402    -0.851     0.339
     0.497    -0.859     0.124
     0.900    -0.409     0.150
     0.806    -0.573     0.146
     0.634    -0.769     0.085
     0.643    -0.765    -0.037
     0.420    -0.869     0.261
     0.420    -0.904     0.078
     0.607    -0.771    -0.194
     0.726    -0.685    -0.057
     0.511    -0.859     0.001
     0.598    -0.735     0.319
     0.423    -0.826    -0.372
     0.854    -0.513     0.087
     0.043    -0.964    -0.263
     0.625    -0.779     0.058
     0.259    -0.965     0.048
     0.581    -0.806     0.114
     0.605    -0.585    -0.540
     0.398    -0.914    -0.075
     0.454    -0.837     0.305
     0.048    -0.945    -0.325
     0.136    -0.970    -0.202
     0.328    -0.938     0.115
     0.551    -0.830    -0.087
     0.475    -0.877    -0.069
     0.638    -0.770    -0.016
     0.570    -0.764    -0.303
     0.608    -0.693     0.387
     0.779    -0.624    -0.067
     0.768    -0.624    -0.143
     0.340    -0.929     0.144
     0.584    -0.807     0.089
     0.296    -0.856    -0.423
     0.294    -0.953    -0.075
     0.412    -0.908    -0.072
     0.243    -0.968    -0.058
     0.586    -0.788     0.189
     0.702    -0.711    -0.040
     0.454    -0.768     0.453
     0.519    -0.779    -0.353
     0.643    -0.727    -0.242
     0.182    -0.982     0.055
     0.694    -0.616     0.371
     0.625    -0.681     0.381
     0.580    -0.785     0.218
     0.664    -0.736    -0.129
     0.430    -0.777     0.459
     0.713    -0.696    -0.080
     0.486    -0.833    -0.263
     0.561    -0.828     0.005
     0.635    -0.768     0.078
     0.536    -0.844     0.039
     0.445    -0.884     0.140
     0.428    -0.895    -0.124
     0.381    -0.824    -0.419
     0.525    -0.843     0.116
     0.761    -0.525    -0.381
     0.765    -0.620    -0.174
     0.620    -0.750     0.232
     0.663    -0.736    -0.136
     0.628    -0.778    -0.017
     0.465    -0.819    -0.336
     0.388    -0.920    -0.044
     0.799    -0.577    -0.171
     0.640    -0.765    -0.071
     0.363    -0.895     0.259
     0.671    -0.714     0.200
     0.865    -0.502     0.015
     0.503    -0.865    -0.004
     0.693    -0.635    -0.341
     0.558    -0.817    -0.143
     0.354    -0.933    -0.071
     0.210    -0.946    -0.246
     0.500    -0.865     0.035
     0.365    -0.873     0.322
     0.627    -0.775    -0.077
     0.590    -0.798    -0.123
     0.445    -0.774     0.450
     0.624    -0.780     0.041
     0.391    -0.913     0.114
     0.623    -0.746    -0.234
     0.383    -0.868    -0.317
     0.697    -0.693     0.182
     0.626    -0.685     0.374
     0.796    -0.574     0.195
     0.442    -0.871    -0.216
     0.714    -0.675    -0.187
     0.519    -0.836     0.179
     0.518    -0.855     0.016
     0.826    -0.560     0.063
     0.482    -0.815    -0.323
     0.644    -0.728    -0.234
     0.364    -0.785     0.501
     0.456    -0.869    -0.193
     0.641    -0.766     0.049
     0.707    -0.705     0.049
     0.307    -0.935    -0.178
     0.205    -0.967    -0.152
     0.687    -0.654     0.317
     0.705    -0.653     0.275
     0.381    -0.924    -0.025
     0.641    -0.715    -0.277
     0.566    -0.822    -0.067
     0.431    -0.883    -0.185
     0.406    -0.914    -0.005
     0.690    -0.655    -0.308
     0.444    -0.885     0.144
     0.189    -0.971    -0.149
     0.136    -0.986    -0.098
     0.501    -0.853    -0.148
     0.785    -0.539     0.305
     0.585    -0.726     0.362
     0.585    -0.718     0.377
     0.636    -0.701     0.322
     0.513    -0.848     0.136
     0.475    -0.868     0.143
     0.704    -0.674    -0.225
     0.696    -0.718    -0.005
     0.824    -0.566    -0.009
     0.466    -0.787    -0.404
     0.853    -0.377     0.361
     0.077    -0.996    -0.036
     0.595    -0.804     0.025
     0.624    -0.760    -0.182
     0.818    -0.505     0.275
     0.817    -0.502    -0.285
     0.678    -0.732     0.067
     0.423    -0.890    -0.171
     0.433    -0.895    -0.109
     0.342    -0.900     0.271
     0.701    -0.691    -0.179
     0.156    -0.984     0.086
     0.237    -0.959    -0.157
     0.551    -0.831     0.075
     0.738    -0.568    -0.364
     0.632    -0.740    -0.232
     0.471    -0.836     0.281
     0.591    -0.798     0.118
     0.582    -0.801     0.143
     0.362    -0.916    -0.170
     0.489    -0.857     0.165
     0.541    -0.622     0.566
     0.451    -0.887     0.099
     0.363    -0.893     0.265
     0.313    -0.946     0.083
     0.339    -0.881    -0.331
     0.609    -0.786     0.103
     0.630    -0.761    -0.154
     0.304    -0.895     0.328
     0.720    -0.693     0.046
     0.524    -0.834    -0.169
     0.740    -0.657    -0.144
     0.720    -0.691    -0.063
     0.691    -0.712     0.126
     0.597    -0.782    -0.181
     0.683    -0.655     0.324
     0.706    -0.708    -0.013
     0.558    -0.820     0.127
     0.633    -0.774     0.004
     0.764    -0.524     0.377
     0.598    -0.802     0.013
     0.226    -0.972    -0.064
     0.456    -0.871    -0.185
     0.453    -0.891    -0.037
     0.592    -0.769     0.241
     0.865    -0.501    -0.002
     0.583    -0.762     0.281
     0.458    -0.847    -0.271
     0.510    -0.839    -0.189
     0.784    -0.615     0.085
     0.455    -0.716     0.530
     0.387    -0.915     0.111
     0.480    -0.859     0.178
     0.269    -0.886     0.377
     0.644    -0.763    -0.057
     0.490    -0.872     0.018
     0.754    -0.656     0.042
     0.583    -0.780    -0.227
     0.671    -0.662     0.335
     0.436    -0.900     0.020
     0.514    -0.850    -0.111
     0.568    -0.823     0.022
     0.657    -0.714     0.241
     0.645    -0.700    -0.308
     0.440    -0.846     0.303
     0.615    -0.731     0.296
     0.588    -0.638    -0.497
     0.089    -0.994    -0.062
     0.707    -0.706    -0.032
     0.676    -0.694     0.248
     0.724    -0.668     0.172
     0.142    -0.976    -0.164
     0.377    -0.914     0.149
     0.439    -0.898    -0.032
     0.022    -0.998     0.055
     0.403    -0.897    -0.182
     0.493    -0.849     0.191
     0.741    -0.621    -0.255
     0.561    -0.823     0.089
     0.791    -0.589     0.162
     0.519    -0.853     0.053
     0.551    -0.820    -0.153
     0.374    -0.921    -0.108
     0.652    -0.758    -0.018
     0.836    -0.497    -0.234
     0.575    -0.787     0.223
     0.305    -0.951     0.046
     0.701    -0.668    -0.252
     0.703    -0.684    -0.195
     0.567    -0.819     0.090
     0.547    -0.827     0.128
     0.376    -0.876     0.301
     0.374    -0.668     0.644
     0.473    -0.867    -0.157
     0.505    -0.861    -0.051
     0.369    -0.876    -0.310
     0.523    -0.815    -0.249
     0.573    -0.819    -0.041
     0.425    -0.905     0.013
     0.360    -0.896    -0.262
     0.503    -0.861    -0.070
     0.622    -0.726     0.292
     0.401    -0.904     0.148
     0.565    -0.794    -0.224
     0.554    -0.814     0.171
     0.344    -0.918     0.197
     0.473    -0.881    -0.002
     0.405    -0.843    -0.355
     0.365    -0.886    -0.286
     0.621    -0.784     0.006
     0.621    -0.781    -0.065
     0.791    -0.575     0.207
     0.726    -0.619    -0.299
     0.515    -0.814    -0.268
     0.434    -0.901     0.000
     0.454    -0.891    -0.009
     0.682    -0.730     0.036
     0.740    -0.622     0.256
     0.449    -0.894     0.008
     0.295    -0.942     0.163
     0.248    -0.945    -0.214
     0.757    -0.636    -0.149
     0.516    -0.827     0.222
     0.321    -0.867    -0.382
     0.545    -0.793    -0.272
     0.833    -0.551     0.045
     0.787    -0.579     0.213
     0.693    -0.713     0.110
     0.563    -0.785    -0.259
     0.759    -0.635     0.146
     0.654    -0.756    -0.008
     0.480    -0.742     0.469
     0.716    -0.688     0.119
     0.592    -0.798     0.111
     0.879    -0.477     0.023
     0.862    -0.477     0.171
     0.767    -0.564     0.306
     0.291    -0.956     0.026
     0.475    -0.873     0.108
     0.685    -0.725     0.066
     0.368    -0.925    -0.098
     0.326    -0.944    -0.041
     0.768    -0.597    -0.231
     0.218    -0.912     0.347
     0.637    -0.676     0.371
     0.526    -0.848    -0.068
     0.567    -0.803    -0.184
     0.704    -0.697    -0.138
     0.737    -0.655     0.171
     0.604    -0.763     0.228
     0.390    -0.903     0.177
     0.390    -0.918     0.071
     0.569    -0.822     0.001
     0.325    -0.933    -0.155
     0.607    -0.788    -0.102
     0.655    -0.651     0.383
     0.473    -0.880     0.036
     0.703    -0.651    -0.286
     0.629    -0.775     0.062
     0.557    -0.815    -0.160
     0.406    -0.908     0.102
     0.732    -0.440     0.520
     0.540    -0.818     0.198
     0.590    -0.779    -0.213
     0.605    -0.790    -0.096
     0.638    -0.734     0.232
     0.673    -0.739    -0.024
     0.101    -0.987     0.125
     0.452    -0.844     0.290
     0.718    -0.696    -0.024
     0.358    -0.931     0.068
     0.433    -0.882     0.188
     0.316    -0.935    -0.162
     0.684    -0.729     0.022
     0.647    -0.664     0.375
     0.346    -0.898    -0.274
     0.854    -0.497     0.151
     0.229    -0.972    -0.059
     0.429    -0.900    -0.083
     0.465    -0.877     0.118
     0.580    -0.814     0.039
    -0.092    -0.967     0.239
     0.654    -0.736    -0.174
     0.456    -0.847    -0.274
     0.487    -0.854    -0.185
     0.811    -0.571     0.128
     0.382    -0.920    -0.085
     0.577    -0.813    -0.084
     0.446    -0.877     0.179
     0.288    -0.941    -0.177
    -0.002    -0.873     0.488
     0.604    -0.787    -0.126
     0.563    -0.824    -0.070
     0.440    -0.897     0.046
     0.459    -0.888     0.034
     0.316    -0.919    -0.235
     0.873    -0.433     0.224
     0.432    -0.875     0.219
     0.478    -0.836    -0.270
     0.617    -0.760    -0.204
     0.469    -0.883     0.025
     0.347    -0.904     0.250
     0.721    -0.693     0.026
     0.688    -0.726     0.002
     0.546    -0.830    -0.116
     0.148    -0.956    -0.253
     0.383    -0.918    -0.106
     0.507    -0.857     0.087
     0.458    -0.889    -0.022
     0.238    -0.960    -0.150
     0.425    -0.874     0.237
     0.473    -0.861     0.184
     0.623    -0.782     0.034
     0.822    -0.542     0.175
     0.237    -0.952     0.191
     0.751    -0.655    -0.090
     0.260    -0.966    -0.011
     0.492    -0.862    -0.126
     0.469    -0.655     0.593
     0.240    -0.940    -0.242
     0.729    -0.681     0.061
     0.654    -0.751    -0.094
     0.194    -0.939     0.286
     0.562    -0.811    -0.163
     0.493    -0.830    -0.262
     0.515    -0.851    -0.106
     0.435    -0.871     0.228
     0.593    -0.768     0.244
     0.443    -0.893     0.082
     0.616    -0.779    -0.117
     0.722    -0.664    -0.195
     0.227    -0.970     0.086
     0.585    -0.808    -0.066
     0.450    -0.878    -0.165
     0.372    -0.920    -0.122
     0.607    -0.787    -0.111
     0.498    -0.745     0.444
     0.804    -0.594     0.035
     0.411    -0.814    -0.410
     0.356    -0.884     0.304
     0.585    -0.811    -0.026
     0.512    -0.822     0.250
     0.603    -0.785    -0.140
     0.506    -0.859     0.077
     0.391    -0.918     0.065
     0.591    -0.790    -0.164
     0.522    -0.845    -0.116
     0.398    -0.917     0.018
     0.613    -0.648     0.451
     0.374    -0.922     0.096
     0.583    -0.739     0.339
     0.587    -0.795     0.151
     0.547    -0.835    -0.059
     0.606    -0.780    -0.154
     0.535    -0.845    -0.001
     0.473    -0.864    -0.175
     0.841    -0.537    -0.060
     0.342    -0.924    -0.169
     0.669    -0.687     0.283
     0.585    -0.769    -0.256
     0.750    -0.581    -0.318
     0.346    -0.844    -0.409
     0.235    -0.911    -0.338
     0.678    -0.733    -0.052
     0.721    -0.660     0.212
     0.465    -0.881     0.093
     0.430    -0.898     0.092
     0.020    -1.000    -0.015
     0.366    -0.930     0.028
     0.430    -0.901     0.064
     0.520    -0.832     0.191
     0.387    -0.914    -0.119
     0.606    -0.784    -0.137
     0.563    -0.811    -0.160
     0.708    -0.696    -0.124
     0.257    -0.872     0.417
     0.777    -0.621    -0.106
     0.648    -0.734     0.206
     0.865    -0.493    -0.088
     0.618    -0.759     0.207
     0.563    -0.792     0.238
     0.754    -0.513     0.410
     0.684    -0.634    -0.361
     0.151    -0.978    -0.144
     0.518    -0.847    -0.122
     0.454    -0.852     0.261
     0.680    -0.714    -0.168
     0.755    -0.653    -0.050
     0.727    -0.639    -0.253
     0.208    -0.971     0.115
     0.750    -0.634     0.188
     0.369    -0.875     0.315
     0.333    -0.938    -0.095
     0.505    -0.862     0.054
     0.282    -0.809     0.515
     0.138    -0.887     0.440
     0.646    -0.566    -0.511
     0.552    -0.834    -0.002
     0.752    -0.605    -0.262
     0.531    -0.846    -0.054
     0.592    -0.677     0.437
     0.395    -0.895     0.210
     0.448    -0.872    -0.198
     0.418    -0.908    -0.028
     0.647    -0.621    -0.443
     0.690    -0.704     0.168
     0.274    -0.959    -0.065
     0.507    -0.859    -0.065
     0.417    -0.894    -0.163
     0.354    -0.923     0.150
     0.403    -0.880     0.251
     0.532    -0.764     0.365
     0.697    -0.717     0.022
     0.358    -0.932    -0.064
     0.384    -0.883     0.271
     0.524    -0.837     0.162
     0.857    -0.441     0.268
     0.225    -0.908     0.352
     0.370    -0.878    -0.305
     0.730    -0.668     0.147
     0.528    -0.849    -0.004
     0.619    -0.767     0.170
     0.427    -0.891     0.155
     0.753    -0.641     0.145
     0.382    -0.906    -0.183
     0.527    -0.849    -0.040
     0.743    -0.670    -0.015
     0.675    -0.713    -0.191
     0.623    -0.751    -0.218
     0.486    -0.872    -0.051
     0.359    -0.932     0.047
     0.273    -0.955     0.113
     0.456    -0.713     0.532
     0.764    -0.629     0.141
     0.277    -0.959     0.065
     0.606    -0.771     0.195
     0.684    -0.722     0.102
     0.630    -0.772     0.083
     0.595    -0.803    -0.031
     0.588    -0.784     0.200
     0.148    -0.914     0.379
     0.479    -0.824     0.303
     0.452    -0.890    -0.063
     0.666    -0.734     0.134
     0.506    -0.858     0.087
     0.319    -0.893     0.317
     0.299    -0.919     0.256
     0.748    -0.635     0.191
     0.259    -0.893     0.367
     0.472    -0.857     0.207
     0.774    -0.626     0.096
     0.522    -0.852    -0.039
     0.347    -0.937    -0.047
     0.428    -0.836     0.344
     0.516    -0.855    -0.049
     0.538    -0.843    -0.032
     0.650    -0.736     0.189
     0.613    -0.755     0.233
     0.768    -0.618    -0.170
     0.649    -0.759    -0.057
     0.537    -0.828    -0.161
     0.548    -0.824    -0.144
     0.596    -0.783    -0.181
     0.246    -0.969     0.003
     0.537    -0.823    -0.186
     0.482    -0.814    -0.323
     0.786    -0.615     0.060
     0.500    -0.864    -0.054
     0.881    -0.470    -0.061
     0.551    -0.793    -0.260
     0.629    -0.677     0.383
    -0.026    -0.998     0.061
     0.488    -0.861     0.143
     0.621    -0.690    -0.371
     0.470    -0.870    -0.150
     0.577    -0.730     0.366
     0.540    -0.839    -0.062
     0.413    -0.876     0.249
     0.123    -0.962    -0.245
     0.234    -0.972     0.030
     0.452    -0.886     0.098
     0.648    -0.756    -0.091
     0.462    -0.885     0.062
     0.393    -0.782    -0.484
     0.524    -0.843     0.117
     0.543    -0.840    -0.008
     0.545    -0.836    -0.059
     0.406    -0.914    -0.002
     0.473    -0.856    -0.207
     0.638    -0.768     0.061
     0.569    -0.818    -0.084
     0.414    -0.908    -0.071
     0.878    -0.479    -0.004
     0.715    -0.681    -0.154
     0.069    -0.997     0.036
     0.497    -0.864    -0.082
     0.330    -0.915     0.233
     0.868    -0.487     0.100
     0.732    -0.651    -0.202
     0.776    -0.614    -0.142
     0.695    -0.719     0.008
     0.308    -0.903     0.301
     0.575    -0.749    -0.329
     0.306    -0.936    -0.176
     0.552    -0.834     0.006
     0.268    -0.914    -0.304
     0.372    -0.876    -0.308
     0.653    -0.750     0.106
     0.752    -0.609    -0.251
     0.737    -0.675     0.022
     0.594    -0.799     0.097
     0.826    -0.563     0.021
     0.949    -0.303     0.087
     0.718    -0.691     0.082
     0.274    -0.960    -0.051
     0.614    -0.755    -0.229
    -0.014    -0.992     0.126
     0.681    -0.728     0.076
     0.569    -0.809    -0.146
     0.138    -0.990     0.010
     0.777    -0.607     0.167
     0.517    -0.827     0.220
     0.727    -0.639     0.252
     0.583    -0.803     0.125
     0.703    -0.697     0.145
     0.635    -0.756     0.156
     0.416    -0.903    -0.104
     0.349    -0.936     0.037
     0.804    -0.561    -0.198
     0.302    -0.776     0.554
     0.534    -0.842     0.080
     0.509    -0.837    -0.203
     0.804    -0.585     0.107
     0.459    -0.826    -0.326
     0.595    -0.739     0.316
     0.456    -0.874     0.168
     0.630    -0.767     0.118
     0.511    -0.724    -0.464
     0.465    -0.874    -0.144
     0.751    -0.660    -0.017
     0.696    -0.670    -0.258
     0.511    -0.835    -0.203
     0.576    -0.817     0.013
     0.624    -0.771    -0.125
     0.271    -0.962     0.018
     0.644    -0.749     0.156
     0.802    -0.594     0.061
     0.559    -0.766     0.317
     0.359    -0.921     0.150
     0.375    -0.903    -0.211
     0.816    -0.535    -0.218
     0.348    -0.923    -0.163
     0.442    -0.864     0.241
     0.627    -0.779     0.021
     0.721    -0.684     0.114
     0.299    -0.954     0.008
     0.671    -0.712    -0.206
     0.611    -0.777     0.151
     0.572    -0.758     0.313
     0.310    -0.950    -0.043
     0.778    -0.602    -0.179
     0.579    -0.705     0.409
     0.479    -0.829     0.290
     0.535    -0.841    -0.074
     0.740    -0.609     0.285
     0.619    -0.785     0.026
     0.665    -0.723     0.185
     0.637    -0.670    -0.380
     0.541    -0.838    -0.068
     0.634    -0.714     0.298
     0.265    -0.954    -0.138
     0.150    -0.989     0.003
     0.502    -0.863    -0.055
     0.819    -0.554     0.145
     0.287    -0.944     0.164
     0.268    -0.867     0.419
     0.643    -0.765     0.011
     0.900    -0.427     0.089
     0.502    -0.853    -0.142
     0.406    -0.857    -0.317
     0.750    -0.647    -0.138
     0.265    -0.932    -0.248
     0.681    -0.715     0.158
     0.541    -0.836     0.091
     0.768    -0.638     0.049
     0.455    -0.889     0.046
     0.666    -0.632    -0.396
     0.567    -0.783    -0.258
     0.525    -0.850     0.029
     0.701    -0.673     0.236
     0.637    -0.700     0.323
     0.570    -0.821    -0.039
     0.525    -0.831    -0.183
     0.598    -0.745     0.297
     0.494    -0.868     0.047
     0.752    -0.651     0.102
     0.459    -0.880     0.119
     0.732    -0.613     0.299
     0.569    -0.822    -0.037
     0.623    -0.779     0.070
     0.254    -0.967    -0.010
     0.520    -0.629     0.578
     0.549    -0.824     0.140
     0.335    -0.935    -0.120
     0.129    -0.959    -0.253
     0.757    -0.610     0.234
     0.761    -0.627    -0.166
     0.429    -0.871    -0.242
     0.190    -0.962    -0.194
     0.696    -0.690    -0.198
     0.298    -0.954    -0.022
     0.735    -0.667     0.124
     0.365    -0.893     0.264
     0.662    -0.741     0.112
     0.482    -0.855     0.190
     0.606    -0.779    -0.162
     0.242    -0.961     0.136
     0.684    -0.718    -0.131
     0.611    -0.697    -0.375
     0.568    -0.823     0.010
     0.615    -0.788    -0.023
     0.686    -0.720    -0.105
     0.581    -0.761    -0.289
     0.416    -0.781     0.466
     0.543    -0.831     0.125
     0.654    -0.742     0.145
     0.644    -0.701    -0.306
     0.405    -0.903     0.144
     0.648    -0.748     0.143
     0.568    -0.821     0.051
     0.473    -0.878     0.075
     0.744    -0.667    -0.043
     0.514    -0.798    -0.315
     0.530    -0.785     0.320
     0.806    -0.505     0.310
     0.489    -0.858    -0.157
     0.707    -0.699     0.107
     0.272    -0.895    -0.354
     0.770    -0.637    -0.044
     0.753    -0.658    -0.019
     0.602    -0.784    -0.150
     0.474    -0.857    -0.203
     0.835    -0.546     0.071
     0.355    -0.930    -0.095
     0.461    -0.863     0.207
     0.391    -0.838     0.379
     0.217    -0.949     0.230
     0.513    -0.841     0.172
     0.652    -0.748    -0.122
    -0.168    -0.975     0.146
     0.296    -0.954     0.045
     0.556    -0.811    -0.179
     0.026    -0.990    -0.136
     0.575    -0.815     0.080
     0.816    -0.421     0.395
     0.350    -0.935     0.052
     0.749    -0.662    -0.026
     0.432    -0.885     0.173
     0.734    -0.678     0.037
     0.701    -0.692    -0.170
     0.447    -0.888     0.108
     0.544    -0.820    -0.176
     0.577    -0.740     0.345
     0.448    -0.867    -0.217
     0.476    -0.849     0.231
     0.603    -0.780    -0.166
     0.757    -0.625     0.190
     0.832    -0.522     0.187
     0.568    -0.712    -0.413
     0.649    -0.755    -0.098
     0.717    -0.673     0.181
     0.447    -0.893    -0.048
     0.470    -0.851     0.235
     0.626    -0.742    -0.239
     0.435    -0.897    -0.076
     0.261    -0.926     0.271
     0.395    -0.895    -0.207
     0.353    -0.936    -0.009
     0.748    -0.653    -0.119
     0.486    -0.859    -0.163
     0.638    -0.759     0.134
     0.410    -0.731    -0.546
     0.644    -0.757    -0.111
     0.258    -0.954    -0.155
     0.521    -0.757    -0.394
     0.519    -0.853     0.056
     0.291    -0.944    -0.159
     0.414    -0.873    -0.258
     0.292    -0.946    -0.139
     0.914    -0.342    -0.218
     0.685    -0.728    -0.015
     0.635    -0.771    -0.052
     0.555    -0.709     0.435
     0.535    -0.840     0.091
     0.385    -0.913     0.135
     0.687    -0.699     0.196
     0.481    -0.635     0.605
     0.248    -0.966     0.071
     0.373    -0.918     0.136
     0.325    -0.945    -0.042
     0.493    -0.845     0.207
     0.553    -0.777    -0.299
     0.252    -0.968     0.004
     0.482    -0.876     0.010
     0.488    -0.847    -0.210
     0.595    -0.804     0.025
     0.167    -0.985    -0.036
     0.720    -0.679     0.144
     0.696    -0.655     0.294
     0.456    -0.886    -0.089
     0.901    -0.421     0.106
     0.604    -0.726    -0.328
     0.444    -0.885     0.142
     0.621    -0.773     0.125
     0.767    -0.617     0.178
     0.331    -0.875    -0.353
     0.521    -0.843     0.134
     0.595    -0.804     0.004
     0.343    -0.896    -0.283
     0.513    -0.859    -0.010
     0.496    -0.864    -0.091
     0.651    -0.661    -0.373
     0.447    -0.878     0.171
     0.425    -0.866    -0.263
     0.578    -0.816     0.006
     0.540    -0.833    -0.123
     0.621    -0.754    -0.213
     0.883    -0.465     0.067
     0.389    -0.917    -0.090
     0.462    -0.869    -0.179
     0.168    -0.976    -0.135
     0.548    -0.830    -0.106
     0.253    -0.961    -0.113
     0.329    -0.892     0.310
     0.678    -0.735     0.003
     0.378    -0.895     0.236
     0.312    -0.881     0.355
     0.415    -0.900    -0.131
     0.653    -0.673    -0.347
     0.623    -0.779    -0.072
     0.276    -0.938     0.209
     0.166    -0.974    -0.153
     0.674    -0.739    -0.020
     0.687    -0.598     0.413
     0.040    -0.996     0.082
     0.773    -0.633    -0.035
     0.721    -0.692    -0.046
     0.267    -0.939    -0.219
     0.423    -0.692     0.585
     0.284    -0.959     0.021
     0.451    -0.884    -0.128
     0.383    -0.884    -0.268
     0.545    -0.801    -0.246
     0.424    -0.902     0.086
     0.195    -0.921     0.338
     0.599    -0.790     0.130
     0.443    -0.834    -0.329
     0.504    -0.782    -0.366
     0.809    -0.572     0.136
     0.759    -0.651     0.007
    -0.031    -0.999    -0.024
     0.426    -0.867     0.258
     0.491    -0.871     0.022
     0.509    -0.816    -0.274
     0.282    -0.924    -0.259
     0.505    -0.849    -0.155
     0.596    -0.794    -0.119
     0.620    -0.784     0.032
     0.112    -0.980     0.162
     0.594    -0.804    -0.010
     0.230    -0.973     0.000
     0.415    -0.889     0.193
     0.393    -0.917    -0.065
     0.423    -0.889    -0.174
     0.510    -0.746    -0.429
     0.774    -0.589    -0.231
     0.431    -0.894     0.121
     0.375    -0.927     0.021
     0.714    -0.674    -0.189
     0.457    -0.875     0.163
     0.498    -0.629     0.597
     0.331    -0.941    -0.067
     0.585    -0.777     0.234
     0.122    -0.961     0.250
     0.553    -0.728    -0.406
     0.553    -0.823     0.128
     0.553    -0.817     0.163
     0.443    -0.736     0.512
     0.257    -0.947     0.190
     0.637    -0.725     0.260
     0.452    -0.872     0.188
     0.588    -0.775     0.233
     0.815    -0.573     0.083
     0.375    -0.844     0.384
     0.403    -0.882    -0.243
     0.620    -0.670     0.409
     0.280    -0.952     0.122
     0.432    -0.833    -0.344
     0.806    -0.555     0.208
     0.699    -0.713     0.051
     0.512    -0.795     0.326
     0.638    -0.764    -0.096
     0.490    -0.872    -0.008
     0.698    -0.716     0.024
     0.603    -0.762    -0.237
     0.656    -0.747    -0.109
     0.701    -0.713    -0.005
     0.359    -0.928    -0.103
     0.309    -0.951    -0.026
     0.414    -0.872    -0.263
     0.498    -0.844     0.196
     0.663    -0.710    -0.237
     0.283    -0.912     0.296
     0.799    -0.513     0.314
     0.473    -0.880     0.040
     0.694    -0.716     0.070
     0.722    -0.626     0.295
     0.715    -0.685    -0.143
     0.653    -0.678    -0.338
     0.310    -0.935     0.174
     0.678    -0.646    -0.352
     0.407    -0.913    -0.008
     0.684    -0.681     0.260
     0.369    -0.923    -0.107
     0.490    -0.774    -0.401
     0.428    -0.900    -0.086
     0.690    -0.712    -0.134
     0.481    -0.877     0.015
     0.548    -0.823    -0.147
     0.099    -0.985     0.141
     0.376    -0.926     0.035
     0.532    -0.847     0.006
     0.633    -0.647     0.425
     0.871    -0.469     0.144
     0.546    -0.795     0.264
     0.486    -0.872     0.055
     0.324    -0.946     0.016
     0.364    -0.907    -0.212
     0.556    -0.722    -0.411
     0.668    -0.742     0.062
     0.408    -0.715     0.568
     0.362    -0.841     0.401
     0.637    -0.758    -0.138
     0.631    -0.710     0.313
     0.699    -0.620     0.356
     0.188    -0.951    -0.244
     0.753    -0.592    -0.288
     0.667    -0.745    -0.003
     0.341    -0.936    -0.085
     0.613    -0.762    -0.210
     0.545    -0.763     0.347
     0.415    -0.904    -0.104
     0.748    -0.626    -0.219
     0.636    -0.763     0.117
     0.509    -0.754     0.414
     0.689    -0.723    -0.044
    -0.225    -0.936    -0.272
     0.412    -0.906     0.098
     0.563    -0.824    -0.068
     0.624    -0.654    -0.427
     0.742    -0.670    -0.042
     0.491    -0.866     0.094
     0.276    -0.946     0.171
     0.470    -0.877    -0.104
     0.696    -0.698     0.168
     0.502    -0.865     0.005
     0.421    -0.906     0.051
     0.580    -0.794    -0.183
     0.593    -0.797     0.115
     0.553    -0.786    -0.276
     0.569    -0.818    -0.085
     0.302    -0.912    -0.277
     0.529    -0.843    -0.101
     0.330    -0.942    -0.063
     0.123    -0.934     0.335
     0.521    -0.843     0.132
     0.431    -0.902    -0.005
     0.849    -0.516    -0.110
     0.412    -0.879    -0.239
     0.308    -0.871    -0.383
     0.677    -0.685    -0.270
     0.623    -0.771    -0.134
     0.630    -0.771     0.096
     0.195    -0.949     0.248
     0.473    -0.865     0.167
     0.400    -0.906     0.137
     0.429    -0.888    -0.166
     0.513    -0.818     0.259
     0.577    -0.814    -0.074
     0.432    -0.847    -0.311
     0.658    -0.749    -0.075
     0.401    -0.883     0.244
     0.504    -0.860     0.081
     0.617    -0.778     0.122
     0.402    -0.893    -0.203
     0.227    -0.972    -0.055
     0.435    -0.639    -0.634
     0.449    -0.893    -0.029
     0.577    -0.763    -0.292
     0.654    -0.728    -0.204
     0.672    -0.730    -0.121
     0.671    -0.741    -0.008
     0.888    -0.452     0.079
     0.490    -0.858    -0.154
     0.577    -0.763    -0.292
     0.572    -0.817    -0.070
     0.705    -0.642     0.303
     0.661    -0.743    -0.107
     0.549    -0.833     0.070
     0.560    -0.788     0.255
     0.280    -0.950    -0.136
     0.720    -0.643     0.260
     0.616    -0.784    -0.075
     0.805    -0.577    -0.137
     0.213    -0.945     0.248
     0.221    -0.974    -0.048
     0.557    -0.820    -0.133
    -0.018    -0.928    -0.373
     0.222    -0.975     0.026
     0.429    -0.899     0.091
     0.401    -0.915     0.038
     0.521    -0.839    -0.159
     0.699    -0.608     0.377
     0.649    -0.664    -0.372
     0.442    -0.894     0.076
     0.721    -0.692    -0.038
     0.306    -0.950    -0.055
     0.690    -0.714     0.120
     0.462    -0.887     0.002
     0.648    -0.738    -0.189
     0.288    -0.953    -0.093
     0.625    -0.781    -0.010
     0.462    -0.882    -0.086
     0.799    -0.527    -0.289
     0.402    -0.905    -0.139
     0.592    -0.794     0.138
     0.473    -0.852     0.226
     0.272    -0.959     0.082
     0.517    -0.852     0.086
     0.407    -0.913    -0.032
     0.780    -0.595     0.191
    -0.069    -0.979     0.194
     0.256    -0.893     0.369
     0.584    -0.619    -0.525
     0.432    -0.849     0.306
     0.144    -0.985    -0.096
     0.559    -0.774    -0.296
     0.927    -0.320    -0.193
     0.570    -0.819    -0.068
     0.423    -0.850     0.314
     0.581    -0.814    -0.027
     0.518    -0.853     0.067
     0.641    -0.754     0.143
     0.279    -0.928     0.247
     0.561    -0.825    -0.075
     0.682    -0.706    -0.192
     0.596    -0.746     0.297
     0.530    -0.835     0.150
     0.103    -0.946    -0.309
     0.621    -0.752     0.221
     0.277    -0.955     0.111
     0.172    -0.985    -0.008
     0.674    -0.739    -0.025
     0.492    -0.869     0.053
     0.776    -0.619     0.121
     0.824    -0.566     0.009
     0.713    -0.688    -0.137
     0.626    -0.776    -0.078
     0.615    -0.760    -0.208
     0.573    -0.804     0.160
     0.838    -0.536    -0.104
     0.506    -0.827     0.245
     0.632    -0.756     0.170
    -0.078    -0.975     0.210
     0.386    -0.853     0.351
     0.178    -0.942     0.283
     0.772    -0.613     0.169
     0.483    -0.830    -0.279
     0.676    -0.717     0.169
     0.367    -0.926    -0.092
     0.372    -0.926    -0.068
     0.740    -0.574    -0.350
     0.509    -0.861    -0.024
     0.486    -0.792     0.369
     0.546    -0.836    -0.048
     0.567    -0.823    -0.046
     0.458    -0.806     0.375
     0.407    -0.899    -0.160
     0.481    -0.873     0.085
     0.681    -0.723    -0.113
     0.161    -0.979     0.126
     0.585    -0.799     0.144
     0.903    -0.404    -0.144
     0.412    -0.867     0.281
     0.559    -0.800    -0.217
     0.761    -0.648    -0.023
     0.547    -0.826     0.139
     0.268    -0.955    -0.126
     0.350    -0.900     0.260
     0.752    -0.640     0.157
     0.697    -0.715     0.052
     0.343    -0.919    -0.195
     0.542    -0.829    -0.134
     0.398    -0.916     0.051
     0.662    -0.735     0.147
     0.438    -0.899    -0.022
     0.093    -0.962     0.255
     0.670    -0.678    -0.304
     0.462    -0.882     0.090
     0.584    -0.786     0.201
     0.581    -0.795    -0.177
     0.518    -0.830     0.208
     0.546    -0.804    -0.233
     0.335    -0.911    -0.240
     0.373    -0.918     0.132
     0.816    -0.577     0.031
     0.485    -0.872     0.068
     0.120    -0.991     0.049
     0.426    -0.891    -0.157
     0.748    -0.663     0.044
     0.776    -0.612     0.151
     0.837    -0.493     0.238
     0.569    -0.822     0.023
     0.325    -0.930    -0.170
     0.567    -0.821    -0.067
     0.363    -0.881     0.305
     0.426    -0.800    -0.423
     0.145    -0.948     0.284
     0.546    -0.837     0.033
     0.383    -0.904     0.193
     0.053    -0.999    -0.011
     0.538    -0.837    -0.102
     0.526    -0.800    -0.289
     0.553    -0.819    -0.155
     0.609    -0.793    -0.022
     0.760    -0.634    -0.146
     0.683    -0.709     0.177
     0.533    -0.802     0.270
     0.439    -0.884    -0.162
     0.387    -0.873     0.296
     0.511    -0.859     0.035
     0.713    -0.629    -0.310
     0.704    -0.710     0.004
     0.436    -0.890     0.133
     0.684    -0.725     0.080
     0.188    -0.981     0.058
     0.731    -0.565    -0.383
     0.575    -0.799     0.175
     0.523    -0.721     0.455
     0.556    -0.792    -0.252
     0.361    -0.932    -0.008
     0.788    -0.594    -0.163
     0.132    -0.980     0.151
     0.361    -0.932    -0.024
     0.536    -0.819    -0.204
     0.352    -0.897     0.267
     0.514    -0.831     0.213
     0.678    -0.733     0.047
     0.554    -0.814     0.175
     0.579    -0.809     0.100
     0.627    -0.773    -0.095
     0.178    -0.962    -0.207
     0.286    -0.924    -0.255
     0.736    -0.641     0.219
     0.246    -0.969     0.004
     0.562    -0.776    -0.287
     0.418    -0.878     0.233
     0.232    -0.943     0.240
     0.289    -0.930    -0.226
     0.362    -0.909    -0.206
     0.441    -0.898    -0.010
     0.465    -0.844     0.267
     0.777    -0.621    -0.100
     0.564    -0.817    -0.122
     0.363    -0.930     0.057
     0.597    -0.756     0.268
     0.469    -0.875     0.118
     0.647    -0.704    -0.293
     0.433    -0.863     0.260
     0.310    -0.941    -0.133
     0.247    -0.963    -0.111
     0.447    -0.893    -0.048
     0.624    -0.738    -0.258
     0.325    -0.934     0.147
     0.501    -0.864    -0.053
     0.340    -0.936    -0.091
     0.570    -0.804    -0.169
     0.488    -0.820    -0.299
     0.776    -0.612    -0.154
     0.186    -0.870    -0.456
     0.541    -0.833     0.119
     0.243    -0.969     0.047
     0.181    -0.920     0.347
     0.487    -0.861     0.145
     0.827    -0.562    -0.001
     0.510    -0.803     0.310
     0.892    -0.451     0.044
     0.599    -0.736     0.314
     0.261    -0.957    -0.125
     0.855    -0.512     0.080
     0.402    -0.910     0.103
     0.646    -0.632     0.428
     0.571    -0.799     0.188
     0.432    -0.863    -0.261
     0.586    -0.783     0.210
     0.519    -0.844     0.137
     0.603    -0.798    -0.013
     0.522    -0.779    -0.349
     0.576    -0.809    -0.113
     0.539    -0.813    -0.220
     0.442    -0.840    -0.313
     0.679    -0.712     0.178
     0.240    -0.949    -0.205
     0.488    -0.860     0.148
     0.444    -0.882    -0.159
     0.598    -0.793     0.121
     0.435    -0.880    -0.192
     0.643    -0.765     0.043
     0.767    -0.641    -0.008
     0.514    -0.779    -0.359
     0.608    -0.779    -0.154
     0.385    -0.900     0.204
     0.216    -0.976    -0.042
     0.641    -0.753    -0.153
     0.634    -0.772    -0.037
     0.778    -0.573    -0.256
     0.218    -0.933     0.287
     0.670    -0.717     0.191
     0.719    -0.684     0.120
     0.592    -0.805    -0.036
     0.187    -0.982    -0.010
     0.335    -0.939    -0.081
     0.637    -0.756     0.150
     0.628    -0.659    -0.414
     0.682    -0.722     0.117
     0.861    -0.481     0.162
     0.374    -0.892     0.253
     0.457    -0.889     0.044
     0.461    -0.830     0.315
     0.648    -0.761    -0.025
     0.464    -0.873    -0.150
     0.315    -0.927    -0.201
     0.373    -0.917    -0.141
     0.597    -0.729    -0.335
     0.791    -0.586    -0.175
     0.659    -0.668     0.345
     0.464    -0.886     0.011
     0.286    -0.913     0.289
     0.804    -0.553     0.217
     0.363    -0.932     0.015
     0.356    -0.934     0.014
     0.655    -0.600    -0.459
     0.439    -0.849    -0.295
     0.398    -0.916     0.049
     0.413    -0.877     0.245
     0.607    -0.795    -0.013
     0.731    -0.680     0.052
     0.654    -0.624    -0.428
     0.816    -0.549     0.181
     0.818    -0.541     0.196
     0.714    -0.688     0.131
     0.598    -0.784     0.164
     0.377    -0.804    -0.459
     0.896    -0.424    -0.132
     0.222    -0.971     0.089
     0.518    -0.854    -0.050
     0.524    -0.811    -0.259
    -0.021    -0.982    -0.187
     0.485    -0.875    -0.003
     0.586    -0.771     0.250
     0.606    -0.738     0.298
     0.405    -0.905    -0.132
     0.377    -0.925     0.043
     0.486    -0.873    -0.030
     0.653    -0.587    -0.478
     0.435    -0.800     0.413
     0.371    -0.899    -0.232
     0.545    -0.834     0.087
     0.520    -0.848    -0.104
     0.662    -0.743    -0.093
     0.404    -0.905     0.134
     0.795    -0.554    -0.245
     0.652    -0.747    -0.129
     0.502    -0.862     0.063
     0.544    -0.833     0.101
     0.881    -0.452     0.141
     0.459    -0.887     0.040
     0.236    -0.927     0.292
     0.674    -0.710    -0.203
     0.567    -0.778     0.270
     0.218    -0.946     0.241
     0.521    -0.853     0.044
     0.437    -0.876    -0.203
     0.661    -0.592     0.462
     0.452    -0.892     0.020
     0.406    -0.892     0.197
     0.273    -0.953     0.131
     0.546    -0.824    -0.151
     0.415    -0.909     0.044
     0.344    -0.939     0.029
     0.197    -0.962     0.191
     0.747    -0.511    -0.427
     0.753    -0.652    -0.093
     0.392    -0.919    -0.043
     0.783    -0.620    -0.050
     0.508    -0.780     0.365
     0.630    -0.777     0.014
     0.645    -0.621     0.446
     0.744    -0.617    -0.254
     0.590    -0.802    -0.093
     0.574    -0.811     0.117
     0.686    -0.728     0.010
     0.601    -0.672     0.433
     0.379    -0.872    -0.309
     0.269    -0.913    -0.307
     0.657    -0.742     0.132
     0.334    -0.938     0.089
     0.437    -0.867    -0.242
     0.619    -0.785    -0.019
     0.664    -0.746    -0.040
     0.532    -0.801    -0.274
     0.679    -0.732     0.063
     0.205    -0.978    -0.039
     0.577    -0.797     0.180
     0.497    -0.862     0.101
     0.317    -0.948    -0.032
     0.993     0.056    -0.109
     0.762    -0.499    -0.414
     0.683    -0.727     0.066
     0.078    -0.962    -0.262
     0.164    -0.982     0.097
     0.160    -0.987     0.013
     0.311    -0.933     0.180
     0.676    -0.733     0.075
     0.572    -0.811     0.127
     0.732    -0.679     0.052
     0.738    -0.671    -0.076
     0.330    -0.941     0.069
     0.579    -0.815     0.026
     0.247    -0.926    -0.287
     0.436    -0.898     0.054
     0.395    -0.911    -0.116
     0.466    -0.884     0.048
     0.511    -0.858     0.053
     0.541    -0.840    -0.033
     0.718    -0.682    -0.135
     0.424    -0.896     0.133
     0.599    -0.800    -0.043
     0.322    -0.902     0.287
     0.688    -0.705    -0.174
     0.335    -0.796    -0.504
     0.527    -0.793     0.305
     0.433    -0.808    -0.400
     0.729    -0.632    -0.261
     0.734    -0.638     0.233
     0.799    -0.368    -0.476
     0.086    -0.954     0.286
     0.531    -0.847    -0.026
     0.443    -0.846    -0.296
     0.696    -0.709     0.114
     0.538    -0.842    -0.030
     0.299    -0.952     0.063
     0.629    -0.756     0.180
     0.482    -0.872    -0.087
     0.915    -0.242     0.323
     0.579    -0.644    -0.499
     0.590    -0.731     0.343
     0.602    -0.763     0.237
     0.274    -0.961     0.042
     0.336    -0.936     0.102
     0.314    -0.840     0.443
     0.625    -0.777    -0.077
     0.195    -0.976    -0.094
     0.317    -0.853     0.415
     0.399    -0.914     0.074
     0.445    -0.895     0.021
     0.635    -0.758     0.147
     0.715    -0.683     0.148
     0.647    -0.758     0.084
     0.198    -0.979    -0.051
     0.692    -0.719     0.063
     0.480    -0.870    -0.111
     0.642    -0.758     0.117
     0.737    -0.660    -0.146
     0.285    -0.869    -0.404
     0.627    -0.778    -0.042
     0.325    -0.934     0.146
     0.237    -0.967     0.093
     0.605    -0.752     0.262
     0.790    -0.611    -0.061
     0.811    -0.552    -0.193
     0.484    -0.875    -0.017
     0.628    -0.748     0.214
     0.798    -0.567     0.204
     0.612    -0.776     0.153
     0.734    -0.583     0.349
     0.456    -0.876    -0.156
     0.621    -0.718     0.315
     0.246    -0.953     0.180
     0.661    -0.733     0.163
     0.580    -0.782     0.226
     0.615    -0.762    -0.202
     0.199    -0.937    -0.285
     0.470    -0.870     0.149
     0.621    -0.725    -0.297
     0.586    -0.797     0.147
     0.189    -0.982     0.023
     0.204    -0.976    -0.077
     0.685    -0.637     0.354
     0.243    -0.911    -0.333
     0.651    -0.759    -0.014
     0.509    -0.781     0.362
     0.307    -0.873     0.379
     0.566    -0.819     0.090
     0.454    -0.811     0.369
     0.425    -0.903    -0.069
     0.572    -0.819     0.041
     0.575    -0.816    -0.066
     0.183    -0.975     0.124
     0.517    -0.829     0.212
     0.566    -0.807     0.166
     0.538    -0.840    -0.070
     0.792    -0.591    -0.153
     0.629    -0.771     0.103
     0.424    -0.887    -0.182
     0.695    -0.657     0.290
     0.440    -0.783     0.440
     0.624    -0.781     0.033
     0.116    -0.980    -0.159
     0.651    -0.750     0.122
     0.504    -0.796     0.335
     0.803    -0.578     0.146
     0.603    -0.793    -0.087
     0.585    -0.763    -0.274
     0.572    -0.811    -0.120
     0.419    -0.881     0.219
     0.538    -0.800     0.265
     0.338    -0.939     0.069
     0.633    -0.757     0.164
     0.886    -0.464     0.008
     0.768    -0.625     0.135
     0.592    -0.780     0.204
     0.515    -0.845     0.147
     0.462    -0.874    -0.149
     0.633    -0.714     0.298
     0.249    -0.950     0.189
     0.546    -0.832     0.100
     0.490    -0.872     0.008
     0.666    -0.728     0.161
     0.602    -0.788     0.128
     0.698    -0.688     0.198
     0.520    -0.854    -0.026
     0.484    -0.866     0.127
     0.511    -0.831     0.220
     0.485    -0.874     0.031
     0.666    -0.745     0.026
     0.733    -0.459     0.502
     0.395    -0.914    -0.088
     0.573    -0.815     0.091
     0.664    -0.747     0.013
     0.565    -0.817    -0.113
     0.456    -0.890     0.007
     0.381    -0.907    -0.176
     0.649    -0.738    -0.185
     0.764    -0.616     0.191
     0.329    -0.934     0.139
     0.540    -0.817     0.200
     0.475    -0.850     0.229
     0.890    -0.455    -0.037
     0.512    -0.694    -0.506
     0.473    -0.881    -0.016
     0.416    -0.852    -0.318
     0.457    -0.809    -0.370
     0.620    -0.779    -0.094
     0.419    -0.861     0.289
     0.767    -0.641    -0.022
     0.702    -0.709     0.066
     0.553    -0.833    -0.007
     0.455    -0.789     0.413
     0.639    -0.689     0.341
     0.425    -0.905     0.024
     0.369    -0.805     0.464
     0.201    -0.968     0.154
     0.869    -0.486     0.094
     0.589    -0.807    -0.047
     0.287    -0.935    -0.207
     0.503    -0.860     0.082
     0.626    -0.776    -0.074
     0.399    -0.895     0.201
     0.417    -0.849    -0.324
     0.213    -0.940     0.265
     0.159    -0.987    -0.037
     0.596    -0.802    -0.024
     0.589    -0.806    -0.067
     0.643    -0.757    -0.117
     0.467    -0.848     0.250
     0.461    -0.882     0.097
     0.679    -0.615    -0.402
     0.745    -0.647    -0.163
     0.771    -0.636    -0.013
     0.261    -0.945     0.198
     0.863    -0.503    -0.042
     0.336    -0.893    -0.301
     0.264    -0.962    -0.069
     0.347    -0.923     0.164
     0.400    -0.912     0.087
     0.384    -0.874    -0.297
     0.747    -0.664    -0.030
     0.795    -0.547     0.263
     0.249    -0.965    -0.086
     0.350    -0.921    -0.168
     0.738    -0.651     0.179
     0.622    -0.745     0.241
     0.287    -0.954    -0.086
     0.334    -0.942    -0.036
     0.137    -0.922    -0.363
     0.699    -0.696    -0.163
     0.130    -0.969     0.210
     0.503    -0.688     0.524
     0.422    -0.870     0.257
     0.842    -0.533    -0.078
     0.641    -0.691     0.333
     0.152    -0.975     0.163
     0.697    -0.716     0.018
     0.402    -0.745    -0.533
     0.434    -0.732     0.525
     0.597    -0.794     0.111
     0.622    -0.779     0.082
     0.649    -0.760     0.028
     0.701    -0.624     0.345
     0.868    -0.465    -0.177
     0.511    -0.779     0.364
     0.699    -0.674     0.240
     0.714    -0.625     0.317
     0.451    -0.888     0.089
     0.531    -0.845    -0.056
     0.629    -0.777    -0.026
     0.526    -0.804    -0.279
     0.566    -0.820    -0.087
     0.367    -0.879    -0.305
     0.866    -0.446     0.225
     0.364    -0.908    -0.206
     0.679    -0.733     0.045
     0.453    -0.807     0.379
     0.658    -0.729     0.189
     0.489    -0.868     0.088
     0.703    -0.707    -0.078
     0.251    -0.892    -0.375
     0.719    -0.694     0.030
     0.642    -0.701     0.311
     0.617    -0.787     0.008
     0.267    -0.964    -0.015
     0.300    -0.948    -0.103
     0.646    -0.758     0.089
     0.553    -0.827    -0.098
     0.351    -0.887    -0.299
     0.261    -0.956     0.132
     0.574    -0.810    -0.123
     0.548    -0.836    -0.043
     0.506    -0.828     0.241
     0.518    -0.801     0.300
     0.460    -0.771    -0.441
     0.680    -0.731    -0.049
     0.621    -0.784     0.009
     0.727    -0.679    -0.097
     0.650    -0.746     0.145
     0.619    -0.746    -0.246
     0.213    -0.936    -0.280
     0.481    -0.873    -0.075
     0.166    -0.986    -0.023
     0.554    -0.828     0.090
     0.685    -0.727     0.053
     0.510    -0.741     0.437
     0.677    -0.696    -0.239
     0.419    -0.885    -0.204
     0.466    -0.864    -0.191
     0.271    -0.961     0.054
     0.573    -0.818    -0.052
     0.471    -0.882    -0.031
     0.684    -0.684     0.253
     0.446    -0.678    -0.585
     0.576    -0.800     0.169
     0.192    -0.917    -0.348
     0.441    -0.842    -0.311
     0.521    -0.837     0.166
     0.382    -0.923     0.046
     0.564    -0.823     0.064
     0.739    -0.387    -0.552
     0.606    -0.792     0.070
     0.646    -0.679     0.350
     0.237    -0.960    -0.153
     0.276    -0.950     0.149
     0.708    -0.699     0.097
     0.546    -0.821     0.169
     0.724    -0.616    -0.310
     0.617    -0.785    -0.052
     0.228    -0.912     0.343
     0.697    -0.714    -0.067
     0.409    -0.888    -0.211
     0.832    -0.547     0.095
     0.349    -0.916    -0.196
     0.768    -0.309     0.561
     0.514    -0.791    -0.332
     0.719    -0.688    -0.099
     0.256    -0.960     0.118
     0.403    -0.897     0.183
     0.483    -0.844    -0.233
     0.639    -0.711    -0.293
     0.614    -0.726    -0.310
     0.616    -0.756     0.221
     0.653    -0.664     0.365
     0.708    -0.702     0.073
     0.871    -0.442    -0.213
     0.468    -0.841     0.270
     0.177    -0.934     0.311
     0.513    -0.845     0.152
     0.326    -0.941    -0.091
     0.457    -0.889    -0.019
     0.601    -0.790     0.122
     0.566    -0.825    -0.007
     0.268    -0.870     0.413
     0.442    -0.887     0.129
     0.603    -0.771    -0.204
     0.390    -0.917    -0.085
     0.851    -0.525    -0.002
     0.786    -0.605     0.126
     0.382    -0.920    -0.090
     0.342    -0.936     0.081
     0.672    -0.536    -0.510
     0.710    -0.654    -0.261
     0.576    -0.802    -0.158
     0.699    -0.715    -0.009
     0.502    -0.856     0.124
     0.021    -0.977     0.211
     0.543    -0.838    -0.061
     0.557    -0.824    -0.105
     0.380    -0.912     0.154
     0.672    -0.734    -0.093
     0.656    -0.746     0.113
     0.530    -0.848     0.009
     0.713    -0.701     0.021
     0.848    -0.530     0.017
     0.082    -0.994     0.075
     0.573    -0.819    -0.040
     0.643    -0.764    -0.043
     0.450    -0.808     0.381
     0.272    -0.932    -0.238
     0.615    -0.779    -0.117
     0.279    -0.958    -0.064
     0.625    -0.773     0.110
     0.431    -0.898     0.092
     0.633    -0.726     0.269
     0.599    -0.738    -0.310
     0.523    -0.824    -0.216
     0.388    -0.881     0.272
     0.519    -0.846    -0.120
     0.508    -0.853    -0.116
     0.365    -0.874    -0.321
     0.673    -0.737    -0.061
     0.447    -0.706     0.550
     0.767    -0.640     0.046
     0.121    -0.883     0.453
     0.128    -0.990    -0.067
     0.475    -0.861     0.182
     0.504    -0.828     0.243
     0.585    -0.807     0.081
     0.801    -0.570     0.181
     0.558    -0.815     0.154
     0.681    -0.691     0.242
     0.288    -0.958    -0.013
     0.583    -0.812     0.029
     0.394    -0.918    -0.041
     0.466    -0.816    -0.342
     0.486    -0.860    -0.154
     0.147    -0.988    -0.039
     0.456    -0.845     0.279
     0.516    -0.659     0.547
     0.803    -0.569    -0.181
     0.279    -0.932    -0.231
     0.398    -0.915    -0.069
     0.306    -0.932     0.196
     0.396    -0.838     0.376
     0.540    -0.840    -0.046
     0.870    -0.368     0.329
     0.552    -0.776     0.304
     0.767    -0.560     0.313
     0.419    -0.905    -0.079
     0.548    -0.739    -0.393
     0.462    -0.882    -0.095
     0.535    -0.844    -0.033
     0.594    -0.781     0.193
     0.321    -0.943     0.083
     0.458    -0.888     0.051
     0.614    -0.788    -0.046
     0.395    -0.897     0.200
     0.526    -0.851    -0.016
     0.791    -0.604    -0.096
     0.736    -0.676    -0.042
     0.504    -0.770     0.391
     0.386    -0.902     0.192
     0.496    -0.867     0.045
     0.497    -0.868     0.017
     0.690    -0.709    -0.147
     0.650    -0.755     0.089
    -0.002    -0.999     0.046
     0.240    -0.965     0.103
     0.224    -0.944    -0.242
     0.631    -0.736    -0.245
     0.719    -0.692     0.066
     0.678    -0.676    -0.288
     0.622    -0.783     0.000
     0.817    -0.471    -0.333
     0.490    -0.821     0.294
     0.297    -0.934     0.197
     0.143    -0.835    -0.531
     0.462    -0.819    -0.340
     0.719    -0.695     0.000
     0.590    -0.792    -0.153
     0.551    -0.775     0.309
     0.624    -0.731     0.278
     0.181    -0.979     0.090
     0.725    -0.601     0.335
     0.473    -0.848     0.237
     0.671    -0.717    -0.189
     0.420    -0.906     0.052
     0.182    -0.979     0.093
     0.603    -0.798     0.010
     0.608    -0.789     0.094
     0.664    -0.747    -0.018
    -0.077    -0.995    -0.068
     0.842    -0.532     0.090
     0.394    -0.917     0.064
     0.569    -0.782     0.255
     0.455    -0.882    -0.121
     0.593    -0.805    -0.030
     0.727    -0.662    -0.182
     0.555    -0.823     0.122
     0.580    -0.776     0.247
     0.286    -0.509    -0.812
     0.347    -0.933    -0.092
     0.373    -0.928    -0.026
     0.368    -0.913     0.177
     0.721    -0.514     0.464
     0.528    -0.849     0.010
     0.542    -0.816    -0.201
     0.322    -0.947     0.008
     0.772    -0.622     0.134
     0.303    -0.948    -0.096
     0.662    -0.750    -0.018
     0.383    -0.922     0.063
     0.595    -0.755    -0.275
     0.637    -0.770     0.019
     0.661    -0.724     0.200
     0.513    -0.836     0.194
     0.763    -0.642     0.067
     0.632    -0.725    -0.275
     0.170    -0.921    -0.351
     0.611    -0.779    -0.142
     0.220    -0.969     0.109
     0.476    -0.876    -0.076
     0.583    -0.793     0.178
     0.540    -0.819    -0.191
     0.615    -0.779    -0.122
     0.519    -0.842     0.148
     0.423    -0.846     0.325
     0.192    -0.974     0.122
     0.606    -0.773    -0.187
     0.570    -0.821    -0.035
     0.311    -0.939     0.144
     0.368    -0.925    -0.092
     0.522    -0.851    -0.057
     0.540    -0.837    -0.085
     0.460    -0.881     0.111
     0.741    -0.587    -0.327
     0.474    -0.822    -0.315
     0.547    -0.603    -0.581
     0.304    -0.939     0.160
     0.840    -0.482    -0.251
     0.436    -0.894    -0.102
     0.614    -0.775    -0.150
     0.377    -0.899    -0.222
     0.550    -0.824    -0.136
     0.493    -0.870     0.012
     0.636    -0.659     0.400
     0.273    -0.962    -0.010
     0.715    -0.649     0.260
     0.657    -0.750    -0.075
     0.404    -0.868     0.287
     0.541    -0.824     0.167
     0.619    -0.772    -0.144
     0.298    -0.950     0.095
     0.242    -0.919    -0.311
     0.749    -0.652    -0.115
     0.785    -0.519    -0.340
     0.038    -0.997     0.065
     0.526    -0.758     0.386
     0.541    -0.818    -0.196
     0.379    -0.902     0.208
     0.422    -0.900     0.111
     0.875    -0.446    -0.185
     0.746    -0.657     0.106
     0.669    -0.729    -0.145
     0.444    -0.863    -0.242
     0.684    -0.730     0.012
     0.670    -0.707     0.226
     0.347    -0.907    -0.240
     0.522    -0.705     0.481
     0.568    -0.807     0.161
     0.378    -0.922    -0.084
     0.333    -0.941     0.053
     0.335    -0.940    -0.068
     0.804    -0.584    -0.110
     0.417    -0.908     0.044
     0.467    -0.874     0.135
     0.297    -0.939    -0.172
     0.398    -0.917    -0.002
     0.783    -0.575     0.237
     0.473    -0.877     0.087
     0.335    -0.896     0.293
     0.437    -0.899     0.035
     0.569    -0.823     0.005
     0.603    -0.776    -0.183
     0.623    -0.766     0.160
     0.682    -0.711     0.169
     0.695    -0.661    -0.282
     0.075    -0.992    -0.100
     0.612    -0.790     0.033
     0.504    -0.863     0.017
     0.526    -0.850     0.009
     0.723    -0.656     0.216
     0.625    -0.765    -0.157
     0.125    -0.985    -0.120
     0.544    -0.796    -0.267
     0.273    -0.960     0.059
     0.699    -0.711     0.068
     0.375    -0.896     0.238
     0.595    -0.771    -0.227
     0.685    -0.727    -0.043
     0.734    -0.674    -0.085
     0.344    -0.931     0.120
     0.282    -0.933     0.225
     0.739    -0.671    -0.053
     0.557    -0.825     0.094
     0.506    -0.861    -0.054
     0.806    -0.590     0.040
     0.316    -0.914    -0.253
     0.660    -0.702     0.267
     0.372    -0.927    -0.041
     0.665    -0.715    -0.214
     0.568    -0.789    -0.232
     0.454    -0.847    -0.276
     0.427    -0.890    -0.161
     0.900    -0.378     0.216
     0.550    -0.701     0.454
     0.325    -0.936     0.133
     0.144    -0.983    -0.116
     0.333    -0.902     0.274
     0.948    -0.315    -0.030
     0.336    -0.808    -0.484
     0.821    -0.557     0.126
     0.601    -0.709     0.370
     0.338    -0.866     0.368
     0.454    -0.888    -0.074
     0.768    -0.639     0.046
     0.509    -0.860    -0.025
     0.706    -0.664     0.247
     0.494    -0.863    -0.104
     0.289    -0.931    -0.223
     0.695    -0.658     0.290
     0.237    -0.971     0.022
     0.512    -0.690     0.511
     0.664    -0.725     0.183
     0.337    -0.822     0.460
     0.663    -0.737    -0.129
     0.307    -0.951    -0.035
     0.279    -0.958     0.062
     0.286    -0.913     0.292
     0.634    -0.716    -0.292
     0.324    -0.935     0.145
     0.572    -0.754     0.322
     0.361    -0.919     0.158
     0.594    -0.795     0.123
     0.648    -0.745    -0.161
     0.245    -0.957    -0.158
     0.378    -0.902     0.210
     0.446    -0.866     0.225
     0.746    -0.577    -0.332
     0.595    -0.804    -0.023
     0.472    -0.859     0.198
     0.760    -0.637    -0.131
     0.234    -0.972     0.022
     0.503    -0.858     0.107
     0.759    -0.645    -0.089
     0.378    -0.920    -0.106
     0.515    -0.851    -0.105
     0.643    -0.704     0.304
     0.664    -0.737    -0.126
     0.642    -0.766    -0.030
     0.675    -0.680    -0.285
    -0.025    -1.000     0.002
     0.430    -0.889     0.156
     0.240    -0.967    -0.086
     0.676    -0.736     0.014
     0.561    -0.826     0.054
     0.650    -0.759     0.046
     0.669    -0.731    -0.139
     0.503    -0.657     0.562
     0.626    -0.764     0.159
     0.673    -0.733     0.098
     0.418    -0.830     0.368
     0.427    -0.838     0.341
     0.506    -0.861    -0.042
     0.367    -0.930    -0.025
     0.324    -0.857    -0.400
     0.607    -0.793    -0.059
     0.443    -0.879     0.177
     0.529    -0.834    -0.155
     0.551    -0.774     0.311
     0.739    -0.632     0.234
     0.566    -0.819    -0.096
     0.577    -0.789     0.209
     0.197    -0.961     0.195
     0.487    -0.872    -0.050
     0.202    -0.892     0.403
     0.802    -0.581     0.134
     0.487    -0.758     0.434
     0.599    -0.796    -0.089
     0.472    -0.828     0.301
     0.522    -0.844     0.120
     0.286    -0.958    -0.011
     0.658    -0.744    -0.114
     0.655    -0.703     0.275
     0.128    -0.990     0.063
     0.591    -0.800     0.100
     0.072    -0.997     0.006
     0.283    -0.958     0.050
     0.243    -0.934     0.263
     0.696    -0.693    -0.189
     0.562    -0.786     0.257
     0.385    -0.922     0.040
     0.439    -0.892    -0.106
     0.291    -0.909     0.299
     0.514    -0.857     0.037
     0.227    -0.930    -0.290
     0.287    -0.887     0.362
     0.360    -0.931    -0.061
     0.516    -0.841    -0.159
     0.273    -0.926    -0.260
     0.612    -0.779    -0.137
     0.222    -0.970    -0.102
     0.426    -0.904     0.039
     0.580    -0.783    -0.224
     0.401    -0.874    -0.273
     0.253    -0.928    -0.273
     0.384    -0.891    -0.241
     0.685    -0.722    -0.100
     0.418    -0.907    -0.053
     0.401    -0.916    -0.020
     0.396    -0.891    -0.222
     0.422    -0.890     0.174
     0.725    -0.683     0.083
     0.759    -0.651    -0.004
     0.297    -0.918     0.261
     0.475    -0.766    -0.433
     0.625    -0.766     0.149
     0.484    -0.862     0.150
     0.814    -0.534     0.230
     0.569    -0.791     0.225
     0.208    -0.976    -0.060
     0.277    -0.943     0.186
     0.464    -0.871    -0.159
     0.537    -0.831     0.149
     0.445    -0.884     0.144
     0.789    -0.610    -0.073
     0.431    -0.876    -0.217
     0.547    -0.827    -0.128
     0.809    -0.586    -0.052
     0.488    -0.792     0.367
     0.605    -0.789     0.106
     0.436    -0.864     0.251
     0.657    -0.751     0.063
     0.213    -0.932    -0.294
     0.348    -0.936     0.044
     0.338    -0.910    -0.241
     0.333    -0.932     0.142
     0.714    -0.698    -0.056
     0.652    -0.738     0.172
     0.650    -0.749     0.128
     0.529    -0.848    -0.032
     0.527    -0.813     0.246
     0.591    -0.802     0.086
     0.672    -0.722    -0.165
     0.339    -0.940    -0.024
     0.580    -0.787     0.212
     0.752    -0.604    -0.265
     0.165    -0.814    -0.557
     0.688    -0.702    -0.182
     0.582    -0.803    -0.124
     0.606    -0.792    -0.074
     0.575    -0.816     0.054
     0.520    -0.839     0.163
     0.647    -0.738     0.191
     0.623    -0.782     0.021
     0.424    -0.900    -0.102
     0.787    -0.598     0.152
     0.705    -0.681    -0.197
     0.416    -0.901    -0.122
     0.790    -0.604     0.111
     0.418    -0.897    -0.145
     0.395    -0.917    -0.049
    -0.042    -0.999     0.004
     0.562    -0.807     0.181
     0.517    -0.847     0.122
     0.311    -0.950     0.033
     0.537    -0.815     0.215
     0.613    -0.656     0.440
     0.529    -0.849     0.018
     0.459    -0.884    -0.090
     0.502    -0.861     0.087
     0.648    -0.758    -0.073
     0.595    -0.801    -0.067
     0.366    -0.877     0.311
     0.529    -0.848     0.035
     0.455    -0.887     0.082
     0.357    -0.908     0.219
     0.555    -0.783     0.282
     0.751    -0.651    -0.106
     0.604    -0.797     0.012
     0.564    -0.804     0.187
     0.559    -0.828     0.038
     0.567    -0.822    -0.049
     0.491    -0.862    -0.124
     0.422    -0.898     0.120
     0.428    -0.901     0.065
     0.320    -0.887     0.333
     0.595    -0.799    -0.090
     0.649    -0.754    -0.100
     0.369    -0.927     0.069
     0.476    -0.859     0.189
     0.721    -0.669    -0.181
     0.167    -0.978    -0.128
     0.481    -0.848     0.223
     0.529    -0.848     0.037
     0.405    -0.913     0.053
    -0.112    -0.991    -0.073
     0.362    -0.810    -0.461
     0.462    -0.884    -0.076
     0.479    -0.873     0.088
     0.307    -0.951     0.030
     0.220    -0.974     0.057
     0.725    -0.663    -0.186
     0.559    -0.820    -0.119
     0.493    -0.795     0.354
     0.520    -0.840    -0.157
     0.697    -0.582    -0.419
     0.843    -0.534    -0.061
     0.446    -0.895     0.012
     0.442    -0.890    -0.113
     0.425    -0.841     0.336
     0.697    -0.711     0.096
     0.261    -0.950     0.173
     0.765    -0.625    -0.154
     0.701    -0.707    -0.099
     0.583    -0.802    -0.128
     0.573    -0.817    -0.070
     0.656    -0.755     0.005
     0.277    -0.919     0.281
     0.472    -0.806     0.357
     0.534    -0.733    -0.422
     0.716    -0.692    -0.093
     0.185    -0.936     0.299
     0.527    -0.802    -0.281
     0.730    -0.669    -0.140
     0.452    -0.890     0.049
     0.531    -0.824     0.195
     0.474    -0.543    -0.693
     0.832    -0.550     0.065
     0.173    -0.980     0.103
     0.487    -0.832    -0.264
     0.633    -0.767     0.109
     0.273    -0.842     0.465
     0.705    -0.706     0.063
     0.265    -0.926    -0.269
     0.641    -0.763     0.076
     0.614    -0.788     0.048
     0.534    -0.810    -0.244
     0.502    -0.864    -0.049
     0.857    -0.404     0.318
     0.265    -0.873    -0.409
    -0.020    -0.994    -0.110
     0.562    -0.780    -0.274
     0.475    -0.868     0.141
     0.516    -0.793    -0.325
     0.213    -0.977     0.022
     0.549    -0.836    -0.023
     0.589    -0.685    -0.429
     0.357    -0.931     0.079
     0.269    -0.952    -0.144
     0.668    -0.731    -0.141
     0.541    -0.726     0.425
     0.318    -0.933     0.169
     0.661    -0.720     0.212
     0.516    -0.820     0.247
     0.412    -0.902     0.125
     0.270    -0.963     0.008
     0.302    -0.945    -0.125
     0.659    -0.752    -0.004
     0.640    -0.729    -0.241
     0.209    -0.967     0.148
     0.643    -0.766    -0.010
     0.471    -0.871    -0.138
     0.690    -0.666     0.283
     0.418    -0.890     0.183
     0.804    -0.588    -0.091
     0.633    -0.763     0.132
     0.672    -0.737    -0.075
     0.855    -0.436    -0.280
     0.412    -0.887     0.210
     0.688    -0.724     0.057
     0.661    -0.685    -0.306
     0.070    -0.947     0.314
     0.464    -0.886    -0.028
     0.615    -0.786     0.057
     0.593    -0.803    -0.056
    -0.132    -0.989     0.064
     0.242    -0.970    -0.011
     0.413    -0.897     0.159
     0.824    -0.550     0.136
     0.725    -0.632     0.274
     0.455    -0.860    -0.232
     0.660    -0.749    -0.056
     0.115    -0.992    -0.042
     0.261    -0.956     0.132
     0.538    -0.789    -0.298
     0.512    -0.857     0.055
     0.509    -0.736    -0.446
     0.535    -0.769    -0.349
     0.617    -0.784    -0.075
     0.236    -0.971     0.032
     0.749    -0.628     0.210
     0.371    -0.903     0.217
     0.782    -0.562    -0.270
     0.812    -0.583     0.028
     0.593    -0.757     0.275
     0.466    -0.865    -0.187
     0.692    -0.688     0.217
     0.430    -0.787     0.442
     0.530    -0.728     0.434
     0.489    -0.778     0.395
     0.719    -0.689    -0.093
     0.248    -0.885     0.394
     0.768    -0.599     0.226
     0.558    -0.805    -0.201
     0.448    -0.861    -0.240
     0.395    -0.918     0.023
     0.792    -0.611     0.003
     0.665    -0.697     0.266
     0.391    -0.878     0.277
     0.377    -0.922    -0.087
     0.914    -0.383     0.132
     0.593    -0.791     0.149
     0.433    -0.888    -0.157
     0.472    -0.882    -0.009
     0.718    -0.676    -0.165
     0.311    -0.921    -0.236
     0.677    -0.687     0.263
     0.475    -0.836     0.274
     0.608    -0.783    -0.133
     0.716    -0.697    -0.044
     0.853    -0.453     0.261
     0.585    -0.809     0.047
     0.706    -0.703     0.087
     0.495    -0.855    -0.157
     0.594    -0.799     0.097
     0.459    -0.882    -0.110
     0.452    -0.872     0.189
     0.752    -0.639     0.162
     0.740    -0.672     0.031
     0.204    -0.938    -0.282
     0.631    -0.729     0.267
     0.386    -0.922     0.019
     0.649    -0.760    -0.012
     0.417    -0.839     0.348
     0.261    -0.954    -0.148
     0.639    -0.761     0.111
     0.148    -0.982     0.117
     0.366    -0.930     0.037
     0.678    -0.489     0.550
     0.427    -0.894    -0.135
     0.541    -0.826     0.157
     0.549    -0.820     0.160
     0.750    -0.548    -0.369
     0.501    -0.851     0.156
     0.392    -0.884    -0.257
     0.271    -0.961    -0.058
     0.725    -0.665    -0.179
     0.691    -0.712    -0.129
     0.266    -0.960    -0.090
     0.382    -0.920     0.088
     0.573    -0.792     0.214
     0.005    -0.992    -0.127
     0.147    -0.986     0.084
     0.709    -0.698    -0.101
     0.836    -0.541    -0.092
     0.323    -0.831    -0.453
     0.407    -0.907    -0.109
     0.270    -0.963     0.006
     0.574    -0.819     0.004
     0.730    -0.646     0.223
     0.147    -0.975     0.164
     0.523    -0.734     0.433
     0.433    -0.898     0.071
     0.696    -0.717    -0.039
     0.711    -0.688     0.142
     0.591    -0.804    -0.066
     0.476    -0.870    -0.126
     0.508    -0.857    -0.082
     0.603    -0.774     0.193
     0.125    -0.987    -0.101
     0.690    -0.721    -0.060
     0.655    -0.750     0.097
     0.816    -0.504    -0.283
     0.561    -0.693    -0.453
     0.692    -0.684     0.229
     0.491    -0.814     0.311
     0.375    -0.783     0.497
     0.524    -0.852    -0.009
     0.261    -0.924     0.279
     0.131    -0.975     0.181
     0.539    -0.841    -0.051
     0.407    -0.913     0.017
     0.472    -0.881     0.034
     0.438    -0.883     0.168
     0.153    -0.972    -0.177
     0.258    -0.966    -0.015
     0.778    -0.454    -0.434
     0.646    -0.645    -0.408
     0.772    -0.621    -0.136
     0.175    -0.939     0.296
     0.526    -0.813     0.250
     0.240    -0.920     0.311
     0.825    -0.459    -0.329
     0.728    -0.686    -0.008
     0.423    -0.899     0.108
     0.461    -0.887     0.022
     0.357    -0.933     0.043
     0.386    -0.893     0.229
     0.728    -0.676    -0.118
     0.366    -0.851     0.376
     0.528    -0.849     0.031
     0.527    -0.790    -0.314
     0.600    -0.780     0.177
     0.392    -0.798    -0.458
     0.695    -0.715    -0.074
     0.678    -0.727    -0.107
     0.364    -0.931    -0.005
     0.403    -0.914     0.052
     0.608    -0.792     0.047
     0.477    -0.878     0.041
     0.494    -0.869    -0.033
     0.355    -0.906     0.232
     0.412    -0.896    -0.167
     0.555    -0.748    -0.365
     0.705    -0.579     0.409
     0.603    -0.774    -0.193
     0.516    -0.856    -0.028
     0.108    -0.966     0.235
     0.738    -0.655    -0.160
     0.460    -0.870    -0.180
     0.776    -0.630     0.014
     0.545    -0.710    -0.445
     0.073    -0.903    -0.424
     0.465    -0.874    -0.141
     0.186    -0.967     0.175
     0.667    -0.734    -0.124
     0.563    -0.797    -0.221
     0.642    -0.762    -0.085
     0.519    -0.852    -0.069
     0.500    -0.773    -0.390
     0.250    -0.968    -0.021
     0.811    -0.513     0.282
     0.658    -0.746    -0.101
     0.491    -0.644    -0.586
     0.270    -0.943     0.196
     0.489    -0.871     0.049
     0.561    -0.824    -0.079
     0.452    -0.878    -0.157
     0.568    -0.819     0.086
     0.604    -0.793    -0.080
     0.565    -0.688     0.456
     0.250    -0.945     0.211
     0.539    -0.805    -0.247
     0.586    -0.798     0.141
     0.532    -0.846    -0.033
     0.712    -0.680     0.171
     0.529    -0.829     0.179
     0.591    -0.785     0.186
     0.359    -0.931     0.071
     0.456    -0.853    -0.254
     0.651    -0.708     0.273
     0.705    -0.708     0.038
     0.735    -0.672     0.092
     0.698    -0.641     0.319
     0.568    -0.808    -0.160
     0.326    -0.940    -0.097
     0.304    -0.953    -0.020
     0.515    -0.818    -0.254
     0.656    -0.753     0.043
     0.272    -0.962    -0.012
     0.261    -0.946    -0.195
     0.519    -0.733    -0.440
     0.252    -0.965    -0.076
     0.510    -0.818    -0.265
     0.390    -0.900    -0.196
     0.491    -0.871    -0.031
     0.388    -0.866     0.317
     0.117    -0.992    -0.041
     0.623    -0.780     0.063
     0.313    -0.875     0.369
     0.277    -0.948     0.159
     0.328    -0.927    -0.182
     0.355    -0.915    -0.192
     0.632    -0.775    -0.005
     0.827    -0.553     0.101
     0.547    -0.836     0.041
     0.695    -0.632    -0.342
     0.540    -0.791     0.289
     0.478    -0.876    -0.069
     0.658    -0.721     0.218
     0.583    -0.799     0.149
     0.678    -0.678    -0.283
     0.545    -0.838     0.023
     0.457    -0.887    -0.064
     0.556    -0.813    -0.171
     0.603    -0.758    -0.246
     0.401    -0.911    -0.096
     0.592    -0.805    -0.042
     0.385    -0.922    -0.029
     0.349    -0.909    -0.228
     0.785    -0.530     0.321
     0.774    -0.628    -0.076
     0.286    -0.958    -0.011
     0.656    -0.745     0.123
     0.673    -0.734    -0.089
     0.575    -0.799     0.174
     0.512    -0.833    -0.210
     0.405    -0.889     0.213
     0.646    -0.712     0.274
     0.611    -0.755    -0.238
     0.380    -0.899    -0.217
     0.769    -0.581    -0.266
     0.575    -0.805    -0.145
     0.535    -0.767     0.355
     0.441    -0.893     0.087
     0.378    -0.892    -0.249
    -0.070    -0.972     0.226
     0.550    -0.706     0.446
     0.301    -0.950    -0.087
     0.608    -0.789    -0.094
     0.520    -0.852     0.059
     0.432    -0.873     0.226
     0.643    -0.744    -0.181
     0.315    -0.886    -0.340
     0.368    -0.909     0.193
     0.525    -0.850    -0.028
     0.652    -0.736    -0.181
     0.862    -0.498     0.091
     0.732    -0.610     0.305
     0.530    -0.834    -0.151
     0.796    -0.479    -0.370
     0.555    -0.828    -0.079
     0.556    -0.823    -0.121
     0.729    -0.682     0.063
     0.628    -0.775     0.073
     0.282    -0.953    -0.108
     0.506    -0.858    -0.091
     0.615    -0.735     0.285
     0.310    -0.809     0.499
     0.401    -0.864     0.304
     0.789    -0.580     0.201
     0.315    -0.945     0.086
     0.363    -0.903     0.231
     0.514    -0.856     0.049
     0.503    -0.864     0.016
     0.540    -0.815    -0.210
     0.526    -0.840     0.129
     0.050    -0.982     0.184
     0.439    -0.867     0.236
     0.562    -0.826     0.048
     0.598    -0.797     0.085
     0.171    -0.984    -0.052
     0.361    -0.886     0.293
     0.725    -0.629     0.279
     0.361    -0.836     0.413
     0.595    -0.802     0.046
     0.559    -0.821     0.118
     0.882    -0.396     0.254
     0.469    -0.734    -0.492
     0.557    -0.827    -0.077
     0.518    -0.836     0.183
     0.188    -0.896     0.402
     0.761    -0.479    -0.437
     0.398    -0.859     0.323
     0.686    -0.726     0.052
     0.508    -0.858     0.081
     0.659    -0.743    -0.115
     0.466    -0.832    -0.302
     0.479    -0.860     0.178
     0.314    -0.927    -0.205
     0.852    -0.513     0.106
     0.473    -0.793    -0.383
     0.669    -0.743    -0.032
     0.237    -0.967    -0.088
     0.814    -0.578    -0.055
     0.498    -0.860    -0.109
     0.446    -0.885    -0.131
     0.321    -0.947     0.010
     0.051    -0.925    -0.378
     0.242    -0.962     0.125
     0.843    -0.537     0.027
     0.216    -0.972    -0.093
     0.354    -0.903     0.243
     0.626    -0.774    -0.098
     0.725    -0.623    -0.294
     0.551    -0.834     0.015
     0.741    -0.663    -0.106
     0.732    -0.644    -0.220
     0.410    -0.866     0.286
     0.494    -0.866     0.077
     0.404    -0.915    -0.017
     0.494    -0.833     0.250
     0.628    -0.766    -0.137
     0.218    -0.969     0.114
     0.512    -0.857     0.060
     0.679    -0.704    -0.211
     0.438    -0.895     0.082
     0.613    -0.790     0.005
     0.229    -0.961     0.155
     0.621    -0.728     0.291
     0.625    -0.774     0.107
     0.678    -0.734    -0.043
     0.463    -0.859    -0.219
     0.407    -0.868    -0.284
     0.728    -0.684     0.053
     0.713    -0.695     0.095
     0.691    -0.587    -0.422
     0.416    -0.909     0.019
     0.683    -0.661    -0.310
     0.718    -0.684    -0.130
     0.391    -0.916    -0.094
     0.465    -0.811     0.356
     0.721    -0.688    -0.080
     0.392    -0.920    -0.010
     0.600    -0.797    -0.070
     0.200    -0.962     0.185
     0.384    -0.902    -0.199
     0.550    -0.829    -0.098
     0.636    -0.772    -0.012
     0.571    -0.819     0.053
     0.510    -0.816     0.272
     0.472    -0.859     0.197
     0.522    -0.820     0.237
     0.226    -0.972    -0.068
     0.334    -0.942     0.026
     0.592    -0.806     0.024
     0.713    -0.701    -0.013
     0.596    -0.795    -0.115
     0.434    -0.855     0.283
     0.630    -0.775     0.049
     0.587    -0.791    -0.170
     0.571    -0.821    -0.015
     0.491    -0.871    -0.027
     0.178    -0.976    -0.129
     0.802    -0.527    -0.281
     0.352    -0.855     0.380
     0.388    -0.915    -0.108
     0.856    -0.517    -0.000
     0.647    -0.709     0.281
     0.296    -0.809    -0.508
     0.460    -0.790    -0.406
     0.180    -0.982     0.048
     0.532    -0.764    -0.364
     0.439    -0.893     0.099
     0.343    -0.933     0.111
     0.599    -0.800     0.009
     0.457    -0.879    -0.135
     0.275    -0.955     0.111
     0.463    -0.873     0.152
     0.337    -0.933    -0.126
     0.394    -0.915     0.087
     0.677    -0.699     0.229
     0.487    -0.835     0.256
     0.403    -0.904    -0.142
     0.476    -0.878     0.055
     0.592    -0.799    -0.104
     0.577    -0.796    -0.183
     0.445    -0.892    -0.080
     0.132    -0.938     0.322
     0.358    -0.916     0.183
     0.588    -0.741     0.324
     0.570    -0.816    -0.092
     0.768    -0.638     0.057
     0.634    -0.768    -0.095
     0.636    -0.771     0.022
