     0.536    -0.644     0.545
     0.327    -0.786     0.524
     0.329    -0.799     0.503
     0.622    -0.775     0.116
     0.307    -0.850     0.429
     0.310    -0.514     0.800
     0.383    -0.867     0.318
     0.314    -0.818     0.481
     0.457    -0.494     0.740
     0.456    -0.852     0.258
     0.296    -0.789     0.538
     0.316    -0.946    -0.070
    -0.145    -0.902     0.407
     0.621    -0.600     0.505
     0.504    -0.817     0.279
     0.483    -0.837     0.259
     0.364    -0.707     0.607
     0.532    -0.715     0.454
    -0.094    -0.985     0.146
     0.321    -0.934     0.156
     0.386    -0.701     0.600
     0.468    -0.662     0.586
     0.596    -0.680     0.427
     0.381    -0.824     0.420
     0.223    -0.887     0.405
     0.458    -0.695     0.554
     0.142    -0.788     0.600
     0.577    -0.646     0.500
     0.174    -0.778     0.604
     0.459    -0.860     0.222
     0.482    -0.731     0.483
     0.717    -0.653     0.246
     0.270    -0.882     0.387
     0.227    -0.940     0.253
     0.324    -0.923     0.209
     0.449    -0.850     0.275
     0.624    -0.713     0.320
     0.189    -0.941     0.280
     0.389    -0.700     0.599
     0.646    -0.707     0.288
     0.149    -0.977     0.150
     0.357    -0.736     0.575
     0.370    -0.915     0.161
     0.279    -0.895     0.348
     0.393    -0.715     0.578
     0.478    -0.775     0.414
     0.399    -0.876     0.272
     0.173    -0.833     0.525
     0.394    -0.884     0.252
     0.548    -0.681     0.485
     0.454    -0.789     0.414
     0.588    -0.656     0.473
     0.226    -0.941     0.251
     0.400    -0.917    -0.004
     0.407    -0.648     0.644
     0.280    -0.653     0.704
     0.110    -0.947     0.301
     0.368    -0.843     0.392
     0.262    -0.902     0.342
     0.524    -0.705     0.478
     0.392    -0.637     0.663
     0.491    -0.842     0.224
     0.533    -0.825     0.186
     0.530    -0.773     0.349
     0.757    -0.597     0.266
     0.406    -0.897     0.176
     0.301    -0.933     0.196
     0.427    -0.900     0.092
     0.408    -0.753     0.516
     0.392    -0.835     0.385
     0.473    -0.805     0.359
     0.565    -0.758     0.327
     0.359    -0.830     0.426
     0.350    -0.848     0.397
     0.209    -0.772     0.601
    -0.049    -0.823     0.566
    -0.124    -0.841     0.527
     0.364    -0.762     0.535
     0.389    -0.760     0.521
     0.271    -0.917     0.293
     0.544    -0.757     0.363
     0.485    -0.802     0.349
     0.687    -0.709     0.160
     0.236    -0.968     0.081
     0.562    -0.766     0.312
     0.384    -0.830     0.406
     0.187    -0.780     0.597
     0.488    -0.722     0.491
     0.040    -0.836     0.548
     0.095    -0.708     0.700
     0.660    -0.715     0.230
     0.653    -0.625     0.428
     0.392    -0.873     0.291
     0.263    -0.836     0.482
     0.389    -0.690     0.610
     0.556    -0.799     0.227
     0.499    -0.724     0.477
     0.136    -0.959     0.250
     0.341    -0.720     0.605
     0.477    -0.837     0.267
     0.214    -0.889     0.405
     0.474    -0.858     0.199
     0.641    -0.674     0.367
     0.308    -0.714     0.629
     0.363    -0.800     0.478
     0.703    -0.702     0.116
     0.499    -0.724     0.476
