     0.559    -0.316    -0.767
     0.531    -0.050    -0.846
     0.720    -0.057    -0.692
     0.492    -0.213    -0.844
     0.871    -0.155    -0.466
     0.804    -0.067    -0.591
     0.704    -0.142    -0.696
     0.576    -0.190    -0.795
     0.510    -0.164    -0.845
     0.409    -0.255    -0.876
     0.404     0.203    -0.892
     0.709    -0.366    -0.603
     0.466    -0.139    -0.874
     0.370    -0.307    -0.877
     0.482    -0.008    -0.876
     0.594     0.241    -0.767
     0.527    -0.023    -0.850
     0.791    -0.228    -0.568
     0.413    -0.063    -0.909
     0.692    -0.317    -0.648
     0.518    -0.323    -0.792
     0.702     0.302    -0.645
     0.334    -0.072    -0.940
     0.343     0.263    -0.902
     0.677    -0.117    -0.727
    -0.031     0.247    -0.968
     0.623     0.088    -0.777
     0.690     0.033    -0.723
     0.279    -0.135    -0.951
     0.341    -0.335    -0.878
     0.913     0.081    -0.399
     0.301    -0.414    -0.859
     0.750     0.022    -0.661
     0.383    -0.013    -0.924
     0.474    -0.346    -0.810
     0.462    -0.189    -0.867
     0.558    -0.310    -0.770
     0.323    -0.313    -0.893
     0.631     0.047    -0.775
     0.608    -0.111    -0.786
     0.482    -0.084    -0.872
     0.715    -0.006    -0.699
     0.790     0.105    -0.604
     0.725    -0.063    -0.686
     0.355    -0.214    -0.910
     0.773     0.102    -0.627
     0.786     0.051    -0.616
     0.356    -0.348    -0.867
     0.675    -0.200    -0.710
     0.580    -0.012    -0.815
     0.773    -0.207    -0.599
     0.183    -0.110    -0.977
     0.646     0.203    -0.736
     0.517    -0.067    -0.853
     0.455    -0.269    -0.849
     0.649     0.068    -0.758
     0.671    -0.023    -0.741
     0.494     0.017    -0.869
     0.705    -0.007    -0.709
     0.440     0.004    -0.898
     0.410    -0.348    -0.843
     0.692    -0.313    -0.651
     0.709    -0.376    -0.596
     0.399    -0.071    -0.914
     0.785     0.126    -0.606
     0.725    -0.388    -0.569
     0.614    -0.016    -0.789
     0.572     0.095    -0.815
     0.773    -0.051    -0.633
     0.315    -0.005    -0.949
     0.353    -0.263    -0.898
     0.461     0.158    -0.873
     0.305    -0.141    -0.942
     0.300    -0.123    -0.946
     0.508    -0.386    -0.770
     0.744    -0.501    -0.441
     0.753    -0.064    -0.655
     0.416    -0.378    -0.827
     0.505    -0.536    -0.676
     0.653     0.009    -0.757
     0.211    -0.076    -0.975
     0.541    -0.095    -0.835
     0.825    -0.186    -0.534
     0.541    -0.454    -0.708
     0.647    -0.086    -0.758
     0.626     0.045    -0.779
     0.369     0.033    -0.929
     0.766    -0.226    -0.601
     0.748    -0.543    -0.383
     0.719     0.068    -0.692
     0.773    -0.214    -0.598
     0.562    -0.104    -0.821
     0.605    -0.082    -0.792
     0.514    -0.032    -0.857
     0.635    -0.154    -0.757
     0.384     0.009    -0.923
     0.671     0.080    -0.737
     0.281    -0.490    -0.825
     0.614     0.022    -0.789
     0.523    -0.308    -0.794
     0.673     0.057    -0.738
     0.115    -0.119    -0.986
     0.799    -0.002    -0.602
     0.736     0.044    -0.676
     0.188     0.103    -0.977
     0.726    -0.055    -0.686
     0.635    -0.295    -0.714
     0.739    -0.264    -0.620
     0.599    -0.009    -0.801
     0.492    -0.244    -0.836
     0.507    -0.068    -0.859
     0.679    -0.070    -0.731
     0.347    -0.198    -0.917
     0.448     0.179    -0.876
     0.409    -0.435    -0.802
     0.562    -0.175    -0.808
     0.220    -0.173    -0.960
     0.709    -0.090    -0.700
     0.709     0.139    -0.691
     0.693    -0.057    -0.718
     0.785    -0.202    -0.586
     0.509    -0.127    -0.852
     0.636     0.244    -0.732
     0.471     0.051    -0.881
     0.548     0.134    -0.825
     0.628    -0.039    -0.778
     0.396    -0.389    -0.832
     0.718    -0.159    -0.678
     0.476    -0.129    -0.870
     0.462    -0.180    -0.869
     0.685    -0.199    -0.701
     0.499    -0.214    -0.840
     0.758    -0.157    -0.633
     0.354    -0.232    -0.906
     0.559     0.001    -0.829
     0.535     0.188    -0.823
     0.552     0.056    -0.832
     0.276    -0.300    -0.913
     0.647    -0.343    -0.681
     0.586    -0.121    -0.801
     0.513    -0.139    -0.847
     0.317     0.086    -0.944
     0.496    -0.195    -0.846
     0.752    -0.126    -0.647
     0.629     0.015    -0.777
     0.744    -0.259    -0.616
     0.555    -0.011    -0.832
     0.764     0.039    -0.644
     0.559    -0.286    -0.778
     0.822    -0.103    -0.560
     0.647    -0.173    -0.742
     0.702    -0.212    -0.680
     0.540    -0.231    -0.810
     0.562     0.135    -0.816
     0.782    -0.080    -0.619
     0.758     0.272    -0.592
     0.626     0.167    -0.762
     0.485     0.135    -0.864
     0.234    -0.106    -0.966
     0.444    -0.136    -0.886
     0.333     0.032    -0.942
     0.460     0.038    -0.887
     0.269    -0.130    -0.954
     0.464    -0.303    -0.833
     0.559    -0.262    -0.787
     0.717    -0.334    -0.612
     0.359    -0.114    -0.926
     0.452     0.212    -0.866
     0.630    -0.238    -0.739
     0.618     0.186    -0.764
     0.859     0.035    -0.511
     0.748    -0.168    -0.642
     0.454    -0.141    -0.880
     0.527    -0.266    -0.807
     0.640    -0.033    -0.768
     0.553     0.033    -0.833
     0.662     0.173    -0.729
     0.816    -0.199    -0.542
     0.572    -0.431    -0.698
     0.351    -0.140    -0.926
     0.659    -0.318    -0.682
     0.465    -0.252    -0.849
     0.539    -0.289    -0.791
     0.938     0.245    -0.244
     0.733     0.084    -0.675
     0.707    -0.215    -0.673
     0.590     0.038    -0.806
     0.877    -0.001    -0.480
     0.441    -0.461    -0.770
     0.355     0.078    -0.932
     0.203    -0.087    -0.975
     0.838    -0.018    -0.546
     0.832    -0.074    -0.550
     0.645    -0.110    -0.756
     0.737     0.210    -0.642
     0.657    -0.328    -0.679
     0.569    -0.092    -0.817
     0.713    -0.259    -0.651
     0.703    -0.132    -0.699
     0.607    -0.088    -0.790
     0.643    -0.198    -0.740
     0.653    -0.205    -0.729
     0.510    -0.141    -0.849
     0.184    -0.060    -0.981
     0.667     0.044    -0.744
     0.362    -0.519    -0.775
     0.674     0.195    -0.712
     0.808    -0.229    -0.542
     0.586     0.046    -0.809
     0.136    -0.250    -0.959
     0.770    -0.113    -0.628
     0.755    -0.117    -0.645
     0.461     0.050    -0.886
     0.732     0.285    -0.618
     0.474     0.018    -0.880
     0.765    -0.080    -0.639
     0.703    -0.001    -0.711
     0.829    -0.309    -0.466
     0.486     0.177    -0.856
     0.421    -0.072    -0.904
     0.708    -0.283    -0.647
     0.578    -0.239    -0.780
     0.531    -0.076    -0.844
     0.693    -0.361    -0.624
     0.740     0.181    -0.648
     0.561    -0.315    -0.765
     0.557     0.009    -0.831
     0.733     0.184    -0.655
     0.730     0.181    -0.659
     0.481    -0.246    -0.841
     0.527     0.151    -0.837
     0.438     0.135    -0.889
     0.749     0.007    -0.663
     0.499    -0.239    -0.833
     0.608     0.114    -0.785
     0.510    -0.079    -0.857
     0.648    -0.201    -0.735
     0.587    -0.252    -0.770
     0.469    -0.027    -0.883
     0.384    -0.255    -0.887
     0.363    -0.183    -0.913
     0.561     0.080    -0.824
     0.264    -0.390    -0.882
     0.701     0.094    -0.707
     0.408     0.194    -0.892
     0.787    -0.318    -0.529
     0.821    -0.085    -0.565
     0.500    -0.232    -0.834
     0.675    -0.042    -0.737
     0.729    -0.038    -0.683
     0.743    -0.150    -0.652
     0.790    -0.059    -0.611
     0.508     0.273    -0.817
     0.404    -0.415    -0.815
     0.800    -0.246    -0.547
     0.681    -0.228    -0.696
     0.707     0.097    -0.701
     0.690    -0.171    -0.703
     0.695     0.236    -0.680
     0.667    -0.037    -0.744
     0.397    -0.000    -0.918
     0.603    -0.175    -0.778
     0.674    -0.297    -0.677
     0.737     0.024    -0.676
     0.562     0.455    -0.691
     0.656    -0.214    -0.724
     0.604     0.046    -0.796
     0.222    -0.298    -0.928
     0.646     0.155    -0.747
     0.650    -0.249    -0.718
     0.694    -0.046    -0.718
     0.697     0.196    -0.689
     0.486    -0.037    -0.873
     0.517    -0.152    -0.842
     0.553    -0.392    -0.735
     0.512    -0.414    -0.752
     0.596     0.037    -0.802
     0.670     0.125    -0.731
     0.517    -0.070    -0.853
     0.477    -0.219    -0.851
     0.830    -0.057    -0.555
     0.409    -0.048    -0.911
     0.702    -0.205    -0.682
     0.556    -0.050    -0.829
     0.651    -0.199    -0.733
     0.643    -0.242    -0.726
     0.118    -0.024    -0.993
     0.591    -0.168    -0.789
     0.325    -0.517    -0.792
     0.721    -0.003    -0.693
     0.416    -0.164    -0.894
     0.734     0.241    -0.635
     0.752    -0.376    -0.542
     0.434    -0.082    -0.897
     0.637     0.082    -0.767
     0.522    -0.157    -0.838
     0.699     0.006    -0.715
     0.665    -0.064    -0.744
     0.565    -0.163    -0.809
     0.515    -0.327    -0.792
     0.608     0.146    -0.781
     0.788    -0.115    -0.605
     0.803     0.090    -0.588
     0.672     0.217    -0.708
     0.299    -0.261    -0.918
     0.585    -0.284    -0.759
     0.553    -0.212    -0.806
     0.131    -0.081    -0.988
     0.685    -0.323    -0.652
     0.574    -0.089    -0.814
     0.550    -0.176    -0.817
     0.637    -0.159    -0.754
     0.352    -0.349    -0.869
     0.287     0.385    -0.877
     0.731    -0.132    -0.670
     0.572    -0.033    -0.819
     0.689     0.010    -0.724
     0.440    -0.114    -0.891
     0.494    -0.206    -0.845
     0.318    -0.219    -0.922
     0.491    -0.165    -0.856
     0.688    -0.238    -0.685
     0.624    -0.263    -0.736
     0.494     0.050    -0.868
     0.770    -0.256    -0.584
     0.557     0.280    -0.781
     0.434     0.073    -0.898
     0.663    -0.192    -0.724
     0.565    -0.156    -0.810
     0.662    -0.228    -0.714
     0.661    -0.361    -0.658
     0.514    -0.015    -0.858
     0.921     0.223    -0.319
     0.486    -0.562    -0.670
     0.704     0.190    -0.685
     0.461    -0.042    -0.886
     0.707     0.215    -0.674
     0.451    -0.174    -0.875
     0.607    -0.067    -0.792
     0.727     0.368    -0.580
     0.578     0.025    -0.816
     0.571     0.122    -0.812
     0.756     0.137    -0.640
     0.604     0.026    -0.797
     0.814    -0.252    -0.524
     0.684    -0.143    -0.715
     0.727    -0.368    -0.580
     0.589     0.091    -0.803
     0.627    -0.609    -0.486
     0.623    -0.042    -0.781
     0.630    -0.140    -0.764
     0.522     0.188    -0.832
     0.530    -0.121    -0.840
     0.255    -0.334    -0.907
     0.407     0.194    -0.892
     0.274    -0.110    -0.955
     0.604    -0.397    -0.691
     0.776    -0.328    -0.539
     0.138    -0.090    -0.986
     0.607     0.026    -0.794
     0.654    -0.305    -0.692
     0.585    -0.252    -0.771
     0.788     0.089    -0.609
     0.628    -0.042    -0.777
     0.188    -0.345    -0.920
     0.430    -0.053    -0.901
     0.428    -0.246    -0.870
     0.819     0.086    -0.567
     0.646     0.010    -0.763
     0.326    -0.052    -0.944
     0.793    -0.066    -0.606
     0.602    -0.150    -0.785
     0.435     0.235    -0.869
     0.546     0.193    -0.815
     0.377     0.214    -0.901
     0.662    -0.334    -0.671
     0.575     0.031    -0.818
     0.396     0.022    -0.918
     0.705     0.068    -0.706
     0.729    -0.306    -0.613
     0.313    -0.246    -0.917
     0.596    -0.297    -0.746
     0.533    -0.224    -0.816
     0.761    -0.395    -0.515
     0.831     0.149    -0.535
     0.741    -0.160    -0.653
     0.671    -0.179    -0.719
     0.312    -0.081    -0.947
     0.699    -0.186    -0.690
     0.335    -0.344    -0.877
     0.685    -0.226    -0.693
     0.772    -0.082    -0.630
     0.497    -0.169    -0.851
     0.720     0.069    -0.691
     0.358    -0.328    -0.874
     0.657    -0.095    -0.748
     0.692    -0.180    -0.699
     0.819    -0.256    -0.513
     0.655     0.164    -0.738
     0.860    -0.121    -0.497
     0.551    -0.285    -0.785
     0.948    -0.095    -0.303
     0.649     0.179    -0.740
     0.439     0.043    -0.897
     0.639    -0.212    -0.739
     0.657    -0.122    -0.744
     0.832    -0.049    -0.553
     0.576    -0.090    -0.813
     0.803    -0.135    -0.581
     0.739    -0.275    -0.614
     0.728     0.128    -0.673
     0.314     0.293    -0.903
     0.599    -0.012    -0.801
     0.648     0.066    -0.759
     0.463    -0.299    -0.834
     0.535     0.012    -0.845
     0.531    -0.298    -0.793
     0.436    -0.156    -0.886
     0.222     0.182    -0.958
     0.138    -0.434    -0.890
     0.469    -0.128    -0.874
     0.364    -0.103    -0.926
     0.755     0.070    -0.651
     0.376    -0.621    -0.688
     0.680    -0.054    -0.731
     0.587     0.185    -0.789
     0.711    -0.023    -0.703
     0.706    -0.329    -0.628
     0.440    -0.057    -0.896
     0.546    -0.051    -0.836
     0.631    -0.212    -0.746
     0.840     0.006    -0.542
     0.474    -0.325    -0.818
     0.804    -0.106    -0.585
     0.672    -0.047    -0.739
     0.727    -0.304    -0.616
     0.546    -0.392    -0.741
     0.561    -0.309    -0.768
     0.773    -0.380    -0.508
     0.404    -0.118    -0.907
     0.596    -0.115    -0.795
     0.546    -0.457    -0.702
     0.811    -0.208    -0.547
     0.406    -0.305    -0.862
     0.626     0.113    -0.772
     0.657    -0.064    -0.751
     0.568    -0.034    -0.822
     0.676    -0.014    -0.736
     0.592    -0.037    -0.805
     0.541    -0.206    -0.815
     0.558     0.101    -0.824
     0.392    -0.221    -0.893
     0.540    -0.092    -0.836
     0.456    -0.049    -0.888
     0.534     0.076    -0.842
     0.617    -0.122    -0.777
     0.407     0.445    -0.798
     0.652     0.186    -0.735
     0.629    -0.259    -0.733
     0.643     0.299    -0.705
     0.548    -0.071    -0.834
     0.493    -0.249    -0.834
     0.854    -0.071    -0.515
     0.401     0.181    -0.898
     0.455    -0.057    -0.889
     0.604    -0.035    -0.796
     0.792     0.132    -0.596
     0.378     0.224    -0.898
     0.511    -0.372    -0.775
     0.253    -0.111    -0.961
     0.575    -0.036    -0.818
     0.427    -0.158    -0.891
     0.360    -0.241    -0.901
     0.313     0.029    -0.949
     0.694     0.072    -0.717
     0.816    -0.140    -0.561
     0.358    -0.158    -0.920
     0.781    -0.226    -0.582
     0.782    -0.171    -0.600
     0.478    -0.013    -0.878
     0.700    -0.264    -0.664
     0.531    -0.413    -0.740
     0.639    -0.083    -0.765
     0.662    -0.024    -0.749
     0.278    -0.009    -0.961
     0.402     0.088    -0.911
     0.294    -0.300    -0.907
     0.933    -0.107    -0.343
     0.605     0.033    -0.795
     0.734     0.047    -0.677
     0.484    -0.287    -0.826
     0.519    -0.148    -0.842
     0.584     0.039    -0.811
     0.538     0.132    -0.832
     0.530     0.028    -0.848
     0.638     0.228    -0.735
     0.715    -0.144    -0.684
     0.605    -0.114    -0.788
     0.549    -0.159    -0.820
     0.254     0.194    -0.947
     0.667    -0.041    -0.744
     0.299     0.045    -0.953
     0.533     0.218    -0.818
     0.430    -0.014    -0.903
     0.400     0.007    -0.917
     0.370    -0.131    -0.920
     0.629    -0.001    -0.777
     0.645    -0.189    -0.741
     0.720     0.091    -0.688
     0.577     0.021    -0.816
     0.414    -0.002    -0.910
     0.567     0.149    -0.810
     0.758    -0.048    -0.650
     0.671    -0.107    -0.734
     0.331    -0.127    -0.935
     0.558     0.101    -0.823
