    -0.042     0.595     0.802
     0.032     0.602     0.798
     0.033     0.608     0.793
    -0.046     0.698     0.714
     0.046     0.627     0.778
    -0.001     0.513     0.858
     0.029     0.655     0.755
     0.040     0.614     0.789
    -0.043     0.533     0.845
     0.008     0.669     0.743
     0.041     0.598     0.801
     0.060     0.735     0.675
     0.178     0.605     0.776
    -0.071     0.603     0.795
    -0.009     0.664     0.747
    -0.001     0.669     0.743
     0.011     0.580     0.815
    -0.031     0.621     0.783
     0.177     0.670     0.721
     0.055     0.689     0.722
     0.005     0.582     0.813
    -0.022     0.585     0.811
    -0.053     0.626     0.778
     0.023     0.630     0.776
     0.073     0.630     0.773
    -0.015     0.595     0.804
     0.081     0.575     0.814
    -0.053     0.607     0.793
     0.072     0.576     0.815
     0.009     0.677     0.736
    -0.016     0.614     0.789
    -0.088     0.665     0.741
     0.060     0.636     0.769
     0.081     0.665     0.742
     0.053     0.678     0.733
     0.010     0.665     0.746
    -0.055     0.652     0.756
     0.091     0.658     0.748
     0.004     0.582     0.813
    -0.062     0.659     0.750
     0.107     0.684     0.721
     0.017     0.589     0.808
     0.040     0.689     0.723
     0.060     0.645     0.761
     0.005     0.588     0.809
    -0.009     0.632     0.775
     0.026     0.666     0.746
     0.079     0.597     0.798
     0.029     0.670     0.742
    -0.040     0.612     0.790
    -0.000     0.632     0.775
    -0.054     0.614     0.788
     0.081     0.666     0.742
     0.033     0.724     0.689
    -0.008     0.568     0.823
     0.026     0.548     0.836
     0.113     0.649     0.752
     0.029     0.637     0.770
     0.065     0.646     0.760
    -0.031     0.615     0.788
    -0.006     0.562     0.827
    -0.002     0.677     0.736
    -0.015     0.685     0.729
    -0.022     0.648     0.762
    -0.107     0.658     0.746
     0.028     0.687     0.726
     0.060     0.680     0.731
     0.023     0.705     0.709
     0.006     0.605     0.796
     0.022     0.639     0.769
    -0.003     0.646     0.764
    -0.033     0.652     0.757
     0.030     0.628     0.777
     0.035     0.635     0.771
     0.061     0.578     0.814
     0.139     0.572     0.808
     0.163     0.576     0.801
     0.019     0.600     0.800
     0.012     0.604     0.797
     0.065     0.658     0.750
    -0.028     0.644     0.765
    -0.007     0.648     0.762
    -0.072     0.687     0.723
     0.083     0.702     0.707
    -0.032     0.656     0.754
     0.023     0.634     0.773
     0.068     0.578     0.813
    -0.019     0.612     0.791
     0.116     0.584     0.804
     0.083     0.542     0.836
    -0.064     0.672     0.738
    -0.075     0.623     0.779
     0.027     0.661     0.750
     0.056     0.612     0.789
     0.002     0.578     0.816
    -0.025     0.675     0.737
    -0.021     0.615     0.788
     0.107     0.662     0.742
     0.019     0.580     0.814
     0.001     0.667     0.745
     0.076     0.630     0.773
     0.005     0.682     0.731
    -0.065     0.640     0.766
     0.027     0.572     0.820
     0.025     0.615     0.788
    -0.078     0.696     0.714
    -0.021     0.616     0.788
     0.042     0.575     0.817
    -0.059     0.662     0.747
     0.134     0.641     0.755
     0.071     0.612     0.788
    -0.000     0.626     0.780
    -0.163     0.671     0.723
     0.020     0.543     0.839
     0.057     0.665     0.745
    -0.020     0.602     0.799
    -0.023     0.662     0.749
     0.047     0.691     0.721
     0.093     0.666     0.740
    -0.047     0.619     0.784
     0.053     0.570     0.820
     0.010     0.692     0.722
     0.044     0.650     0.759
    -0.038     0.645     0.763
     0.164     0.625     0.763
     0.252     0.569     0.783
     0.072     0.682     0.728
    -0.051     0.531     0.846
    -0.096     0.664     0.742
     0.047     0.642     0.765
     0.026     0.531     0.847
     0.131     0.614     0.778
     0.061     0.604     0.795
     0.007     0.674     0.739
    -0.034     0.671     0.741
     0.103     0.658     0.746
     0.071     0.647     0.759
     0.044     0.614     0.788
    -0.001     0.600     0.800
     0.060     0.633     0.772
     0.122     0.671     0.732
     0.064     0.585     0.809
     0.023     0.599     0.800
     0.172     0.692     0.701
     0.045     0.670     0.741
     0.077     0.647     0.759
     0.091     0.662     0.744
    -0.015     0.678     0.735
    -0.047     0.653     0.756
     0.079     0.709     0.701
     0.031     0.567     0.823
     0.008     0.669     0.743
     0.072     0.574     0.816
     0.025     0.677     0.736
     0.016     0.499     0.866
    -0.019     0.648     0.761
    -0.060     0.658     0.750
     0.010     0.665     0.746
     0.071     0.648     0.759
     0.008     0.619     0.786
     0.036     0.601     0.798
    -0.073     0.668     0.741
     0.106     0.625     0.774
     0.104     0.670     0.735
     0.017     0.621     0.784
    -0.019     0.628     0.778
     0.024     0.624     0.781
    -0.061     0.621     0.782
     0.014     0.729     0.684
    -0.040     0.688     0.725
     0.011     0.687     0.726
     0.100     0.669     0.736
    -0.042     0.694     0.718
     0.035     0.655     0.755
     0.047     0.641     0.766
     0.099     0.597     0.796
     0.049     0.570     0.820
     0.057     0.632     0.773
    -0.049     0.681     0.730
    -0.038     0.644     0.764
    -0.028     0.611     0.791
     0.047     0.584     0.810
     0.049     0.653     0.756
     0.034     0.661     0.750
     0.002     0.651     0.759
    -0.057     0.548     0.834
    -0.044     0.564     0.824
    -0.034     0.571     0.820
    -0.031     0.668     0.744
    -0.011     0.572     0.820
     0.040     0.630     0.776
    -0.096     0.602     0.793
     0.050     0.708     0.704
     0.042     0.513     0.857
     0.107     0.556     0.824
     0.067     0.623     0.779
     0.007     0.635     0.772
     0.115     0.660     0.743
    -0.048     0.706     0.707
     0.017     0.669     0.743
     0.107     0.675     0.730
    -0.016     0.583     0.812
     0.112     0.596     0.795
     0.061     0.638     0.768
    -0.007     0.651     0.759
     0.128     0.646     0.753
    -0.007     0.626     0.780
    -0.043     0.719     0.694
    -0.044     0.686     0.726
    -0.016     0.602     0.798
    -0.011     0.614     0.789
     0.151     0.601     0.785
    -0.024     0.612     0.790
     0.091     0.640     0.763
    -0.049     0.620     0.783
     0.061     0.625     0.779
    -0.093     0.644     0.760
    -0.054     0.558     0.828
     0.033     0.654     0.756
     0.137     0.624     0.769
    -0.068     0.567     0.821
     0.041     0.685     0.727
     0.057     0.604     0.795
     0.055     0.738     0.672
     0.063     0.616     0.785
     0.019     0.567     0.823
    -0.038     0.516     0.856
     0.113     0.586     0.802
     0.065     0.631     0.773
    -0.053     0.642     0.765
    -0.134     0.640     0.756
     0.005     0.644     0.765
     0.002     0.688     0.725
    -0.017     0.598     0.801
     0.028     0.636     0.771
    -0.049     0.706     0.707
     0.129     0.578     0.806
     0.155     0.659     0.736
    -0.041     0.688     0.724
     0.017     0.669     0.743
    -0.005     0.659     0.752
     0.087     0.654     0.752
     0.087     0.627     0.774
    -0.035     0.603     0.797
     0.063     0.683     0.728
     0.020     0.588     0.809
     0.040     0.544     0.838
     0.063     0.607     0.792
    -0.038     0.639     0.768
     0.094     0.518     0.850
     0.014     0.641     0.768
    -0.004     0.670     0.743
     0.060     0.636     0.769
     0.006     0.653     0.757
     0.049     0.623     0.780
     0.126     0.584     0.802
     0.059     0.619     0.784
    -0.032     0.601     0.799
     0.043     0.695     0.718
     0.062     0.659     0.750
    -0.004     0.629     0.778
     0.003     0.698     0.716
     0.018     0.663     0.748
    -0.004     0.601     0.799
     0.116     0.612     0.783
     0.018     0.636     0.771
     0.051     0.625     0.779
     0.107     0.615     0.782
    -0.053     0.639     0.767
    -0.010     0.624     0.781
     0.030     0.655     0.755
     0.030     0.634     0.772
     0.016     0.591     0.806
    -0.000     0.736     0.677
     0.098     0.644     0.758
    -0.001     0.626     0.780
    -0.107     0.632     0.768
     0.062     0.691     0.720
    -0.006     0.703     0.711
     0.054     0.570     0.820
    -0.014     0.619     0.785
     0.053     0.617     0.785
    -0.116     0.696     0.708
     0.002     0.570     0.822
    -0.048     0.662     0.748
    -0.014     0.623     0.782
     0.139     0.644     0.752
     0.180     0.647     0.741
    -0.030     0.697     0.716
     0.061     0.627     0.777
     0.053     0.629     0.775
     0.051     0.742     0.669
     0.016     0.626     0.780
    -0.003     0.636     0.771
    -0.049     0.637     0.769
    -0.014     0.638     0.770
     0.068     0.601     0.796
     0.042     0.618     0.785
    -0.016     0.638     0.770
    -0.106     0.662     0.742
     0.084     0.671     0.736
     0.054     0.588     0.807
     0.044     0.594     0.803
     0.074     0.687     0.723
    -0.024     0.656     0.754
     0.037     0.591     0.806
     0.048     0.623     0.781
     0.080     0.665     0.743
    -0.044     0.542     0.839
     0.066     0.538     0.840
     0.051     0.671     0.740
    -0.016     0.635     0.772
     0.084     0.615     0.784
    -0.002     0.623     0.782
     0.031     0.651     0.758
    -0.025     0.603     0.798
     0.004     0.661     0.750
     0.018     0.622     0.783
    -0.028     0.622     0.783
    -0.056     0.612     0.789
     0.035     0.689     0.724
    -0.001     0.619     0.785
    -0.019     0.607     0.794
     0.125     0.615     0.778
    -0.013     0.622     0.783
    -0.003     0.563     0.827
    -0.023     0.702     0.712
     0.070     0.646     0.760
     0.047     0.607     0.793
     0.136     0.608     0.782
     0.087     0.620     0.780
    -0.080     0.567     0.820
     0.017     0.666     0.746
     0.013     0.608     0.794
    -0.057     0.663     0.747
     0.064     0.649     0.758
     0.099     0.566     0.818
     0.126     0.659     0.741
     0.019     0.631     0.776
     0.090     0.642     0.761
     0.067     0.647     0.759
     0.030     0.711     0.703
     0.032     0.657     0.753
     0.059     0.619     0.783
     0.046     0.682     0.730
    -0.024     0.687     0.726
     0.012     0.594     0.804
     0.005     0.579     0.815
    -0.045     0.624     0.780
     0.045     0.645     0.763
     0.091     0.611     0.787
     0.066     0.608     0.791
     0.099     0.673     0.733
    -0.048     0.619     0.784
     0.034     0.707     0.706
     0.016     0.734     0.679
    -0.013     0.624     0.781
     0.194     0.572     0.797
     0.114     0.656     0.746
     0.098     0.665     0.741
     0.069     0.634     0.770
     0.013     0.622     0.783
    -0.037     0.568     0.822
     0.053     0.630     0.775
     0.073     0.647     0.759
    -0.032     0.661     0.750
    -0.045     0.648     0.760
     0.060     0.644     0.763
    -0.113     0.621     0.776
    -0.087     0.583     0.808
    -0.065     0.667     0.742
    -0.005     0.697     0.717
    -0.031     0.602     0.798
     0.068     0.641     0.765
    -0.051     0.699     0.714
     0.052     0.675     0.736
     0.034     0.613     0.790
    -0.021     0.692     0.721
     0.008     0.638     0.770
     0.056     0.618     0.784
    -0.097     0.554     0.827
     0.029     0.607     0.794
     0.072     0.603     0.794
     0.095     0.591     0.801
     0.013     0.619     0.785
     0.016     0.640     0.769
    -0.027     0.612     0.790
    -0.042     0.694     0.719
     0.029     0.674     0.738
     0.044     0.650     0.759
     0.035     0.534     0.845
     0.031     0.666     0.745
    -0.080     0.700     0.710
    -0.006     0.735     0.678
     0.085     0.678     0.731
    -0.006     0.604     0.797
     0.036     0.555     0.831
     0.045     0.643     0.765
    -0.089     0.632     0.770
    -0.011     0.685     0.729
     0.010     0.597     0.802
    -0.070     0.612     0.788
     0.021     0.605     0.796
     0.024     0.573     0.819
    -0.043     0.614     0.788
     0.064     0.577     0.814
    -0.007     0.650     0.760
     0.059     0.676     0.735
     0.088     0.583     0.808
     0.041     0.630     0.776
     0.079     0.600     0.796
     0.154     0.621     0.768
     0.012     0.718     0.695
    -0.031     0.610     0.792
     0.006     0.706     0.708
     0.042     0.693     0.720
     0.088     0.610     0.788
    -0.070     0.615     0.785
     0.126     0.595     0.794
     0.056     0.617     0.785
    -0.146     0.697     0.702
     0.110     0.672     0.732
     0.107     0.652     0.751
     0.062     0.617     0.785
     0.098     0.615     0.782
     0.060     0.694     0.718
    -0.008     0.572     0.820
     0.031     0.595     0.803
    -0.050     0.640     0.766
     0.056     0.634     0.771
    -0.070     0.617     0.784
     0.073     0.638     0.766
     0.026     0.646     0.763
    -0.088     0.697     0.712
     0.065     0.661     0.747
     0.058     0.620     0.782
    -0.013     0.742     0.670
    -0.021     0.595     0.804
    -0.011     0.634     0.773
    -0.117     0.617     0.778
     0.017     0.628     0.778
    -0.070     0.597     0.799
     0.046     0.655     0.755
    -0.006     0.625     0.780
     0.143     0.612     0.778
    -0.057     0.545     0.837
     0.191     0.645     0.740
     0.031     0.718     0.695
    -0.020     0.640     0.768
    -0.031     0.553     0.833
     0.065     0.723     0.688
    -0.076     0.694     0.716
     0.028     0.633     0.774
     0.081     0.660     0.747
     0.040     0.617     0.786
     0.121     0.689     0.714
    -0.138     0.568     0.812
     0.106     0.686     0.720
    -0.005     0.711     0.703
    -0.068     0.588     0.806
    -0.019     0.635     0.772
     0.068     0.643     0.763
     0.097     0.730     0.676
     0.064     0.644     0.762
     0.073     0.711     0.700
    -0.079     0.628     0.775
    -0.003     0.626     0.780
     0.080     0.677     0.732
     0.030     0.651     0.759
     0.067     0.652     0.756
     0.081     0.659     0.748
     0.043     0.598     0.800
     0.103     0.694     0.713
    -0.031     0.593     0.805
     0.039     0.623     0.781
     0.070     0.623     0.779
     0.018     0.613     0.790
     0.058     0.682     0.729
    -0.056     0.624     0.779
     0.041     0.600     0.799
     0.058     0.709     0.703
     0.003     0.659     0.752
    -0.072     0.639     0.766
     0.013     0.638     0.770
     0.126     0.605     0.786
     0.169     0.627     0.761
     0.090     0.630     0.771
     0.110     0.610     0.784
     0.082     0.633     0.770
     0.065     0.532     0.844
     0.103     0.654     0.749
    -0.075     0.634     0.770
     0.119     0.632     0.765
     0.123     0.593     0.796
     0.112     0.723     0.682
    -0.077     0.634     0.770
     0.010     0.659     0.752
    -0.040     0.679     0.733
    -0.053     0.599     0.799
     0.034     0.568     0.822
    -0.056     0.533     0.844
     0.071     0.568     0.820
     0.085     0.556     0.827
     0.117     0.645     0.756
    -0.040     0.589     0.807
     0.109     0.616     0.780
     0.084     0.560     0.824
     0.020     0.625     0.780
    -0.046     0.675     0.737
    -0.053     0.564     0.824
    -0.070     0.548     0.833
     0.053     0.671     0.739
     0.023     0.692     0.722
     0.165     0.651     0.741
    -0.022     0.577     0.816
    -0.035     0.581     0.813
     0.042     0.611     0.790
     0.025     0.646     0.763
    -0.086     0.626     0.775
     0.029     0.602     0.798
    -0.010     0.670     0.742
     0.116     0.665     0.738
    -0.024     0.647     0.762
    -0.008     0.702     0.712
    -0.013     0.575     0.818
    -0.013     0.584     0.812
     0.003     0.660     0.751
    -0.062     0.620     0.782
    -0.058     0.557     0.828
    -0.019     0.532     0.847
    -0.002     0.614     0.790
     0.050     0.618     0.785
     0.036     0.640     0.767
    -0.023     0.661     0.750
    -0.055     0.552     0.832
     0.076     0.630     0.773
     0.059     0.680     0.730
    -0.039     0.647     0.761
     0.124     0.682     0.721
     0.019     0.559     0.829
     0.118     0.619     0.776
     0.009     0.652     0.759
    -0.013     0.636     0.772
     0.060     0.690     0.721
     0.013     0.593     0.805
     0.002     0.573     0.820
    -0.009     0.640     0.768
     0.135     0.678     0.723
     0.167     0.613     0.773
     0.019     0.639     0.769
     0.129     0.587     0.800
     0.047     0.621     0.782
     0.002     0.592     0.806
     0.056     0.631     0.773
    -0.046     0.683     0.729
     0.069     0.560     0.825
    -0.001     0.652     0.758
     0.072     0.619     0.782
    -0.012     0.691     0.723
     0.006     0.678     0.735
     0.022     0.685     0.728
    -0.015     0.591     0.806
     0.091     0.573     0.814
    -0.073     0.616     0.784
    -0.062     0.640     0.766
     0.016     0.576     0.818
     0.002     0.628     0.778
     0.033     0.539     0.842
     0.026     0.669     0.743
    -0.013     0.705     0.709
    -0.000     0.542     0.841
     0.025     0.679     0.734
    -0.030     0.617     0.786
     0.019     0.675     0.738
    -0.051     0.611     0.790
     0.069     0.729     0.681
     0.070     0.574     0.816
     0.054     0.572     0.819
     0.088     0.567     0.819
     0.036     0.612     0.790
    -0.009     0.629     0.777
     0.168     0.637     0.752
    -0.029     0.655     0.755
    -0.038     0.579     0.815
     0.042     0.548     0.835
    -0.045     0.612     0.789
    -0.086     0.754     0.651
     0.084     0.581     0.810
     0.019     0.695     0.719
     0.076     0.652     0.755
     0.110     0.616     0.780
     0.059     0.616     0.786
    -0.042     0.684     0.728
     0.032     0.552     0.833
     0.004     0.668     0.744
     0.091     0.540     0.837
    -0.037     0.680     0.733
     0.031     0.700     0.714
     0.092     0.587     0.804
     0.024     0.570     0.821
     0.121     0.674     0.729
    -0.009     0.650     0.760
     0.007     0.647     0.763
    -0.009     0.618     0.786
    -0.022     0.552     0.834
     0.015     0.546     0.837
     0.065     0.715     0.697
    -0.007     0.545     0.838
    -0.079     0.564     0.822
     0.035     0.639     0.768
    -0.003     0.690     0.724
     0.099     0.655     0.749
     0.132     0.635     0.762
     0.027     0.605     0.796
    -0.050     0.661     0.749
     0.096     0.510     0.855
     0.161     0.692     0.703
     0.036     0.669     0.742
     0.026     0.630     0.776
    -0.048     0.677     0.734
     0.023     0.629     0.777
    -0.019     0.664     0.748
     0.099     0.647     0.756
     0.028     0.589     0.808
     0.080     0.554     0.829
     0.075     0.577     0.814
     0.079     0.630     0.773
     0.092     0.665     0.741
    -0.045     0.648     0.760
     0.075     0.686     0.723
    -0.034     0.591     0.806
    -0.009     0.585     0.811
    -0.079     0.646     0.759
    -0.055     0.652     0.756
     0.064     0.625     0.778
     0.109     0.639     0.762
     0.022     0.715     0.698
     0.043     0.623     0.781
     0.027     0.605     0.796
     0.057     0.717     0.695
     0.011     0.533     0.846
     0.088     0.633     0.769
     0.043     0.710     0.702
     0.084     0.626     0.775
     0.059     0.711     0.700
     0.055     0.597     0.800
    -0.032     0.688     0.725
     0.072     0.508     0.858
    -0.022     0.577     0.817
    -0.006     0.661     0.751
    -0.062     0.700     0.712
    -0.002     0.627     0.779
     0.137     0.659     0.739
     0.031     0.648     0.761
    -0.035     0.687     0.726
     0.011     0.617     0.787
     0.005     0.592     0.806
     0.121     0.672     0.731
     0.101     0.641     0.761
     0.066     0.597     0.800
    -0.021     0.650     0.760
    -0.011     0.710     0.705
    -0.068     0.641     0.765
     0.071     0.606     0.792
    -0.015     0.606     0.795
     0.066     0.641     0.765
     0.083     0.605     0.792
     0.120     0.566     0.815
    -0.005     0.687     0.727
     0.084     0.647     0.758
     0.000     0.550     0.835
     0.124     0.651     0.749
     0.010     0.621     0.784
    -0.024     0.611     0.792
    -0.078     0.666     0.741
     0.032     0.646     0.763
    -0.051     0.662     0.747
     0.038     0.631     0.775
     0.059     0.580     0.813
    -0.018     0.694     0.720
     0.013     0.647     0.763
     0.016     0.612     0.791
     0.032     0.667     0.744
    -0.103     0.633     0.768
     0.160     0.576     0.801
    -0.119     0.651     0.750
    -0.091     0.620     0.780
    -0.049     0.743     0.667
     0.065     0.610     0.790
     0.083     0.673     0.735
     0.002     0.615     0.788
    -0.018     0.641     0.767
     0.086     0.631     0.771
     0.024     0.655     0.756
    -0.066     0.631     0.773
    -0.105     0.615     0.782
     0.049     0.695     0.717
    -0.014     0.655     0.755
     0.043     0.646     0.762
     0.041     0.693     0.719
     0.010     0.585     0.811
     0.123     0.599     0.791
    -0.020     0.644     0.765
     0.006     0.605     0.796
    -0.006     0.645     0.764
     0.113     0.613     0.782
    -0.006     0.677     0.736
     0.006     0.644     0.765
     0.052     0.653     0.756
    -0.067     0.683     0.727
    -0.097     0.626     0.774
     0.025     0.575     0.818
    -0.070     0.667     0.741
    -0.019     0.661     0.750
    -0.052     0.731     0.680
     0.078     0.546     0.834
    -0.036     0.616     0.787
    -0.068     0.609     0.790
     0.010     0.685     0.728
    -0.003     0.607     0.795
    -0.006     0.709     0.706
     0.136     0.670     0.730
    -0.015     0.719     0.694
     0.025     0.640     0.768
     0.002     0.646     0.764
    -0.008     0.723     0.691
     0.051     0.578     0.814
     0.079     0.607     0.791
    -0.021     0.643     0.766
     0.061     0.641     0.765
     0.061     0.698     0.714
     0.087     0.677     0.731
     0.096     0.580     0.809
     0.131     0.652     0.747
     0.049     0.671     0.740
     0.086     0.699     0.710
     0.012     0.633     0.774
    -0.006     0.664     0.748
     0.107     0.621     0.776
    -0.107     0.608     0.787
    -0.002     0.643     0.766
    -0.052     0.600     0.799
     0.052     0.661     0.749
