    -0.037     0.987    -0.158
    -0.005     0.978    -0.207
     0.195     0.898    -0.394
    -0.016     0.962    -0.271
    -0.087     0.954    -0.288
    -0.129     0.964    -0.233
     0.050     0.971    -0.232
     0.007     0.956    -0.292
     0.191     0.943    -0.272
     0.103     0.973    -0.208
     0.077     0.972    -0.224
     0.056     0.953    -0.297
     0.002     0.975    -0.223
     0.143     0.944    -0.296
     0.035     0.972    -0.234
     0.016     0.975    -0.220
     0.100     0.970    -0.221
     0.108     0.961    -0.255
     0.015     0.987    -0.160
     0.064     0.965    -0.252
     0.006     0.951    -0.309
     0.177     0.978    -0.113
     0.104     0.956    -0.274
     0.092     0.954    -0.284
     0.005     0.985    -0.171
     0.048     0.987    -0.150
    -0.125     0.976    -0.178
     0.063     0.939    -0.337
     0.110     0.953    -0.281
     0.080     0.976    -0.201
     0.183     0.961    -0.208
     0.044     0.965    -0.257
     0.147     0.968    -0.206
     0.047     0.953    -0.301
     0.199     0.958    -0.204
     0.094     0.963    -0.254
     0.079     0.956    -0.283
     0.027     0.990    -0.135
    -0.011     0.959    -0.283
    -0.063     0.981    -0.182
     0.105     0.948    -0.301
     0.083     0.973    -0.216
    -0.100     0.978    -0.184
     0.117     0.956    -0.267
    -0.034     0.994    -0.100
    -0.041     0.984    -0.172
    -0.050     0.993    -0.106
     0.078     0.989    -0.126
    -0.061     0.924    -0.378
    -0.052     0.969    -0.240
    -0.003     0.977    -0.214
     0.167     0.983    -0.072
     0.005     0.994    -0.105
     0.106     0.908    -0.406
     0.001     0.986    -0.170
    -0.071     0.948    -0.309
    -0.045     0.941    -0.334
     0.033     0.981    -0.192
     0.007     0.990    -0.141
     0.099     0.987    -0.123
     0.084     0.970    -0.228
     0.041     0.961    -0.272
    -0.133     0.967    -0.218
    -0.046     0.963    -0.265
    -0.016     0.940    -0.340
    -0.052     0.957    -0.285
     0.040     0.990    -0.134
     0.088     0.975    -0.206
     0.062     0.964    -0.257
     0.069     0.984    -0.162
     0.144     0.936    -0.321
     0.070     0.981    -0.180
     0.046     0.974    -0.223
    -0.085     0.994    -0.072
     0.025     0.972    -0.235
     0.060     0.966    -0.253
     0.186     0.886    -0.425
     0.010     0.961    -0.276
    -0.052     0.992    -0.118
     0.067     0.990    -0.121
     0.141     0.956    -0.257
     0.083     0.952    -0.294
     0.032     0.993    -0.111
    -0.050     0.966    -0.254
    -0.043     0.945    -0.324
     0.082     0.977    -0.199
     0.041     0.973    -0.226
     0.084     0.921    -0.380
    -0.193     0.941    -0.277
     0.047     0.933    -0.356
    -0.043     0.978    -0.204
     0.056     0.979    -0.195
     0.174     0.968    -0.180
    -0.009     0.982    -0.187
     0.063     0.907    -0.417
     0.054     0.976    -0.209
     0.085     0.977    -0.198
     0.021     0.940    -0.340
     0.054     0.912    -0.407
     0.001     0.994    -0.113
     0.004     0.915    -0.403
    -0.063     0.917    -0.394
    -0.053     0.969    -0.239
     0.087     0.995    -0.040
    -0.020     0.986    -0.163
     0.037     0.943    -0.332
    -0.011     0.980    -0.199
     0.082     0.944    -0.319
    -0.161     0.944    -0.287
    -0.046     0.943    -0.330
    -0.106     0.957    -0.269
     0.065     0.949    -0.308
     0.007     0.961    -0.276
     0.048     0.965    -0.258
    -0.132     0.958    -0.256
    -0.069     0.963    -0.262
     0.011     0.994    -0.112
     0.165     0.950    -0.266
    -0.013     0.979    -0.202
    -0.074     0.955    -0.287
     0.095     0.957    -0.275
     0.001     0.995    -0.099
     0.189     0.954    -0.232
    -0.074     0.967    -0.245
     0.066     0.971    -0.231
    -0.050     0.949    -0.312
     0.033     0.960    -0.277
     0.223     0.949    -0.224
    -0.022     0.925    -0.380
    -0.030     0.972    -0.233
    -0.019     0.936    -0.351
     0.080     0.985    -0.151
     0.130     0.955    -0.266
    -0.079     0.968    -0.238
     0.181     0.971    -0.157
     0.108     0.941    -0.320
     0.113     0.978    -0.177
     0.158     0.965    -0.209
     0.156     0.962    -0.222
     0.019     0.973    -0.230
    -0.060     0.978    -0.198
    -0.053     0.978    -0.204
     0.082     0.988    -0.130
     0.056     0.998    -0.040
     0.123     0.965    -0.231
     0.072     0.954    -0.290
    -0.012     0.972    -0.236
    -0.042     0.982    -0.186
     0.216     0.923    -0.318
    -0.040     0.964    -0.262
     0.019     0.942    -0.335
     0.051     0.911    -0.410
     0.017     0.985    -0.173
     0.024     0.951    -0.307
     0.168     0.975    -0.149
     0.097     0.986    -0.139
     0.062     0.966    -0.252
     0.005     0.974    -0.226
     0.087     0.936    -0.342
     0.042     0.956    -0.291
     0.087     0.979    -0.183
     0.036     0.978    -0.207
     0.013     0.978    -0.209
     0.064     0.956    -0.288
    -0.035     0.992    -0.118
     0.195     0.964    -0.179
    -0.063     0.966    -0.249
    -0.006     0.956    -0.295
    -0.009     0.982    -0.191
     0.172     0.929    -0.328
     0.064     0.998    -0.018
     0.049     0.937    -0.345
    -0.070     0.978    -0.197
     0.168     0.961    -0.221
    -0.057     0.940    -0.335
     0.077     0.952    -0.295
     0.092     0.976    -0.199
     0.107     0.983    -0.147
    -0.174     0.934    -0.313
    -0.052     0.966    -0.254
     0.113     0.974    -0.198
     0.031     0.961    -0.273
     0.064     0.976    -0.210
     0.115     0.988    -0.103
     0.023     0.972    -0.234
     0.044     0.937    -0.345
     0.083     0.959    -0.270
     0.028     0.968    -0.249
    -0.114     0.972    -0.207
     0.020     0.977    -0.211
     0.120     0.979    -0.163
    -0.053     0.945    -0.323
     0.168     0.967    -0.189
    -0.023     0.973    -0.229
     0.000     0.970    -0.241
     0.034     0.989    -0.147
     0.026     0.977    -0.211
     0.128     0.954    -0.273
     0.261     0.951    -0.164
     0.048     0.935    -0.351
     0.267     0.909    -0.318
     0.054     0.967    -0.249
     0.057     0.948    -0.313
     0.262     0.909    -0.323
     0.112     0.929    -0.354
     0.163     0.974    -0.160
     0.056     0.987    -0.152
     0.096     0.962    -0.257
     0.056     0.994    -0.098
    -0.063     0.919    -0.390
     0.072     0.979    -0.190
     0.120     0.972    -0.203
    -0.131     0.895    -0.426
     0.025     0.942    -0.336
     0.081     0.958    -0.277
     0.252     0.907    -0.338
     0.041     0.949    -0.312
    -0.023     0.978    -0.205
     0.061     0.971    -0.233
    -0.118     0.955    -0.271
    -0.024     0.982    -0.190
     0.010     0.963    -0.270
     0.078     0.972    -0.220
     0.024     0.963    -0.269
     0.041     0.921    -0.388
     0.095     0.921    -0.377
     0.128     0.961    -0.246
     0.085     0.981    -0.173
     0.016     0.961    -0.275
     0.117     0.971    -0.208
     0.057     0.972    -0.228
     0.119     0.976    -0.184
    -0.029     0.960    -0.277
     0.052     0.972    -0.228
     0.009     0.962    -0.274
     0.024     0.981    -0.193
     0.135     0.970    -0.203
    -0.025     0.982    -0.187
     0.038     0.992    -0.123
     0.058     0.988    -0.140
     0.115     0.978    -0.176
    -0.005     0.944    -0.330
    -0.015     0.942    -0.336
    -0.033     0.972    -0.235
    -0.109     0.970    -0.217
     0.019     0.966    -0.257
     0.031     0.978    -0.206
     0.053     0.981    -0.189
     0.120     0.959    -0.256
     0.018     0.997    -0.077
     0.055     0.960    -0.275
     0.019     0.976    -0.217
     0.037     0.986    -0.164
     0.050     0.952    -0.302
     0.028     0.969    -0.247
     0.028     0.989    -0.147
     0.052     0.956    -0.290
    -0.047     0.965    -0.258
    -0.156     0.945    -0.286
    -0.058     0.966    -0.252
    -0.001     0.988    -0.153
    -0.033     0.987    -0.157
     0.004     0.966    -0.257
     0.044     0.977    -0.208
     0.036     0.965    -0.261
     0.052     0.967    -0.251
     0.050     0.966    -0.253
     0.133     0.981    -0.141
     0.041     0.936    -0.350
    -0.016     0.983    -0.182
    -0.045     0.932    -0.359
     0.036     0.957    -0.286
    -0.068     0.994    -0.083
    -0.050     0.938    -0.343
     0.122     0.967    -0.225
    -0.027     0.941    -0.337
     0.202     0.955    -0.217
     0.022     0.942    -0.336
     0.021     0.976    -0.215
     0.103     0.946    -0.307
     0.059     0.989    -0.138
     0.014     0.982    -0.187
     0.034     0.938    -0.345
     0.226     0.918    -0.325
     0.232     0.970    -0.074
    -0.101     0.954    -0.281
     0.019     0.953    -0.301
     0.179     0.944    -0.279
     0.016     0.990    -0.143
     0.026     0.961    -0.274
    -0.112     0.965    -0.238
    -0.098     0.981    -0.169
     0.055     0.971    -0.231
     0.114     0.937    -0.331
     0.168     0.902    -0.397
     0.034     0.982    -0.185
     0.064     0.989    -0.136
     0.072     0.962    -0.262
     0.071     0.943    -0.325
     0.066     0.983    -0.173
     0.104     0.949    -0.298
    -0.015     0.976    -0.217
     0.047     0.961    -0.273
    -0.075     0.991    -0.114
     0.029     0.939    -0.343
     0.110     0.981    -0.163
     0.131     0.981    -0.142
     0.012     0.970    -0.242
    -0.089     0.975    -0.204
    -0.114     0.975    -0.192
     0.115     0.923    -0.366
     0.079     0.977    -0.197
     0.137     0.971    -0.197
     0.047     0.939    -0.341
    -0.016     0.955    -0.296
    -0.047     0.963    -0.264
     0.036     0.970    -0.240
     0.085     0.943    -0.322
     0.141     0.979    -0.151
     0.164     0.965    -0.203
     0.119     0.963    -0.243
     0.104     0.933    -0.345
    -0.075     0.968    -0.239
     0.156     0.979    -0.133
    -0.044     0.976    -0.211
     0.074     0.968    -0.238
     0.179     0.964    -0.198
     0.149     0.972    -0.183
     0.151     0.950    -0.271
     0.037     0.949    -0.314
     0.010     0.968    -0.251
     0.111     0.926    -0.362
     0.140     0.963    -0.232
     0.090     0.965    -0.245
    -0.052     0.949    -0.310
     0.031     0.940    -0.339
     0.079     0.965    -0.248
     0.011     0.971    -0.238
    -0.081     0.907    -0.413
     0.059     0.976    -0.208
     0.141     0.947    -0.290
     0.128     0.981    -0.149
     0.117     0.976    -0.186
     0.110     0.932    -0.346
     0.074     0.938    -0.338
     0.016     0.975    -0.220
    -0.079     0.936    -0.344
     0.146     0.976    -0.160
     0.011     0.962    -0.272
    -0.069     0.966    -0.251
     0.138     0.934    -0.330
    -0.079     0.949    -0.306
    -0.028     0.962    -0.273
     0.138     0.971    -0.196
    -0.072     0.982    -0.173
     0.161     0.971    -0.174
     0.101     0.990    -0.096
     0.163     0.968    -0.192
     0.109     0.988    -0.112
     0.110     0.975    -0.193
     0.052     0.987    -0.150
     0.256     0.959    -0.123
    -0.032     0.975    -0.220
     0.055     0.991    -0.118
     0.149     0.964    -0.222
     0.100     0.971    -0.217
     0.042     0.946    -0.323
    -0.005     0.970    -0.243
    -0.108     0.973    -0.204
     0.032     0.977    -0.211
    -0.031     0.961    -0.275
     0.208     0.939    -0.274
     0.005     0.982    -0.190
     0.075     0.940    -0.333
     0.034     0.966    -0.257
     0.043     0.986    -0.159
     0.095     0.980    -0.176
    -0.113     0.961    -0.251
     0.039     0.978    -0.205
    -0.015     0.976    -0.216
     0.045     0.994    -0.097
     0.304     0.897    -0.322
     0.118     0.947    -0.298
     0.225     0.963    -0.150
     0.069     0.916    -0.394
     0.208     0.945    -0.254
    -0.120     0.962    -0.244
     0.100     0.946    -0.307
     0.029     0.949    -0.315
     0.078     0.975    -0.207
    -0.038     0.996    -0.083
     0.197     0.965    -0.174
    -0.166     0.971    -0.174
     0.055     0.961    -0.271
     0.093     0.972    -0.216
     0.044     0.927    -0.373
    -0.112     0.965    -0.235
     0.092     0.972    -0.218
     0.183     0.924    -0.335
    -0.077     0.968    -0.240
     0.037     0.981    -0.191
     0.087     0.884    -0.460
     0.069     0.981    -0.182
     0.009     0.978    -0.210
     0.120     0.971    -0.208
     0.045     0.970    -0.240
    -0.082     0.930    -0.358
    -0.049     0.949    -0.311
    -0.063     0.975    -0.211
    -0.141     0.948    -0.287
     0.024     0.972    -0.232
    -0.077     0.942    -0.326
     0.040     0.945    -0.325
     0.089     0.971    -0.222
    -0.001     0.965    -0.261
     0.068     0.972    -0.227
     0.063     0.948    -0.310
    -0.008     0.983    -0.181
     0.035     0.988    -0.149
     0.003     0.958    -0.287
     0.195     0.948    -0.252
    -0.013     0.973    -0.230
     0.007     0.965    -0.261
    -0.059     0.978    -0.202
     0.042     0.989    -0.140
     0.003     0.988    -0.157
     0.093     0.968    -0.231
    -0.008     0.985    -0.172
     0.004     0.982    -0.188
     0.118     0.990    -0.077
     0.027     0.946    -0.323
    -0.099     0.965    -0.241
     0.054     0.966    -0.253
     0.041     0.985    -0.165
    -0.024     0.989    -0.145
     0.058     0.985    -0.162
    -0.048     0.992    -0.116
     0.022     0.957    -0.290
    -0.046     0.968    -0.248
     0.018     0.936    -0.352
     0.085     0.954    -0.288
     0.079     0.986    -0.147
     0.021     0.947    -0.319
     0.020     0.973    -0.232
     0.009     0.941    -0.338
     0.035     0.959    -0.280
    -0.092     0.925    -0.368
    -0.004     0.932    -0.361
     0.047     0.967    -0.250
    -0.031     0.981    -0.190
    -0.064     0.950    -0.307
     0.039     0.979    -0.201
     0.125     0.970    -0.209
    -0.024     0.953    -0.302
     0.059     0.962    -0.268
     0.176     0.972    -0.156
     0.080     0.976    -0.201
    -0.045     0.991    -0.128
    -0.027     0.961    -0.274
     0.002     0.956    -0.294
     0.130     0.983    -0.130
    -0.118     0.975    -0.187
     0.003     0.982    -0.190
     0.159     0.963    -0.219
     0.112     0.933    -0.341
     0.181     0.977    -0.110
     0.102     0.904    -0.416
     0.160     0.980    -0.117
     0.109     0.974    -0.200
     0.067     0.981    -0.185
     0.090     0.946    -0.311
    -0.064     0.987    -0.146
     0.008     0.988    -0.155
    -0.014     0.964    -0.266
     0.032     0.986    -0.163
     0.151     0.939    -0.310
    -0.060     0.994    -0.090
     0.191     0.935    -0.300
     0.041     0.981    -0.188
    -0.021     0.951    -0.308
     0.111     0.982    -0.154
     0.028     0.983    -0.181
     0.110     0.948    -0.297
    -0.130     0.944    -0.304
     0.124     0.951    -0.285
     0.006     0.957    -0.291
     0.051     0.951    -0.303
    -0.061     0.970    -0.235
    -0.067     0.964    -0.257
     0.018     0.940    -0.341
     0.110     0.967    -0.228
     0.083     0.964    -0.251
     0.019     0.916    -0.401
     0.077     0.946    -0.314
    -0.031     0.953    -0.301
     0.141     0.901    -0.410
     0.104     0.961    -0.257
    -0.069     0.975    -0.211
     0.026     0.985    -0.168
    -0.048     0.957    -0.285
    -0.087     0.964    -0.252
     0.014     0.930    -0.367
     0.186     0.957    -0.221
     0.135     0.979    -0.151
     0.067     0.969    -0.238
     0.105     0.974    -0.201
     0.066     0.988    -0.141
     0.089     0.985    -0.149
     0.014     0.946    -0.324
    -0.002     0.946    -0.325
     0.087     0.991    -0.097
     0.047     0.967    -0.252
    -0.046     0.986    -0.158
     0.051     0.924    -0.379
     0.089     0.970    -0.226
    -0.076     0.936    -0.342
     0.029     0.976    -0.214
    -0.082     0.939    -0.335
    -0.004     0.996    -0.092
     0.002     0.958    -0.285
    -0.025     0.994    -0.106
     0.086     0.976    -0.202
     0.019     0.969    -0.246
     0.060     0.993    -0.097
     0.171     0.964    -0.204
     0.017     0.987    -0.162
     0.108     0.987    -0.122
     0.104     0.984    -0.144
     0.056     0.974    -0.220
     0.126     0.957    -0.260
     0.172     0.958    -0.229
     0.008     0.969    -0.248
    -0.036     0.928    -0.371
    -0.062     0.980    -0.187
    -0.026     0.953    -0.303
     0.145     0.965    -0.217
    -0.046     0.964    -0.260
     0.056     0.991    -0.123
     0.075     0.987    -0.141
     0.244     0.954    -0.174
     0.139     0.979    -0.146
     0.050     0.995    -0.083
     0.068     0.993    -0.098
    -0.108     0.936    -0.335
     0.192     0.968    -0.160
     0.026     0.976    -0.218
     0.126     0.943    -0.308
     0.079     0.982    -0.172
     0.044     0.962    -0.270
     0.036     0.978    -0.206
    -0.101     0.984    -0.145
     0.174     0.971    -0.166
     0.060     0.986    -0.156
     0.048     0.921    -0.386
    -0.141     0.952    -0.271
    -0.019     0.978    -0.206
     0.081     0.960    -0.268
     0.026     0.958    -0.286
     0.085     0.935    -0.344
     0.035     0.995    -0.097
    -0.025     0.957    -0.289
     0.037     0.960    -0.278
     0.083     0.997     0.012
     0.068     0.945    -0.319
     0.039     0.988    -0.147
     0.119     0.979    -0.165
     0.073     0.976    -0.204
    -0.036     0.990    -0.139
     0.020     0.997    -0.081
    -0.070     0.963    -0.261
     0.007     0.954    -0.300
     0.067     0.985    -0.157
     0.023     0.976    -0.217
    -0.038     0.976    -0.215
     0.157     0.948    -0.277
     0.061     0.954    -0.293
     0.067     0.970    -0.232
     0.048     0.963    -0.264
     0.088     0.990    -0.105
     0.079     0.969    -0.236
    -0.141     0.979    -0.146
     0.121     0.937    -0.327
     0.066     0.973    -0.223
    -0.018     0.935    -0.355
     0.191     0.969    -0.158
     0.159     0.943    -0.291
     0.093     0.957    -0.276
     0.148     0.971    -0.189
     0.078     0.926    -0.369
     0.050     0.973    -0.226
     0.103     0.963    -0.248
     0.133     0.967    -0.216
     0.028     0.990    -0.141
     0.109     0.972    -0.207
     0.134     0.990    -0.041
    -0.009     0.941    -0.338
     0.081     0.967    -0.241
     0.063     0.966    -0.253
    -0.071     0.966    -0.249
     0.045     0.978    -0.204
     0.008     0.967    -0.254
     0.145     0.974    -0.174
     0.238     0.958    -0.161
    -0.078     0.973    -0.217
    -0.030     0.977    -0.213
     0.016     0.979    -0.205
    -0.088     0.990    -0.110
     0.085     0.994    -0.075
     0.088     0.965    -0.248
     0.139     0.929    -0.342
     0.121     0.981    -0.150
     0.017     0.970    -0.244
     0.103     0.936    -0.337
     0.236     0.941    -0.242
     0.080     0.917    -0.390
    -0.006     0.932    -0.362
     0.133     0.985    -0.109
    -0.021     0.964    -0.267
     0.002     0.932    -0.361
     0.083     0.940    -0.330
    -0.064     0.980    -0.188
    -0.004     0.992    -0.130
     0.018     0.984    -0.177
     0.048     0.973    -0.225
    -0.094     0.952    -0.290
     0.081     0.986    -0.143
     0.007     0.980    -0.201
    -0.007     0.963    -0.269
     0.143     0.938    -0.315
     0.032     0.977    -0.210
    -0.007     0.965    -0.262
     0.063     0.941    -0.332
    -0.015     0.967    -0.253
    -0.025     0.924    -0.382
     0.133     0.981    -0.142
     0.047     0.970    -0.237
     0.017     0.974    -0.228
     0.195     0.974    -0.118
     0.027     0.954    -0.297
     0.047     0.922    -0.384
     0.146     0.979    -0.144
     0.023     0.945    -0.327
    -0.153     0.982    -0.110
    -0.093     0.979    -0.179
    -0.060     0.936    -0.346
     0.037     0.953    -0.300
    -0.085     0.971    -0.223
     0.032     0.966    -0.258
    -0.028     0.950    -0.310
     0.202     0.949    -0.240
    -0.010     0.960    -0.279
     0.148     0.970    -0.193
     0.002     0.989    -0.151
    -0.082     0.968    -0.239
     0.055     0.988    -0.142
     0.174     0.965    -0.197
     0.196     0.940    -0.281
    -0.016     0.962    -0.273
     0.112     0.917    -0.382
    -0.044     0.980    -0.192
    -0.164     0.958    -0.234
    -0.056     0.983    -0.172
    -0.044     0.978    -0.204
     0.032     0.938    -0.344
     0.094     0.984    -0.150
    -0.013     0.964    -0.267
    -0.009     0.959    -0.283
    -0.002     0.967    -0.254
    -0.039     0.961    -0.275
     0.014     0.941    -0.338
     0.108     0.970    -0.219
     0.093     0.956    -0.279
     0.024     0.989    -0.146
     0.206     0.975    -0.080
     0.047     0.990    -0.131
     0.034     0.975    -0.220
    -0.016     0.975    -0.222
    -0.014     0.973    -0.230
    -0.038     0.966    -0.255
    -0.005     0.934    -0.357
     0.022     0.956    -0.291
     0.067     0.992    -0.105
    -0.043     0.932    -0.359
     0.107     0.963    -0.247
    -0.080     0.953    -0.292
     0.047     0.955    -0.294
     0.054     0.978    -0.203
     0.006     0.978    -0.208
     0.224     0.898    -0.379
     0.039     0.971    -0.238
     0.071     0.934    -0.350
     0.009     0.962    -0.274
     0.150     0.976    -0.160
     0.116     0.940    -0.319
     0.084     0.970    -0.228
     0.068     0.971    -0.228
    -0.013     0.963    -0.269
     0.084     0.922    -0.377
     0.099     0.929    -0.357
     0.061     0.982    -0.178
     0.068     0.995    -0.072
     0.045     0.942    -0.331
    -0.101     0.988    -0.115
    -0.019     0.941    -0.339
    -0.067     0.986    -0.150
     0.093     0.983    -0.159
    -0.058     0.984    -0.167
     0.076     0.980    -0.183
     0.039     0.969    -0.245
     0.117     0.944    -0.307
     0.011     0.980    -0.199
     0.082     0.984    -0.160
     0.129     0.964    -0.233
     0.121     0.950    -0.289
    -0.033     0.969    -0.246
     0.154     0.954    -0.257
     0.073     0.954    -0.292
     0.094     0.958    -0.270
    -0.056     0.943    -0.328
     0.042     0.977    -0.207
    -0.010     0.987    -0.159
     0.209     0.930    -0.303
     0.100     0.961    -0.258
     0.154     0.956    -0.248
     0.070     0.962    -0.263
     0.121     0.966    -0.229
    -0.077     0.949    -0.307
     0.155     0.942    -0.299
     0.076     0.964    -0.257
     0.071     0.982    -0.174
    -0.025     0.908    -0.419
     0.152     0.945    -0.289
     0.028     0.966    -0.259
    -0.035     0.969    -0.244
     0.096     0.989    -0.112
     0.105     0.967    -0.231
     0.059     0.966    -0.251
     0.134     0.963    -0.233
     0.077     0.948    -0.310
     0.067     0.987    -0.149
    -0.000     0.960    -0.281
     0.009     0.930    -0.367
     0.091     0.988    -0.123
     0.000     0.966    -0.257
     0.067     0.989    -0.130
     0.017     0.982    -0.186
    -0.005     0.950    -0.311
     0.086     0.990    -0.113
     0.129     0.926    -0.356
     0.017     0.981    -0.192
     0.067     0.987    -0.143
    -0.023     0.995    -0.096
     0.148     0.970    -0.193
     0.043     0.920    -0.390
     0.114     0.973    -0.201
    -0.016     0.985    -0.171
     0.095     0.961    -0.259
    -0.014     0.944    -0.330
    -0.072     0.975    -0.209
     0.174     0.957    -0.231
     0.032     0.957    -0.290
    -0.037     0.993    -0.110
    -0.036     0.995    -0.092
     0.021     0.972    -0.233
     0.166     0.955    -0.246
     0.105     0.962    -0.254
     0.124     0.934    -0.336
     0.166     0.972    -0.166
    -0.016     0.984    -0.177
    -0.027     0.962    -0.273
    -0.149     0.942    -0.302
     0.114     0.951    -0.288
     0.042     0.968    -0.247
     0.017     0.975    -0.222
    -0.084     0.958    -0.275
    -0.080     0.928    -0.365
    -0.097     0.971    -0.220
    -0.031     0.982    -0.184
     0.040     0.984    -0.173
     0.033     0.949    -0.312
    -0.029     0.992    -0.126
     0.059     0.980    -0.190
     0.028     0.931    -0.364
     0.145     0.930    -0.337
     0.122     0.941    -0.315
    -0.020     0.998    -0.051
     0.174     0.980    -0.101
    -0.010     0.935    -0.355
    -0.039     0.966    -0.255
     0.100     0.939    -0.328
     0.058     0.989    -0.136
     0.233     0.965    -0.123
     0.062     0.980    -0.190
     0.029     1.000    -0.012
     0.229     0.959    -0.167
    -0.049     0.977    -0.209
    -0.122     0.976    -0.178
     0.016     0.979    -0.204
    -0.008     0.936    -0.351
     0.172     0.961    -0.216
     0.015     0.974    -0.228
     0.039     0.920    -0.390
     0.036     0.976    -0.216
     0.118     0.991    -0.064
     0.037     0.985    -0.171
    -0.025     0.949    -0.315
     0.037     0.999     0.010
     0.097     0.961    -0.260
     0.233     0.928    -0.291
    -0.038     0.940    -0.339
     0.135     0.953    -0.271
     0.102     0.983    -0.150
    -0.132     0.965    -0.226
     0.039     0.971    -0.235
    -0.081     0.972    -0.223
    -0.119     0.966    -0.230
    -0.033     0.978    -0.205
     0.083     0.990    -0.113
    -0.010     0.976    -0.216
     0.011     0.997    -0.073
     0.069     0.978    -0.196
     0.119     0.954    -0.276
    -0.103     0.987    -0.124
    -0.018     0.956    -0.294
     0.119     0.920    -0.374
     0.151     0.977    -0.152
     0.095     0.975    -0.200
     0.165     0.938    -0.305
     0.005     0.969    -0.247
    -0.093     0.962    -0.257
    -0.008     0.987    -0.160
    -0.017     0.948    -0.318
     0.107     0.965    -0.240
     0.052     0.985    -0.166
     0.231     0.941    -0.247
     0.050     0.967    -0.250
     0.096     0.986    -0.134
     0.008     0.983    -0.182
     0.014     0.974    -0.228
    -0.004     0.948    -0.317
     0.177     0.947    -0.268
     0.057     0.951    -0.304
     0.071     0.937    -0.341
    -0.007     0.977    -0.215
    -0.010     0.925    -0.379
     0.123     0.971    -0.204
     0.011     0.942    -0.335
    -0.014     0.966    -0.259
     0.017     0.981    -0.192
     0.092     0.954    -0.284
     0.189     0.961    -0.202
     0.053     0.982    -0.180
    -0.000     0.993    -0.119
     0.015     0.969    -0.248
     0.040     0.982    -0.183
     0.028     0.931    -0.364
     0.025     0.930    -0.367
     0.059     0.970    -0.237
     0.061     0.968    -0.244
    -0.134     0.925    -0.355
     0.072     0.977    -0.200
    -0.007     0.973    -0.230
     0.093     0.979    -0.183
     0.005     0.988    -0.152
    -0.162     0.943    -0.290
    -0.085     0.962    -0.260
     0.031     0.961    -0.273
    -0.018     0.965    -0.260
     0.134     0.969    -0.208
    -0.068     0.971    -0.228
     0.187     0.962    -0.199
     0.016     0.993    -0.115
    -0.024     0.971    -0.237
     0.188     0.964    -0.189
    -0.170     0.942    -0.289
     0.079     0.960    -0.269
     0.092     0.971    -0.219
    -0.010     0.996    -0.088
     0.137     0.979    -0.154
     0.006     0.975    -0.222
    -0.004     0.966    -0.260
     0.131     0.961    -0.243
    -0.090     0.977    -0.193
     0.067     0.969    -0.239
     0.041     0.970    -0.240
    -0.305     0.882    -0.360
    -0.144     0.969    -0.199
     0.114     0.958    -0.262
     0.122     0.951    -0.283
     0.087     0.984    -0.155
    -0.134     0.983    -0.124
     0.131     0.946    -0.298
     0.139     0.989    -0.039
    -0.076     0.979    -0.187
    -0.091     0.948    -0.304
     0.023     0.949    -0.313
    -0.072     0.960    -0.270
     0.075     0.978    -0.197
     0.137     0.961    -0.239
     0.052     0.991    -0.121
    -0.109     0.982    -0.157
    -0.022     0.963    -0.269
    -0.022     0.981    -0.191
     0.028     0.968    -0.251
     0.017     0.995    -0.094
    -0.023     0.968    -0.252
    -0.004     0.963    -0.268
     0.203     0.920    -0.336
    -0.009     0.979    -0.202
     0.105     0.919    -0.379
     0.128     0.953    -0.273
     0.054     0.965    -0.257
     0.278     0.926    -0.256
     0.060     0.987    -0.146
     0.127     0.951    -0.282
     0.189     0.978    -0.091
     0.201     0.952    -0.230
     0.096     0.964    -0.247
     0.214     0.937    -0.276
     0.010     0.972    -0.235
     0.156     0.973    -0.168
    -0.002     0.946    -0.325
     0.065     0.978    -0.196
     0.054     0.976    -0.209
     0.028     0.963    -0.270
     0.018     0.989    -0.147
     0.031     0.979    -0.202
     0.115     0.937    -0.330
     0.159     0.935    -0.318
     0.150     0.962    -0.229
     0.024     0.985    -0.171
     0.148     0.945    -0.291
    -0.086     0.946    -0.314
    -0.039     0.976    -0.216
     0.045     0.975    -0.216
    -0.041     0.964    -0.263
    -0.042     0.930    -0.366
     0.044     0.929    -0.368
    -0.029     0.963    -0.267
     0.091     0.982    -0.166
     0.012     0.930    -0.368
    -0.114     0.925    -0.364
    -0.014     0.987    -0.162
     0.254     0.949    -0.187
    -0.000     0.994    -0.112
     0.092     0.940    -0.330
     0.076     0.965    -0.253
     0.001     0.957    -0.289
     0.023     0.973    -0.231
     0.098     0.938    -0.332
     0.044     0.957    -0.287
     0.014     0.916    -0.401
    -0.067     0.994    -0.092
     0.271     0.936    -0.223
     0.077     0.983    -0.166
     0.139     0.940    -0.311
    -0.014     0.983    -0.181
     0.035     0.967    -0.251
     0.034     0.954    -0.297
     0.029     0.956    -0.293
    -0.060     0.969    -0.240
     0.024     0.974    -0.224
     0.231     0.958    -0.173
     0.030     0.941    -0.336
     0.171     0.898    -0.405
     0.063     0.962    -0.264
     0.029     0.960    -0.279
     0.049     0.960    -0.277
     0.089     0.940    -0.330
     0.024     0.952    -0.306
     0.016     0.943    -0.333
     0.020     0.962    -0.274
     0.114     0.941    -0.318
    -0.105     0.954    -0.279
     0.044     0.960    -0.278
    -0.059     0.988    -0.146
    -0.090     0.954    -0.285
    -0.019     0.974    -0.225
     0.002     0.970    -0.245
     0.100     0.932    -0.348
    -0.124     0.961    -0.249
     0.034     0.955    -0.294
     0.167     0.965    -0.204
     0.055     0.969    -0.241
     0.117     0.969    -0.215
     0.002     0.959    -0.283
     0.099     0.972    -0.211
    -0.081     0.945    -0.317
    -0.013     0.985    -0.172
     0.011     0.991    -0.130
     0.112     0.982    -0.152
     0.078     0.975    -0.206
     0.068     0.979    -0.193
     0.074     0.971    -0.229
    -0.011     0.969    -0.249
     0.068     0.946    -0.316
    -0.011     0.988    -0.156
     0.063     0.968    -0.242
     0.086     0.913    -0.398
     0.140     0.961    -0.237
    -0.034     0.973    -0.230
     0.013     0.978    -0.208
     0.029     0.964    -0.266
     0.042     0.987    -0.152
     0.096     0.941    -0.323
     0.062     0.965    -0.256
     0.135     0.956    -0.260
    -0.051     0.978    -0.204
    -0.029     0.988    -0.149
    -0.225     0.902    -0.367
     0.095     0.979    -0.182
    -0.052     0.925    -0.378
    -0.076     0.904    -0.421
     0.004     0.963    -0.270
    -0.132     0.983    -0.127
     0.080     0.970    -0.228
     0.123     0.963    -0.241
     0.111     0.991    -0.072
     0.080     0.975    -0.207
    -0.147     0.972    -0.186
     0.031     0.944    -0.330
    -0.011     0.922    -0.388
     0.081     0.976    -0.203
    -0.058     0.951    -0.302
    -0.132     0.987    -0.091
     0.139     0.976    -0.166
     0.036     0.974    -0.225
     0.040     0.952    -0.304
     0.088     0.983    -0.162
     0.119     0.988    -0.099
     0.035     0.961    -0.273
     0.075     0.991    -0.114
    -0.003     0.979    -0.206
     0.154     0.983    -0.104
     0.031     0.968    -0.249
     0.048     0.978    -0.205
    -0.005     0.924    -0.382
     0.054     0.944    -0.324
     0.069     0.949    -0.307
     0.197     0.963    -0.182
     0.014     0.993    -0.118
    -0.079     0.972    -0.221
     0.026     0.962    -0.272
     0.001     0.993    -0.118
     0.007     0.984    -0.175
     0.146     0.988    -0.045
    -0.057     0.976    -0.209
    -0.130     0.959    -0.251
    -0.033     0.966    -0.257
     0.080     0.974    -0.213
     0.157     0.959    -0.238
     0.092     0.991    -0.095
     0.098     0.966    -0.240
     0.023     0.988    -0.152
     0.103     0.974    -0.204
     0.057     0.918    -0.391
     0.039     0.996    -0.075
     0.007     0.930    -0.368
     0.062     0.986    -0.157
    -0.056     0.965    -0.258
     0.044     0.975    -0.218
     0.013     0.981    -0.195
     0.069     0.956    -0.286
     0.028     0.985    -0.168
     0.039     0.996    -0.076
     0.048     0.996    -0.071
    -0.094     0.973    -0.211
    -0.007     0.906    -0.424
     0.152     0.987    -0.052
     0.136     0.966    -0.218
     0.161     0.972    -0.169
    -0.009     0.981    -0.194
     0.085     0.919    -0.386
     0.151     0.963    -0.224
     0.101     0.943    -0.317
     0.033     0.976    -0.217
     0.152     0.959    -0.238
    -0.003     0.969    -0.249
     0.048     0.985    -0.168
     0.110     0.960    -0.258
     0.276     0.905    -0.323
    -0.088     0.967    -0.238
    -0.103     0.985    -0.135
    -0.050     0.942    -0.330
     0.071     0.966    -0.250
    -0.003     0.965    -0.263
     0.062     0.988    -0.141
     0.102     0.979    -0.174
     0.069     0.940    -0.333
     0.060     0.933    -0.356
    -0.004     0.973    -0.230
    -0.067     0.970    -0.234
    -0.168     0.967    -0.194
     0.136     0.969    -0.208
    -0.009     0.964    -0.265
     0.135     0.953    -0.272
     0.055     0.968    -0.244
    -0.055     0.912    -0.407
    -0.097     0.984    -0.148
    -0.016     0.928    -0.372
     0.003     0.919    -0.394
     0.120     0.985    -0.126
     0.128     0.957    -0.259
    -0.005     0.927    -0.375
     0.061     0.981    -0.181
     0.163     0.985    -0.050
     0.026     0.980    -0.196
     0.076     0.959    -0.273
    -0.015     0.978    -0.209
     0.055     0.986    -0.156
     0.011     0.944    -0.329
     0.040     0.992    -0.119
     0.007     0.979    -0.205
     0.064     0.945    -0.322
     0.107     0.962    -0.252
     0.219     0.899    -0.380
    -0.011     0.971    -0.239
    -0.030     0.985    -0.167
     0.218     0.968    -0.128
     0.147     0.954    -0.260
    -0.001     0.995    -0.103
     0.009     0.937    -0.349
     0.004     0.969    -0.249
     0.067     0.974    -0.217
     0.031     0.988    -0.154
    -0.023     0.923    -0.384
     0.026     0.988    -0.152
    -0.027     0.982    -0.186
     0.006     0.962    -0.272
     0.099     0.987    -0.130
     0.011     0.974    -0.224
     0.147     0.964    -0.223
     0.097     0.948    -0.303
     0.171     0.978    -0.121
     0.060     0.986    -0.154
     0.152     0.958    -0.243
     0.057     0.968    -0.244
     0.080     0.957    -0.280
     0.044     0.969    -0.241
     0.074     0.986    -0.151
     0.163     0.975    -0.153
     0.122     0.966    -0.227
    -0.111     0.943    -0.314
     0.074     0.907    -0.414
    -0.035     0.989    -0.142
    -0.048     0.965    -0.257
     0.050     0.951    -0.305
     0.016     0.973    -0.230
     0.029     0.959    -0.283
     0.028     0.975    -0.219
    -0.026     0.982    -0.188
     0.100     0.990    -0.097
     0.076     0.916    -0.394
    -0.039     0.951    -0.308
     0.067     0.949    -0.307
     0.093     0.953    -0.288
    -0.038     0.976    -0.214
     0.124     0.967    -0.220
     0.131     0.972    -0.195
     0.112     0.960    -0.257
    -0.148     0.952    -0.268
     0.288     0.908    -0.306
     0.085     0.923    -0.376
    -0.029     0.920    -0.391
     0.040     0.968    -0.247
     0.088     0.984    -0.153
     0.128     0.976    -0.174
     0.099     0.991    -0.087
     0.079     0.982    -0.169
    -0.028     0.974    -0.226
    -0.023     0.985    -0.173
    -0.058     0.931    -0.361
     0.114     0.964    -0.239
    -0.003     0.963    -0.269
     0.039     0.990    -0.134
     0.040     0.976    -0.215
     0.060     0.951    -0.304
     0.104     0.931    -0.351
     0.020     0.977    -0.213
     0.050     0.966    -0.253
     0.019     0.990    -0.143
     0.111     0.944    -0.310
     0.156     0.982    -0.109
     0.146     0.965    -0.216
    -0.065     0.937    -0.345
     0.047     0.970    -0.240
    -0.038     0.955    -0.295
    -0.009     0.965    -0.262
     0.068     0.974    -0.214
    -0.068     0.979    -0.192
    -0.123     0.974    -0.192
     0.089     0.959    -0.268
    -0.032     0.935    -0.353
    -0.010     0.961    -0.275
     0.141     0.962    -0.234
     0.106     0.903    -0.416
     0.077     0.992    -0.099
    -0.007     0.975    -0.224
    -0.120     0.964    -0.237
    -0.156     0.980    -0.121
     0.028     0.936    -0.352
     0.188     0.904    -0.385
     0.172     0.932    -0.319
    -0.040     0.912    -0.409
    -0.013     0.988    -0.156
     0.094     0.986    -0.141
    -0.023     0.964    -0.266
     0.071     0.936    -0.344
    -0.071     0.949    -0.308
     0.214     0.944    -0.251
     0.008     0.966    -0.259
     0.000     0.956    -0.295
     0.054     0.983    -0.175
     0.128     0.943    -0.307
     0.017     0.982    -0.190
    -0.083     0.943    -0.322
    -0.062     0.965    -0.256
     0.186     0.979    -0.077
    -0.068     0.917    -0.393
     0.053     0.984    -0.171
     0.002     0.945    -0.327
    -0.132     0.950    -0.282
     0.046     0.993    -0.106
     0.073     0.993    -0.089
    -0.032     0.973    -0.230
     0.093     0.988    -0.124
     0.041     0.939    -0.343
    -0.019     0.959    -0.284
    -0.001     0.947    -0.322
    -0.206     0.968    -0.145
    -0.050     0.961    -0.272
     0.074     0.939    -0.335
     0.035     0.990    -0.135
     0.035     0.987    -0.155
    -0.044     0.969    -0.244
    -0.092     0.892    -0.443
    -0.037     0.941    -0.337
     0.093     0.988    -0.124
     0.022     0.986    -0.163
    -0.136     0.968    -0.212
    -0.000     0.981    -0.193
    -0.003     0.965    -0.263
     0.044     0.991    -0.129
     0.105     0.934    -0.342
    -0.033     0.979    -0.199
    -0.027     0.931    -0.363
     0.126     0.972    -0.200
     0.106     0.890    -0.443
     0.124     0.986    -0.108
     0.148     0.960    -0.239
     0.026     0.980    -0.195
     0.003     0.962    -0.272
    -0.025     0.953    -0.301
    -0.018     0.961    -0.277
     0.123     0.957    -0.264
    -0.054     0.979    -0.195
    -0.110     0.970    -0.219
     0.083     0.985    -0.154
     0.094     0.959    -0.268
    -0.039     0.982    -0.183
     0.192     0.963    -0.189
     0.142     0.969    -0.201
     0.008     0.991    -0.133
     0.062     0.984    -0.167
    -0.059     0.907    -0.418
     0.137     0.936    -0.325
    -0.025     0.952    -0.306
    -0.080     0.885    -0.458
     0.174     0.963    -0.205
     0.158     0.936    -0.315
     0.127     0.972    -0.195
     0.186     0.966    -0.179
     0.067     0.972    -0.227
     0.176     0.962    -0.211
     0.140     0.963    -0.230
     0.199     0.972    -0.128
     0.038     0.990    -0.136
     0.155     0.947    -0.280
     0.045     0.962    -0.269
     0.054     0.933    -0.356
     0.192     0.975    -0.111
     0.065     0.977    -0.201
     0.090     0.956    -0.278
     0.034     0.949    -0.315
     0.098     0.947    -0.307
     0.022     0.959    -0.282
     0.027     0.945    -0.326
     0.043     0.983    -0.181
     0.037     0.950    -0.310
    -0.090     0.950    -0.298
    -0.021     0.973    -0.228
    -0.003     0.964    -0.264
    -0.010     0.963    -0.269
     0.059     0.969    -0.238
    -0.101     0.981    -0.168
    -0.025     0.965    -0.260
     0.049     0.974    -0.220
     0.099     0.968    -0.231
    -0.000     0.990    -0.141
     0.053     0.952    -0.303
     0.112     0.984    -0.140
     0.177     0.904    -0.390
     0.120     0.958    -0.262
    -0.064     0.978    -0.200
     0.076     0.977    -0.199
     0.069     0.987    -0.148
     0.006     0.974    -0.225
     0.100     0.973    -0.207
     0.134     0.969    -0.207
     0.131     0.977    -0.170
    -0.080     0.900    -0.429
     0.047     0.957    -0.287
     0.100     0.977    -0.188
     0.023     0.952    -0.307
    -0.030     0.997    -0.064
    -0.112     0.993    -0.049
    -0.028     0.900    -0.434
     0.150     0.975    -0.165
     0.084     0.972    -0.218
     0.061     0.972    -0.228
     0.002     0.993    -0.116
    -0.087     0.944    -0.317
     0.075     0.954    -0.289
    -0.009     0.971    -0.237
    -0.040     0.964    -0.261
     0.067     0.974    -0.215
     0.171     0.956    -0.240
     0.077     0.946    -0.315
    -0.068     0.976    -0.207
     0.035     0.974    -0.223
     0.048     0.952    -0.304
     0.091     0.965    -0.247
    -0.103     0.914    -0.392
     0.117     0.942    -0.316
     0.003     0.980    -0.200
     0.010     0.945    -0.327
     0.091     0.969    -0.230
     0.130     0.983    -0.126
     0.022     0.948    -0.318
    -0.002     0.968    -0.251
     0.178     0.950    -0.257
     0.056     0.979    -0.194
     0.000     0.987    -0.159
     0.100     0.942    -0.321
     0.019     0.983    -0.180
     0.012     0.992    -0.127
    -0.058     0.958    -0.282
     0.007     0.994    -0.106
     0.145     0.975    -0.165
    -0.019     0.939    -0.343
     0.208     0.905    -0.371
     0.167     0.925    -0.342
    -0.029     0.981    -0.192
    -0.054     0.959    -0.278
    -0.058     0.981    -0.186
     0.125     0.978    -0.167
    -0.135     0.957    -0.256
     0.150     0.980    -0.131
     0.103     0.975    -0.197
    -0.021     0.985    -0.173
     0.171     0.918    -0.359
     0.047     0.980    -0.194
    -0.042     0.910    -0.412
     0.027     0.973    -0.230
    -0.021     0.976    -0.216
     0.148     0.960    -0.238
     0.111     0.988    -0.103
     0.124     0.963    -0.237
     0.027     0.962    -0.271
     0.013     0.973    -0.231
    -0.054     0.981    -0.185
     0.043     0.976    -0.213
    -0.016     0.952    -0.306
    -0.125     0.957    -0.263
     0.092     0.974    -0.206
     0.108     0.952    -0.287
     0.012     0.988    -0.154
     0.097     0.985    -0.139
    -0.038     0.981    -0.191
     0.011     0.969    -0.245
    -0.013     0.982    -0.190
     0.058     0.967    -0.249
     0.057     0.974    -0.218
     0.108     0.949    -0.296
     0.042     0.985    -0.167
    -0.017     0.925    -0.380
     0.011     0.960    -0.280
    -0.010     0.985    -0.171
     0.176     0.966    -0.187
     0.054     0.947    -0.318
    -0.079     0.964    -0.252
     0.081     0.958    -0.273
    -0.026     0.963    -0.268
    -0.059     0.960    -0.274
    -0.025     0.984    -0.178
    -0.056     0.957    -0.285
     0.007     0.982    -0.190
     0.307     0.944    -0.121
     0.047     0.972    -0.232
     0.115     0.975    -0.188
     0.229     0.953    -0.196
     0.082     0.952    -0.295
    -0.010     0.972    -0.234
     0.013     0.932    -0.362
     0.052     0.964    -0.262
    -0.198     0.967    -0.157
     0.178     0.932    -0.315
     0.174     0.931    -0.320
     0.176     0.983    -0.054
     0.107     0.994    -0.039
     0.038     0.974    -0.222
     0.106     0.968    -0.226
     0.085     0.968    -0.236
     0.127     0.942    -0.310
     0.083     0.930    -0.358
    -0.030     0.983    -0.179
    -0.032     0.966    -0.256
     0.026     0.994    -0.109
     0.080     0.985    -0.151
     0.013     0.988    -0.152
     0.057     0.988    -0.145
     0.091     0.975    -0.203
     0.103     0.935    -0.338
    -0.028     0.985    -0.171
     0.053     0.988    -0.148
     0.038     0.977    -0.210
     0.055     0.971    -0.233
     0.160     0.932    -0.326
     0.106     0.983    -0.147
     0.104     0.972    -0.213
    -0.049     0.966    -0.255
    -0.155     0.942    -0.298
    -0.057     0.977    -0.204
     0.072     0.950    -0.305
     0.000     0.967    -0.256
    -0.049     0.984    -0.172
    -0.008     0.958    -0.286
     0.039     0.968    -0.247
     0.016     0.999    -0.037
     0.077     0.987    -0.145
     0.037     0.971    -0.237
     0.067     0.895    -0.442
    -0.177     0.948    -0.265
     0.016     0.980    -0.200
     0.057     0.980    -0.193
    -0.097     0.987    -0.126
    -0.004     0.960    -0.279
    -0.045     0.964    -0.262
    -0.064     0.967    -0.246
    -0.110     0.978    -0.178
     0.056     0.989    -0.138
    -0.020     0.959    -0.282
     0.108     0.973    -0.202
     0.175     0.966    -0.190
     0.190     0.967    -0.171
    -0.066     0.943    -0.325
    -0.153     0.968    -0.201
    -0.047     0.924    -0.381
     0.071     0.942    -0.329
    -0.044     0.980    -0.195
     0.094     0.983    -0.159
    -0.029     0.971    -0.235
    -0.025     0.970    -0.241
    -0.047     0.956    -0.289
     0.106     0.980    -0.167
     0.086     0.941    -0.328
    -0.091     0.937    -0.337
     0.222     0.936    -0.273
    -0.008     0.975    -0.222
     0.071     0.940    -0.334
     0.054     0.969    -0.239
    -0.012     0.914    -0.406
     0.040     0.969    -0.242
     0.051     0.996    -0.077
     0.156     0.979    -0.131
     0.083     0.973    -0.214
     0.066     0.993    -0.100
     0.055     0.961    -0.273
     0.004     0.980    -0.197
    -0.133     0.966    -0.222
     0.212     0.976     0.048
    -0.070     0.939    -0.337
    -0.023     0.972    -0.232
     0.051     0.977    -0.208
    -0.013     0.984    -0.177
     0.085     0.984    -0.154
     0.127     0.988    -0.090
    -0.010     0.953    -0.302
     0.099     0.966    -0.240
     0.067     0.946    -0.316
     0.009     0.991    -0.132
     0.087     0.981    -0.172
     0.044     0.973    -0.225
     0.135     0.961    -0.243
     0.070     0.974    -0.217
     0.170     0.891    -0.421
    -0.098     0.957    -0.274
     0.104     0.896    -0.432
     0.071     0.940    -0.333
     0.002     0.944    -0.329
     0.056     0.932    -0.357
     0.016     0.986    -0.169
    -0.047     0.970    -0.240
    -0.031     0.981    -0.190
     0.038     0.969    -0.244
    -0.050     0.987    -0.152
     0.090     0.949    -0.303
     0.056     0.973    -0.224
     0.036     0.990    -0.134
    -0.067     0.979    -0.193
    -0.078     0.989    -0.124
    -0.077     0.984    -0.161
    -0.044     0.971    -0.237
    -0.011     0.935    -0.355
     0.184     0.945    -0.270
     0.091     0.992    -0.082
     0.102     0.964    -0.246
     0.033     0.971    -0.237
     0.113     0.994    -0.010
     0.035     0.949    -0.312
     0.053     0.951    -0.306
    -0.055     0.982    -0.181
     0.006     0.976    -0.217
     0.013     0.972    -0.236
    -0.006     0.974    -0.229
     0.061     0.945    -0.320
     0.109     0.956    -0.272
    -0.086     0.967    -0.241
     0.153     0.984    -0.091
    -0.081     0.974    -0.213
     0.001     0.991    -0.137
     0.001     0.963    -0.270
     0.173     0.937    -0.303
    -0.057     0.964    -0.261
    -0.054     0.950    -0.306
    -0.033     0.933    -0.357
     0.154     0.982    -0.114
     0.047     0.937    -0.345
     0.024     0.974    -0.227
     0.168     0.946    -0.278
     0.096     0.952    -0.291
    -0.013     0.977    -0.215
     0.012     0.952    -0.304
     0.129     0.960    -0.250
     0.091     0.951    -0.295
    -0.026     0.907    -0.420
     0.123     0.936    -0.329
     0.068     0.993    -0.098
     0.104     0.972    -0.212
     0.011     0.955    -0.296
     0.050     0.956    -0.290
     0.087     0.919    -0.384
     0.088     0.981    -0.171
     0.051     0.975    -0.215
     0.017     0.969    -0.247
     0.120     0.981    -0.150
    -0.075     0.923    -0.377
     0.072     0.967    -0.246
     0.048     0.995    -0.089
     0.119     0.950    -0.289
     0.105     0.983    -0.148
     0.080     0.969    -0.233
    -0.017     0.947    -0.321
    -0.087     0.952    -0.294
     0.047     0.953    -0.298
     0.125     0.983    -0.135
     0.031     0.975    -0.221
     0.068     0.985    -0.157
     0.038     0.999    -0.003
     0.074     0.910    -0.409
     0.017     0.984    -0.179
     0.125     0.957    -0.263
     0.050     0.987    -0.153
     0.129     0.966    -0.225
    -0.105     0.905    -0.413
    -0.007     0.986    -0.169
     0.022     0.984    -0.176
    -0.111     0.943    -0.313
    -0.027     0.982    -0.185
    -0.063     0.980    -0.188
     0.125     0.980    -0.155
     0.012     0.973    -0.231
     0.023     0.999    -0.039
     0.024     0.959    -0.284
     0.047     0.965    -0.256
     0.245     0.957    -0.158
     0.115     0.981    -0.154
     0.083     0.941    -0.328
