    -0.064     0.429     0.901
     0.010     0.439     0.898
     0.011     0.446     0.895
    -0.072     0.547     0.834
     0.023     0.467     0.884
    -0.020     0.338     0.941
     0.005     0.499     0.867
     0.017     0.452     0.892
    -0.063     0.359     0.931
    -0.017     0.514     0.857
     0.018     0.435     0.900
     0.033     0.594     0.804
     0.155     0.452     0.879
    -0.093     0.437     0.895
    -0.034     0.508     0.861
    -0.026     0.514     0.858
    -0.010     0.413     0.911
    -0.054     0.458     0.887
     0.152     0.525     0.837
     0.030     0.540     0.841
    -0.017     0.415     0.910
    -0.044     0.418     0.908
    -0.076     0.463     0.883
    -0.000     0.470     0.883
     0.050     0.472     0.880
    -0.037     0.429     0.903
     0.060     0.411     0.910
    -0.075     0.441     0.894
     0.050     0.411     0.910
    -0.016     0.523     0.852
    -0.039     0.450     0.892
    -0.113     0.507     0.854
     0.037     0.479     0.877
     0.056     0.513     0.856
     0.027     0.527     0.850
    -0.015     0.510     0.860
    -0.079     0.493     0.866
     0.066     0.505     0.861
    -0.018     0.415     0.910
    -0.086     0.501     0.861
     0.082     0.537     0.840
    -0.005     0.423     0.906
     0.014     0.539     0.842
     0.036     0.489     0.871
    -0.017     0.422     0.907
    -0.032     0.471     0.882
     0.001     0.511     0.860
     0.057     0.436     0.898
     0.004     0.516     0.857
    -0.063     0.447     0.892
    -0.024     0.472     0.882
    -0.077     0.449     0.890
     0.056     0.514     0.856
     0.006     0.579     0.815
    -0.029     0.399     0.916
     0.006     0.378     0.926
     0.088     0.497     0.863
     0.006     0.478     0.878
     0.041     0.491     0.870
    -0.053     0.451     0.891
    -0.026     0.392     0.919
    -0.027     0.523     0.852
    -0.041     0.532     0.846
    -0.046     0.488     0.871
    -0.132     0.498     0.857
     0.002     0.535     0.845
     0.035     0.529     0.848
    -0.003     0.556     0.831
    -0.016     0.442     0.897
    -0.002     0.480     0.877
    -0.027     0.487     0.873
    -0.058     0.493     0.868
     0.006     0.468     0.883
     0.011     0.477     0.879
     0.040     0.413     0.910
     0.118     0.411     0.904
     0.141     0.417     0.898
    -0.003     0.436     0.900
    -0.010     0.440     0.898
     0.041     0.504     0.863
    -0.052     0.484     0.873
    -0.031     0.489     0.872
    -0.098     0.532     0.841
     0.057     0.556     0.829
    -0.056     0.497     0.866
    -0.000     0.474     0.880
     0.047     0.414     0.909
    -0.042     0.448     0.893
     0.094     0.423     0.901
     0.063     0.375     0.925
    -0.089     0.516     0.852
    -0.098     0.459     0.883
     0.003     0.506     0.863
     0.033     0.451     0.892
    -0.019     0.411     0.911
    -0.050     0.520     0.852
    -0.044     0.452     0.891
     0.083     0.511     0.856
    -0.002     0.413     0.911
    -0.024     0.512     0.859
     0.053     0.472     0.880
    -0.021     0.529     0.848
    -0.089     0.478     0.874
     0.006     0.405     0.914
     0.002     0.453     0.891
    -0.104     0.542     0.834
    -0.044     0.452     0.891
     0.020     0.409     0.912
    -0.083     0.504     0.860
     0.111     0.489     0.865
     0.048     0.451     0.891
    -0.024     0.465     0.885
    -0.188     0.514     0.837
    -0.000     0.373     0.928
     0.032     0.511     0.859
    -0.042     0.436     0.899
    -0.047     0.505     0.862
     0.021     0.541     0.841
     0.068     0.515     0.855
    -0.070     0.455     0.888
     0.032     0.404     0.914
    -0.016     0.541     0.841
     0.020     0.494     0.869
    -0.062     0.485     0.872
     0.141     0.473     0.870
     0.230     0.417     0.879
     0.047     0.532     0.845
    -0.070     0.357     0.931
    -0.121     0.506     0.854
     0.023     0.485     0.874
     0.006     0.359     0.933
     0.108     0.458     0.882
     0.038     0.442     0.896
    -0.018     0.520     0.854
    -0.059     0.515     0.855
     0.079     0.506     0.859
     0.047     0.491     0.870
     0.021     0.453     0.891
    -0.023     0.435     0.900
     0.037     0.475     0.879
     0.097     0.522     0.847
     0.042     0.421     0.906
     0.001     0.435     0.900
     0.147     0.550     0.822
     0.020     0.517     0.856
     0.053     0.492     0.869
     0.066     0.510     0.858
    -0.041     0.524     0.851
    -0.072     0.494     0.867
     0.053     0.564     0.824
     0.010     0.400     0.917
    -0.017     0.514     0.857
     0.050     0.409     0.911
    -0.000     0.524     0.852
    -0.003     0.324     0.946
    -0.044     0.489     0.871
    -0.085     0.500     0.862
    -0.015     0.510     0.860
     0.047     0.492     0.869
    -0.015     0.457     0.890
     0.014     0.438     0.899
    -0.097     0.510     0.854
     0.083     0.468     0.880
     0.079     0.520     0.850
    -0.006     0.459     0.888
    -0.042     0.467     0.884
     0.001     0.463     0.886
    -0.084     0.457     0.886
    -0.014     0.585     0.811
    -0.066     0.534     0.843
    -0.014     0.535     0.845
     0.075     0.519     0.852
    -0.067     0.542     0.838
     0.011     0.499     0.867
     0.023     0.484     0.875
     0.076     0.437     0.896
     0.028     0.403     0.915
     0.034     0.474     0.880
    -0.074     0.526     0.847
    -0.062     0.484     0.873
    -0.051     0.446     0.893
     0.025     0.420     0.907
     0.025     0.497     0.867
     0.010     0.506     0.863
    -0.022     0.493     0.870
    -0.077     0.376     0.924
    -0.065     0.394     0.917
    -0.055     0.401     0.914
    -0.055     0.511     0.858
    -0.032     0.403     0.914
     0.017     0.471     0.882
    -0.118     0.435     0.893
     0.024     0.561     0.827
     0.023     0.340     0.940
     0.086     0.391     0.916
     0.043     0.464     0.885
    -0.016     0.475     0.880
     0.091     0.509     0.856
