     0.087    -0.220    -0.972
    -0.021    -0.336    -0.942
     0.119    -0.268    -0.956
     0.046    -0.233    -0.971
     0.201    -0.172    -0.964
     0.067    -0.386    -0.920
    -0.103    -0.238    -0.966
    -0.015    -0.339    -0.941
     0.037    -0.210    -0.977
     0.042    -0.201    -0.979
     0.037    -0.246    -0.968
    -0.048    -0.266    -0.963
     0.029    -0.134    -0.990
    -0.045    -0.196    -0.980
     0.221    -0.267    -0.938
    -0.088    -0.266    -0.960
    -0.021    -0.188    -0.982
     0.077    -0.188    -0.979
     0.215    -0.293    -0.932
     0.239    -0.258    -0.936
     0.008    -0.386    -0.922
    -0.001    -0.333    -0.943
     0.127    -0.369    -0.921
     0.075    -0.161    -0.984
    -0.032    -0.206    -0.978
     0.248    -0.293    -0.923
     0.027    -0.324    -0.946
     0.122    -0.117    -0.986
     0.102    -0.352    -0.930
     0.037    -0.291    -0.956
     0.126    -0.293    -0.948
     0.058    -0.197    -0.979
     0.060    -0.139    -0.988
     0.190    -0.394    -0.899
     0.166    -0.228    -0.959
    -0.036    -0.286    -0.958
     0.094    -0.327    -0.940
     0.148    -0.235    -0.961
    -0.011    -0.296    -0.955
     0.181    -0.228    -0.957
     0.123    -0.312    -0.942
     0.026    -0.386    -0.922
     0.034    -0.317    -0.948
     0.034    -0.366    -0.930
    -0.126    -0.470    -0.873
    -0.068    -0.355    -0.932
     0.019    -0.271    -0.962
     0.097    -0.240    -0.966
     0.012    -0.274    -0.962
     0.143    -0.260    -0.955
     0.221    -0.152    -0.963
    -0.200    -0.199    -0.959
     0.091    -0.368    -0.925
     0.250    -0.393    -0.885
     0.203    -0.291    -0.935
    -0.029    -0.238    -0.971
     0.069    -0.206    -0.976
     0.032    -0.396    -0.918
     0.074    -0.215    -0.974
    -0.103    -0.397    -0.912
     0.096    -0.339    -0.936
    -0.039    -0.377    -0.926
     0.104    -0.161    -0.981
     0.098    -0.256    -0.962
     0.079    -0.298    -0.951
     0.013    -0.180    -0.984
     0.110    -0.367    -0.924
     0.060    -0.234    -0.970
     0.005    -0.274    -0.962
     0.087    -0.182    -0.979
     0.004    -0.115    -0.993
     0.022    -0.297    -0.955
     0.214    -0.408    -0.887
    -0.083    -0.342    -0.936
     0.138    -0.346    -0.928
     0.147    -0.217    -0.965
    -0.013    -0.303    -0.953
     0.058    -0.236    -0.970
     0.019    -0.333    -0.943
    -0.102    -0.299    -0.949
     0.026    -0.311    -0.950
     0.084    -0.344    -0.935
     0.021    -0.475    -0.880
    -0.003    -0.200    -0.980
    -0.033    -0.199    -0.979
     0.090    -0.504    -0.859
     0.036    -0.252    -0.967
    -0.021    -0.156    -0.988
     0.071    -0.405    -0.911
    -0.029    -0.268    -0.963
     0.053    -0.244    -0.968
     0.043    -0.295    -0.955
    -0.012    -0.274    -0.962
     0.010    -0.350    -0.937
    -0.012    -0.194    -0.981
     0.150    -0.352    -0.924
     0.095    -0.213    -0.973
     0.004    -0.326    -0.945
     0.128    -0.299    -0.946
     0.054    -0.203    -0.978
    -0.049    -0.404    -0.913
     0.098    -0.205    -0.974
    -0.039    -0.300    -0.953
    -0.022    -0.096    -0.995
    -0.091    -0.334    -0.938
     0.081    -0.240    -0.968
    -0.017    -0.285    -0.958
     0.040    -0.351    -0.936
     0.081    -0.366    -0.927
     0.058    -0.122    -0.991
     0.048    -0.401    -0.915
     0.022    -0.177    -0.984
     0.125    -0.255    -0.959
     0.129    -0.296    -0.946
     0.149    -0.274    -0.950
    -0.076    -0.330    -0.941
     0.011    -0.268    -0.963
     0.058    -0.339    -0.939
    -0.016    -0.233    -0.972
    -0.044    -0.233    -0.972
     0.134    -0.278    -0.951
     0.062    -0.299    -0.952
    -0.167    -0.325    -0.931
     0.023    -0.313    -0.949
     0.096    -0.143    -0.985
     0.008    -0.352    -0.936
     0.084    -0.209    -0.974
     0.134    -0.266    -0.955
     0.182    -0.265    -0.947
    -0.049    -0.267    -0.962
    -0.042    -0.240    -0.970
     0.121    -0.350    -0.929
     0.109    -0.324    -0.940
     0.088    -0.304    -0.949
     0.175    -0.352    -0.920
    -0.082    -0.201    -0.976
     0.121    -0.241    -0.963
    -0.063    -0.381    -0.923
     0.075    -0.269    -0.960
     0.134    -0.186    -0.973
     0.021    -0.148    -0.989
    -0.013    -0.261    -0.965
     0.221    -0.364    -0.905
     0.195    -0.405    -0.893
     0.002    -0.362    -0.932
     0.123    -0.152    -0.981
    -0.057    -0.316    -0.947
     0.137    -0.235    -0.962
     0.193    -0.398    -0.897
     0.136    -0.333    -0.933
    -0.017    -0.309    -0.951
     0.181    -0.354    -0.918
     0.060    -0.324    -0.944
    -0.189    -0.193    -0.963
     0.126    -0.312    -0.942
     0.033    -0.275    -0.961
    -0.077    -0.333    -0.940
     0.093    -0.336    -0.937
    -0.147    -0.222    -0.964
     0.002    -0.325    -0.946
     0.030    -0.180    -0.983
     0.005    -0.244    -0.970
     0.117    -0.284    -0.952
    -0.131    -0.223    -0.966
     0.001    -0.353    -0.936
     0.166    -0.389    -0.906
     0.131    -0.379    -0.916
     0.115    -0.280    -0.953
     0.005    -0.292    -0.956
     0.031    -0.468    -0.883
     0.093    -0.103    -0.990
     0.123    -0.368    -0.922
     0.099    -0.255    -0.962
    -0.002    -0.266    -0.964
    -0.105    -0.499    -0.860
     0.096    -0.373    -0.923
     0.134    -0.292    -0.947
     0.160    -0.341    -0.926
     0.090    -0.370    -0.925
     0.194    -0.217    -0.957
     0.214    -0.387    -0.897
     0.102    -0.356    -0.929
     0.104    -0.314    -0.944
    -0.013    -0.335    -0.942
    -0.138    -0.291    -0.947
     0.186    -0.215    -0.959
     0.012    -0.327    -0.945
    -0.000    -0.359    -0.933
     0.079    -0.332    -0.940
    -0.055    -0.254    -0.966
    -0.014    -0.083    -0.996
    -0.061    -0.374    -0.925
    -0.041    -0.396    -0.917
    -0.197    -0.220    -0.955
     0.221    -0.194    -0.956
     0.226    -0.121    -0.966
    -0.005    -0.363    -0.932
     0.131    -0.325    -0.937
     0.071    -0.287    -0.955
     0.126    -0.049    -0.991
     0.266    -0.207    -0.941
    -0.072    -0.215    -0.974
     0.011    -0.260    -0.965
    -0.043    -0.342    -0.939
    -0.015    -0.174    -0.985
     0.135    -0.336    -0.932
     0.014    -0.286    -0.958
     0.253    -0.165    -0.953
     0.060    -0.177    -0.982
     0.074    -0.533    -0.843
     0.053    -0.143    -0.988
    -0.030    -0.275    -0.961
     0.128    -0.273    -0.953
    -0.045    -0.424    -0.905
     0.129    -0.225    -0.966
     0.043    -0.361    -0.932
     0.005    -0.180    -0.984
     0.166    -0.273    -0.948
     0.009    -0.259    -0.966
     0.071    -0.271    -0.960
     0.068    -0.336    -0.939
    -0.052    -0.299    -0.953
     0.023    -0.424    -0.906
     0.025    -0.304    -0.952
     0.012    -0.209    -0.978
    -0.102    -0.232    -0.967
     0.038    -0.284    -0.958
    -0.008    -0.348    -0.937
    -0.139    -0.267    -0.953
    -0.025    -0.408    -0.913
     0.037    -0.268    -0.963
     0.201    -0.360    -0.911
     0.043    -0.324    -0.945
    -0.040    -0.293    -0.955
     0.026    -0.396    -0.918
     0.081    -0.285    -0.955
     0.145    -0.496    -0.856
     0.296    -0.278    -0.914
    -0.044    -0.046    -0.998
     0.036    -0.311    -0.950
     0.072    -0.266    -0.961
    -0.021    -0.202    -0.979
     0.138    -0.028    -0.990
     0.096    -0.209    -0.973
     0.003    -0.277    -0.961
    -0.020    -0.265    -0.964
    -0.007    -0.258    -0.966
    -0.090    -0.369    -0.925
    -0.070    -0.276    -0.959
    -0.055    -0.250    -0.967
     0.145    -0.365    -0.920
     0.207    -0.382    -0.901
     0.074    -0.247    -0.966
    -0.024    -0.249    -0.968
    -0.046    -0.452    -0.891
     0.037    -0.184    -0.982
     0.002    -0.243    -0.970
     0.015    -0.293    -0.956
     0.051    -0.304    -0.951
     0.007    -0.268    -0.963
    -0.004    -0.406    -0.914
     0.075    -0.219    -0.973
    -0.044    -0.228    -0.973
    -0.008    -0.260    -0.966
     0.123    -0.263    -0.957
     0.042    -0.216    -0.976
    -0.040    -0.284    -0.958
     0.097    -0.394    -0.914
     0.048    -0.249    -0.967
     0.007    -0.165    -0.986
    -0.037    -0.284    -0.958
     0.060    -0.298    -0.953
    -0.000    -0.233    -0.973
    -0.093    -0.385    -0.918
     0.037    -0.175    -0.984
    -0.046    -0.320    -0.946
     0.131    -0.256    -0.958
     0.056    -0.233    -0.971
    -0.011    -0.462    -0.887
     0.009    -0.295    -0.956
     0.023    -0.341    -0.940
     0.091    -0.334    -0.938
     0.133    -0.201    -0.970
     0.095    -0.288    -0.953
     0.188    -0.200    -0.962
    -0.097    -0.266    -0.959
     0.069    -0.284    -0.956
    -0.076    -0.389    -0.918
     0.211    -0.330    -0.920
     0.019    -0.409    -0.912
    -0.062    -0.220    -0.973
    -0.031    -0.176    -0.984
     0.122    -0.109    -0.987
     0.062    -0.278    -0.958
    -0.015    -0.241    -0.970
     0.062    -0.319    -0.946
    -0.045    -0.341    -0.939
     0.007    -0.267    -0.964
    -0.003    -0.302    -0.953
     0.033    -0.115    -0.993
     0.076    -0.310    -0.948
     0.006    -0.252    -0.968
     0.031    -0.207    -0.978
    -0.048    -0.292    -0.955
    -0.052    -0.202    -0.978
    -0.044    -0.378    -0.925
     0.013    -0.343    -0.939
    -0.037    -0.254    -0.967
     0.032    -0.359    -0.933
     0.270    -0.404    -0.874
    -0.012    -0.196    -0.980
     0.013    -0.247    -0.969
    -0.024    -0.333    -0.943
     0.071    -0.345    -0.936
    -0.031    -0.207    -0.978
     0.146    -0.328    -0.933
     0.186    -0.298    -0.936
    -0.055    -0.182    -0.982
    -0.092    -0.275    -0.957
     0.012    -0.356    -0.935
     0.038    -0.215    -0.976
     0.123    -0.406    -0.906
    -0.034    -0.262    -0.964
     0.183    -0.320    -0.929
     0.169    -0.298    -0.940
    -0.026    -0.265    -0.964
     0.074    -0.428    -0.901
    -0.011    -0.258    -0.966
     0.052    -0.441    -0.896
    -0.015    -0.400    -0.917
    -0.066    -0.271    -0.960
     0.020    -0.300    -0.954
     0.206    -0.178    -0.962
     0.117    -0.337    -0.934
     0.069    -0.291    -0.954
     0.035    -0.302    -0.953
     0.178    -0.245    -0.953
    -0.072    -0.141    -0.987
     0.220    -0.397    -0.891
     0.123    -0.409    -0.904
    -0.003    -0.230    -0.973
    -0.057    -0.194    -0.979
     0.039    -0.175    -0.984
     0.020    -0.347    -0.938
     0.078    -0.197    -0.977
    -0.014    -0.146    -0.989
     0.078    -0.256    -0.963
     0.020    -0.219    -0.976
     0.179    -0.301    -0.936
     0.176    -0.298    -0.938
     0.134    -0.313    -0.940
     0.026    -0.270    -0.962
     0.055    -0.195    -0.979
     0.021    -0.337    -0.941
     0.063    -0.175    -0.983
     0.114    -0.081    -0.990
     0.072    -0.294    -0.953
     0.066    -0.301    -0.951
    -0.077    -0.332    -0.940
     0.029    -0.278    -0.960
     0.094    -0.251    -0.963
     0.004    -0.322    -0.947
     0.071    -0.414    -0.907
    -0.003    -0.353    -0.936
     0.032    -0.233    -0.972
     0.076    -0.311    -0.947
    -0.068    -0.219    -0.973
    -0.076    -0.223    -0.972
     0.063    -0.253    -0.965
     0.155    -0.309    -0.938
     0.071    -0.452    -0.889
     0.099    -0.180    -0.979
     0.098    -0.314    -0.945
     0.121    -0.209    -0.970
     0.154    -0.445    -0.882
    -0.208    -0.121    -0.971
    -0.037    -0.263    -0.964
    -0.019    -0.219    -0.976
     0.154    -0.209    -0.966
     0.101    -0.208    -0.973
     0.119    -0.432    -0.894
     0.089    -0.378    -0.921
    -0.086    -0.287    -0.954
     0.174    -0.241    -0.955
     0.000    -0.290    -0.957
     0.030    -0.194    -0.981
    -0.043    -0.184    -0.982
     0.128    -0.114    -0.985
     0.019    -0.421    -0.907
     0.185    -0.342    -0.921
     0.058    -0.287    -0.956
    -0.018    -0.423    -0.906
    -0.156    -0.325    -0.933
     0.128    -0.350    -0.928
     0.051    -0.254    -0.966
     0.077    -0.192    -0.978
     0.032    -0.188    -0.982
    -0.049    -0.268    -0.962
    -0.009    -0.264    -0.965
    -0.108    -0.448    -0.887
     0.028    -0.369    -0.929
    -0.012    -0.233    -0.972
    -0.055    -0.319    -0.946
     0.036    -0.292    -0.956
     0.181    -0.244    -0.953
     0.243    -0.284    -0.928
     0.156    -0.297    -0.942
     0.047    -0.333    -0.942
     0.233    -0.404    -0.885
     0.031    -0.257    -0.966
     0.125    -0.372    -0.920
    -0.125    -0.118    -0.985
     0.028    -0.398    -0.917
     0.111    -0.253    -0.961
    -0.070    -0.312    -0.948
     0.046    -0.238    -0.970
     0.093    -0.409    -0.908
     0.011    -0.289    -0.957
    -0.060    -0.175    -0.983
     0.074    -0.380    -0.922
    -0.039    -0.434    -0.900
     0.019    -0.345    -0.938
     0.022    -0.320    -0.947
    -0.051    -0.141    -0.989
     0.064     0.000    -0.998
     0.076    -0.320    -0.944
    -0.029    -0.210    -0.977
    -0.068    -0.223    -0.973
     0.048    -0.182    -0.982
    -0.140    -0.185    -0.973
    -0.002    -0.250    -0.968
     0.061    -0.247    -0.967
    -0.079    -0.277    -0.958
     0.039    -0.336    -0.941
     0.109    -0.329    -0.938
    -0.165    -0.212    -0.963
     0.030    -0.287    -0.958
    -0.044    -0.222    -0.974
     0.029    -0.396    -0.918
     0.079    -0.335    -0.939
    -0.032    -0.331    -0.943
     0.051    -0.240    -0.969
     0.115    -0.231    -0.966
     0.057    -0.250    -0.967
    -0.030    -0.150    -0.988
     0.032    -0.257    -0.966
    -0.006    -0.285    -0.959
     0.250    -0.159    -0.955
    -0.027    -0.237    -0.971
     0.116    -0.288    -0.951
    -0.100    -0.283    -0.954
     0.225    -0.229    -0.947
     0.043    -0.376    -0.925
     0.030    -0.106    -0.994
    -0.077    -0.141    -0.987
    -0.042    -0.353    -0.935
     0.135    -0.297    -0.945
     0.116    -0.261    -0.958
    -0.003    -0.383    -0.924
    -0.047    -0.389    -0.920
     0.131    -0.238    -0.962
     0.120    -0.339    -0.933
     0.038    -0.304    -0.952
     0.029    -0.377    -0.926
     0.150    -0.306    -0.940
    -0.004    -0.300    -0.954
    -0.052    -0.125    -0.991
     0.031    -0.302    -0.953
     0.081    -0.189    -0.979
     0.031    -0.362    -0.932
     0.055    -0.280    -0.959
    -0.023    -0.415    -0.910
    -0.014    -0.193    -0.981
     0.001    -0.259    -0.966
     0.086    -0.200    -0.976
     0.084    -0.196    -0.977
     0.115    -0.167    -0.979
     0.157    -0.273    -0.949
     0.048    -0.220    -0.974
     0.101    -0.269    -0.958
    -0.043    -0.379    -0.925
     0.063    -0.308    -0.949
    -0.003    -0.216    -0.976
     0.089    -0.101    -0.991
    -0.228    -0.302    -0.926
     0.033    -0.207    -0.978
     0.009    -0.271    -0.963
     0.136    -0.301    -0.944
     0.087    -0.334    -0.939
     0.205    -0.331    -0.921
    -0.038    -0.343    -0.938
    -0.071    -0.284    -0.956
    -0.003    -0.257    -0.966
     0.067    -0.497    -0.865
     0.010    -0.271    -0.962
     0.114    -0.266    -0.957
    -0.043    -0.339    -0.940
     0.077    -0.213    -0.974
    -0.034    -0.313    -0.949
    -0.060    -0.418    -0.907
    -0.057    -0.298    -0.953
     0.116    -0.336    -0.935
     0.132    -0.263    -0.956
     0.104    -0.339    -0.935
    -0.026    -0.253    -0.967
     0.098    -0.239    -0.966
     0.107    -0.211    -0.972
     0.080    -0.297    -0.951
     0.045    -0.281    -0.959
     0.007    -0.256    -0.967
     0.036    -0.341    -0.939
     0.227    -0.323    -0.919
    -0.098    -0.307    -0.947
    -0.050    -0.221    -0.974
     0.040    -0.390    -0.920
     0.016    -0.194    -0.981
     0.135    -0.183    -0.974
    -0.039    -0.198    -0.979
     0.052    -0.167    -0.985
     0.034    -0.157    -0.987
     0.048    -0.246    -0.968
     0.156    -0.407    -0.900
     0.116    -0.134    -0.984
     0.096    -0.239    -0.966
    -0.001    -0.479    -0.878
    -0.139    -0.153    -0.978
     0.168    -0.154    -0.974
     0.179    -0.372    -0.911
     0.033    -0.326    -0.945
     0.166    -0.369    -0.915
    -0.132    -0.311    -0.941
     0.128    -0.381    -0.916
     0.009    -0.307    -0.952
     0.179    -0.265    -0.947
     0.007    -0.343    -0.939
    -0.031    -0.404    -0.914
     0.099    -0.349    -0.932
    -0.183    -0.247    -0.951
    -0.054    -0.297    -0.953
     0.040    -0.316    -0.948
     0.010    -0.165    -0.986
     0.102    -0.381    -0.919
    -0.066    -0.421    -0.904
     0.044    -0.235    -0.971
     0.086    -0.142    -0.986
     0.160    -0.329    -0.931
    -0.007    -0.300    -0.954
    -0.013    -0.316    -0.949
     0.083    -0.185    -0.979
     0.070    -0.275    -0.959
     0.117    -0.262    -0.958
     0.100    -0.314    -0.944
    -0.032    -0.263    -0.964
     0.163    -0.163    -0.973
     0.089    -0.210    -0.974
     0.001    -0.236    -0.972
     0.191    -0.151    -0.970
     0.160    -0.231    -0.960
     0.098    -0.254    -0.962
     0.027    -0.139    -0.990
    -0.026    -0.411    -0.911
     0.076    -0.165    -0.983
     0.100    -0.174    -0.980
    -0.016    -0.280    -0.960
    -0.110    -0.339    -0.934
     0.034    -0.280    -0.959
     0.016    -0.289    -0.957
     0.002    -0.427    -0.904
     0.119    -0.336    -0.934
     0.112    -0.255    -0.960
     0.110    -0.371    -0.922
     0.013    -0.459    -0.888
     0.080    -0.370    -0.926
     0.103    -0.323    -0.941
     0.020    -0.214    -0.977
    -0.047    -0.212    -0.976
    -0.037    -0.323    -0.946
     0.032    -0.266    -0.963
    -0.006    -0.311    -0.950
     0.024    -0.225    -0.974
    -0.057    -0.332    -0.941
     0.090    -0.317    -0.944
     0.071    -0.189    -0.979
     0.061    -0.264    -0.963
    -0.039    -0.360    -0.932
    -0.044    -0.188    -0.981
     0.180    -0.416    -0.891
    -0.039    -0.352    -0.935
     0.091    -0.273    -0.958
     0.057    -0.495    -0.867
     0.152    -0.400    -0.904
    -0.071    -0.293    -0.953
     0.207    -0.362    -0.909
     0.005    -0.230    -0.973
     0.166    -0.443    -0.881
     0.054    -0.328    -0.943
    -0.124    -0.326    -0.937
     0.021    -0.325    -0.946
    -0.009    -0.274    -0.962
     0.117    -0.270    -0.956
     0.042    -0.186    -0.982
    -0.002    -0.445    -0.896
    -0.011    -0.384    -0.923
     0.195    -0.301    -0.934
     0.102    -0.290    -0.952
     0.046    -0.234    -0.971
     0.118    -0.261    -0.958
    -0.011    -0.274    -0.962
     0.070    -0.375    -0.924
     0.006    -0.340    -0.940
     0.023    -0.316    -0.948
     0.076    -0.116    -0.990
     0.031    -0.171    -0.985
     0.112    -0.245    -0.963
     0.087    -0.326    -0.942
     0.163    -0.307    -0.938
     0.025    -0.397    -0.917
     0.006    -0.272    -0.962
     0.139    -0.150    -0.979
     0.014    -0.119    -0.993
    -0.010    -0.188    -0.982
     0.150    -0.054    -0.987
    -0.119    -0.260    -0.958
     0.011    -0.301    -0.954
    -0.052    -0.381    -0.923
     0.161    -0.233    -0.959
     0.078    -0.415    -0.906
    -0.069    -0.372    -0.926
    -0.011    -0.205    -0.979
     0.096    -0.301    -0.949
     0.178    -0.276    -0.945
    -0.037    -0.303    -0.952
     0.058    -0.341    -0.938
     0.025    -0.204    -0.979
    -0.034    -0.317    -0.948
     0.047    -0.272    -0.961
     0.032    -0.214    -0.976
    -0.130    -0.231    -0.964
     0.043    -0.232    -0.972
     0.084    -0.202    -0.976
    -0.005    -0.231    -0.973
    -0.010    -0.166    -0.986
     0.034    -0.401    -0.915
    -0.015    -0.234    -0.972
     0.077    -0.387    -0.919
    -0.105    -0.259    -0.960
    -0.016    -0.267    -0.964
     0.024    -0.377    -0.926
     0.136    -0.192    -0.972
     0.001    -0.208    -0.978
     0.046    -0.335    -0.941
     0.047    -0.314    -0.948
     0.071    -0.194    -0.978
     0.169    -0.320    -0.932
    -0.088    -0.143    -0.986
    -0.068    -0.314    -0.947
    -0.001    -0.315    -0.949
     0.118    -0.263    -0.958
     0.189    -0.330    -0.925
    -0.123    -0.353    -0.927
     0.103    -0.304    -0.947
     0.029    -0.383    -0.923
     0.100    -0.129    -0.987
     0.095    -0.451    -0.887
    -0.074    -0.378    -0.923
     0.088    -0.183    -0.979
     0.170    -0.379    -0.910
    -0.036    -0.315    -0.948
     0.007    -0.188    -0.982
     0.053    -0.490    -0.870
     0.068    -0.328    -0.942
    -0.078    -0.357    -0.931
    -0.023    -0.136    -0.990
     0.077    -0.313    -0.947
     0.046    -0.153    -0.987
     0.126    -0.120    -0.985
    -0.027    -0.388    -0.921
     0.061    -0.366    -0.929
    -0.027    -0.293    -0.956
     0.037    -0.277    -0.960
     0.124    -0.367    -0.922
     0.044    -0.294    -0.955
     0.018    -0.339    -0.940
     0.169    -0.257    -0.952
     0.109    -0.355    -0.929
     0.079    -0.344    -0.936
     0.046    -0.244    -0.969
     0.038    -0.117    -0.992
     0.051    -0.271    -0.961
     0.165    -0.275    -0.947
     0.065    -0.475    -0.878
     0.126    -0.381    -0.916
     0.023    -0.118    -0.993
     0.014    -0.277    -0.961
     0.003    -0.246    -0.969
     0.109    -0.261    -0.959
    -0.085    -0.313    -0.946
     0.071    -0.245    -0.967
     0.164    -0.237    -0.958
    -0.028    -0.186    -0.982
     0.084    -0.213    -0.974
     0.077    -0.402    -0.912
     0.064    -0.460    -0.886
     0.088    -0.196    -0.977
    -0.014    -0.220    -0.975
    -0.033    -0.384    -0.923
    -0.057    -0.337    -0.940
     0.005    -0.484    -0.875
     0.023    -0.222    -0.975
     0.084    -0.397    -0.914
     0.078    -0.254    -0.964
     0.111    -0.245    -0.963
     0.047    -0.332    -0.942
     0.184    -0.249    -0.951
     0.012    -0.345    -0.939
     0.192    -0.366    -0.910
     0.045    -0.359    -0.932
    -0.001    -0.276    -0.961
     0.242    -0.379    -0.893
     0.030    -0.322    -0.946
     0.190    -0.267    -0.945
    -0.080    -0.364    -0.928
     0.073    -0.291    -0.954
    -0.067    -0.378    -0.923
    -0.043    -0.397    -0.917
     0.150    -0.149    -0.977
    -0.013    -0.270    -0.963
    -0.048    -0.381    -0.923
     0.005    -0.402    -0.916
     0.067    -0.250    -0.966
     0.063    -0.133    -0.989
    -0.031    -0.214    -0.976
     0.139    -0.304    -0.943
     0.010    -0.347    -0.938
     0.000    -0.352    -0.936
    -0.045    -0.169    -0.985
     0.068    -0.327    -0.943
    -0.033    -0.256    -0.966
    -0.013    -0.259    -0.966
     0.028    -0.191    -0.981
    -0.027    -0.362    -0.932
     0.226    -0.256    -0.940
     0.111    -0.370    -0.922
     0.010    -0.276    -0.961
    -0.242    -0.270    -0.932
     0.078    -0.273    -0.959
     0.091    -0.322    -0.943
     0.186    -0.407    -0.894
    -0.026    -0.271    -0.962
     0.286    -0.387    -0.877
     0.155    -0.253    -0.955
     0.184    -0.323    -0.928
    -0.014    -0.244    -0.970
     0.153    -0.409    -0.900
    -0.007    -0.332    -0.943
     0.156    -0.243    -0.957
     0.042    -0.415    -0.909
    -0.061    -0.280    -0.958
     0.071    -0.302    -0.951
     0.014    -0.213    -0.977
     0.024    -0.450    -0.893
    -0.013    -0.134    -0.991
     0.081    -0.285    -0.955
    -0.023    -0.388    -0.922
     0.213    -0.392    -0.895
     0.050    -0.311    -0.949
     0.135    -0.266    -0.955
     0.102    -0.289    -0.952
     0.010    -0.113    -0.994
    -0.021    -0.259    -0.966
     0.086    -0.220    -0.972
    -0.019    -0.092    -0.996
     0.051    -0.369    -0.928
     0.022    -0.346    -0.938
     0.082    -0.315    -0.946
     0.049    -0.196    -0.979
     0.017    -0.302    -0.953
     0.040    -0.285    -0.958
     0.069    -0.300    -0.951
     0.054    -0.185    -0.981
     0.081    -0.347    -0.934
     0.140    -0.317    -0.938
     0.110    -0.332    -0.937
    -0.040    -0.278    -0.960
     0.171    -0.302    -0.938
     0.050    -0.208    -0.977
    -0.057    -0.343    -0.938
     0.068    -0.002    -0.998
    -0.107    -0.294    -0.950
     0.086    -0.215    -0.973
     0.189    -0.191    -0.963
     0.110    -0.123    -0.986
     0.072    -0.255    -0.964
     0.021    -0.275    -0.961
     0.112    -0.369    -0.923
     0.087    -0.271    -0.959
     0.073    -0.326    -0.942
     0.030    -0.381    -0.924
     0.085    -0.247    -0.965
     0.155    -0.219    -0.963
     0.023    -0.181    -0.983
    -0.096    -0.231    -0.968
     0.119    -0.262    -0.958
     0.016    -0.258    -0.966
     0.050    -0.303    -0.952
     0.241    -0.053    -0.969
     0.095    -0.229    -0.969
     0.000    -0.427    -0.904
     0.158    -0.192    -0.968
    -0.062    -0.320    -0.945
     0.136    -0.311    -0.941
     0.062    -0.317    -0.946
     0.070    -0.348    -0.935
    -0.028    -0.530    -0.847
     0.124    -0.329    -0.936
     0.056    -0.225    -0.973
     0.001    -0.173    -0.985
     0.051    -0.247    -0.968
    -0.114    -0.305    -0.946
     0.072    -0.270    -0.960
    -0.024    -0.167    -0.986
    -0.018    -0.174    -0.985
     0.047    -0.476    -0.878
     0.144    -0.315    -0.938
     0.013    -0.223    -0.975
     0.261    -0.273    -0.926
     0.014    -0.154    -0.988
     0.048    -0.221    -0.974
    -0.059    -0.317    -0.947
     0.071    -0.204    -0.976
     0.220    -0.362    -0.906
     0.140    -0.435    -0.889
     0.022    -0.160    -0.987
     0.068    -0.388    -0.919
     0.090    -0.338    -0.937
     0.042    -0.212    -0.976
     0.005    -0.174    -0.985
     0.062    -0.310    -0.949
     0.078    -0.383    -0.920
     0.103    -0.252    -0.962
    -0.065    -0.267    -0.961
    -0.051    -0.339    -0.940
     0.097    -0.254    -0.962
     0.118    -0.277    -0.954
     0.085    -0.298    -0.951
     0.027    -0.160    -0.987
     0.093    -0.351    -0.932
     0.014    -0.184    -0.983
    -0.025    -0.202    -0.979
     0.136    -0.226    -0.965
     0.131    -0.190    -0.973
    -0.094    -0.361    -0.928
     0.177    -0.154    -0.972
    -0.035    -0.438    -0.898
    -0.019    -0.237    -0.971
     0.059    -0.230    -0.971
     0.121    -0.268    -0.956
     0.065    -0.350    -0.934
     0.085    -0.394    -0.915
     0.115    -0.305    -0.945
     0.058    -0.231    -0.971
     0.103    -0.402    -0.910
    -0.059    -0.300    -0.952
    -0.031    -0.209    -0.977
    -0.006    -0.234    -0.972
     0.030    -0.095    -0.995
     0.269    -0.272    -0.924
     0.099    -0.237    -0.966
    -0.061    -0.248    -0.967
     0.055    -0.224    -0.973
     0.046    -0.357    -0.933
     0.175    -0.418    -0.891
    -0.011    -0.263    -0.965
     0.082    -0.264    -0.961
    -0.031    -0.391    -0.920
     0.102    -0.200    -0.975
    -0.029    -0.274    -0.961
     0.117    -0.226    -0.967
     0.033    -0.199    -0.979
     0.250    -0.238    -0.939
     0.074    -0.261    -0.963
    -0.021    -0.163    -0.986
    -0.000    -0.185    -0.983
    -0.133    -0.225    -0.965
    -0.007    -0.266    -0.964
     0.052    -0.333    -0.941
     0.003    -0.177    -0.984
     0.071    -0.262    -0.962
    -0.008    -0.277    -0.961
     0.131    -0.183    -0.974
    -0.065    -0.275    -0.959
     0.125    -0.163    -0.979
    -0.039    -0.272    -0.962
     0.159    -0.199    -0.967
     0.102    -0.307    -0.946
    -0.062    -0.331    -0.942
    -0.033    -0.357    -0.933
    -0.014    -0.240    -0.971
    -0.038    -0.299    -0.953
     0.095    -0.340    -0.935
     0.014    -0.368    -0.930
     0.036    -0.257    -0.966
    -0.040    -0.252    -0.967
     0.206    -0.377    -0.903
     0.101    -0.347    -0.933
     0.088    -0.194    -0.977
    -0.104    -0.326    -0.940
    -0.107    -0.255    -0.961
     0.082    -0.375    -0.923
     0.065    -0.297    -0.953
     0.093    -0.324    -0.941
     0.253    -0.276    -0.927
    -0.161    -0.348    -0.923
    -0.083    -0.391    -0.917
    -0.040    -0.231    -0.972
     0.115    -0.103    -0.988
     0.029    -0.183    -0.983
     0.026    -0.078    -0.997
     0.086    -0.254    -0.963
     0.073    -0.403    -0.912
    -0.031    -0.240    -0.970
    -0.044    -0.289    -0.956
    -0.041    -0.287    -0.957
     0.110    -0.223    -0.969
     0.013    -0.424    -0.906
     0.063    -0.188    -0.980
     0.042    -0.316    -0.948
     0.022    -0.162    -0.987
     0.090    -0.413    -0.906
    -0.033    -0.294    -0.955
    -0.077    -0.319    -0.945
    -0.002    -0.281    -0.960
    -0.002    -0.243    -0.970
     0.031    -0.341    -0.940
     0.228    -0.173    -0.958
    -0.069    -0.446    -0.892
    -0.100    -0.431    -0.897
    -0.041    -0.366    -0.930
     0.016    -0.182    -0.983
    -0.000    -0.322    -0.947
     0.145    -0.297    -0.944
     0.063    -0.355    -0.933
     0.054    -0.241    -0.969
     0.115    -0.208    -0.971
     0.117    -0.216    -0.969
     0.014    -0.269    -0.963
     0.004    -0.297    -0.955
     0.005    -0.353    -0.936
     0.069    -0.364    -0.929
    -0.095    -0.359    -0.929
     0.126    -0.278    -0.952
    -0.079    -0.328    -0.941
     0.011    -0.303    -0.953
     0.163    -0.326    -0.931
     0.110    -0.248    -0.963
     0.316    -0.216    -0.924
    -0.056    -0.317    -0.947
     0.114    -0.308    -0.944
     0.107    -0.266    -0.958
     0.157    -0.298    -0.942
     0.155    -0.347    -0.925
     0.213    -0.252    -0.944
    -0.128    -0.228    -0.965
    -0.000    -0.296    -0.955
     0.067    -0.159    -0.985
     0.018    -0.185    -0.983
    -0.088    -0.292    -0.952
     0.115    -0.259    -0.959
     0.089    -0.194    -0.977
     0.130    -0.235    -0.963
     0.029    -0.422    -0.906
    -0.066    -0.310    -0.949
     0.150    -0.191    -0.970
     0.079    -0.091    -0.993
     0.044    -0.406    -0.913
    -0.077    -0.320    -0.944
     0.054    -0.329    -0.943
     0.045    -0.272    -0.961
    -0.074    -0.240    -0.968
     0.003    -0.337    -0.942
     0.087    -0.270    -0.959
     0.122    -0.246    -0.962
     0.067    -0.296    -0.953
     0.095    -0.392    -0.915
    -0.013    -0.193    -0.981
    -0.024    -0.329    -0.944
     0.075    -0.188    -0.979
    -0.065    -0.300    -0.952
     0.064    -0.432    -0.900
     0.025    -0.340    -0.940
     0.207    -0.128    -0.970
    -0.028    -0.184    -0.983
     0.128    -0.301    -0.945
     0.039    -0.257    -0.966
    -0.096    -0.381    -0.919
     0.050    -0.206    -0.977
     0.092    -0.282    -0.955
    -0.086    -0.216    -0.973
    -0.003    -0.362    -0.932
     0.030    -0.160    -0.987
     0.010    -0.204    -0.979
     0.054    -0.217    -0.975
     0.196    -0.103    -0.975
     0.106    -0.278    -0.955
     0.007    -0.358    -0.934
     0.005    -0.318    -0.948
     0.098    -0.247    -0.964
     0.106    -0.351    -0.930
     0.041    -0.392    -0.919
    -0.014    -0.387    -0.922
     0.043    -0.137    -0.990
     0.084    -0.215    -0.973
    -0.076    -0.220    -0.973
     0.024    -0.277    -0.961
     0.155    -0.283    -0.947
     0.050    -0.242    -0.969
     0.019    -0.428    -0.903
     0.248    -0.258    -0.934
    -0.016    -0.249    -0.968
     0.145    -0.320    -0.936
     0.147    -0.327    -0.933
     0.302    -0.206    -0.931
    -0.009    -0.371    -0.928
     0.020    -0.213    -0.977
     0.059    -0.121    -0.991
     0.125    -0.335    -0.934
     0.245    -0.211    -0.946
     0.151    -0.320    -0.935
     0.174    -0.428    -0.887
     0.017    -0.439    -0.898
     0.055    -0.215    -0.975
    -0.011    -0.222    -0.975
    -0.019    -0.347    -0.938
     0.213    -0.293    -0.932
    -0.033    -0.346    -0.938
     0.034    -0.206    -0.978
    -0.105    -0.478    -0.872
     0.054    -0.430    -0.901
    -0.074    -0.206    -0.976
     0.124    -0.356    -0.926
     0.059    -0.253    -0.966
     0.024    -0.231    -0.973
     0.179    -0.242    -0.954
     0.163    -0.358    -0.920
     0.073    -0.364    -0.928
     0.082    -0.298    -0.951
     0.058    -0.384    -0.921
     0.125    -0.162    -0.979
     0.160    -0.401    -0.902
    -0.057    -0.344    -0.937
     0.032    -0.095    -0.995
     0.080    -0.223    -0.972
    -0.001    -0.224    -0.975
    -0.020    -0.237    -0.971
     0.076    -0.238    -0.968
    -0.081    -0.343    -0.936
     0.063    -0.128    -0.990
     0.077    -0.358    -0.931
    -0.004    -0.158    -0.987
     0.010    -0.253    -0.967
    -0.064    -0.303    -0.951
    -0.014    -0.153    -0.988
     0.105    -0.412    -0.905
     0.158    -0.443    -0.882
     0.064    -0.331    -0.941
    -0.036    -0.134    -0.990
    -0.055    -0.260    -0.964
     0.171    -0.107    -0.979
    -0.002    -0.333    -0.943
     0.007    -0.558    -0.830
     0.113    -0.290    -0.950
    -0.031    -0.169    -0.985
    -0.029    -0.183    -0.983
     0.004    -0.394    -0.919
     0.088    -0.278    -0.957
     0.146    -0.325    -0.934
     0.035    -0.295    -0.955
     0.183    -0.265    -0.947
     0.186    -0.372    -0.910
     0.052    -0.215    -0.975
    -0.004    -0.279    -0.960
     0.064    -0.293    -0.954
     0.048    -0.207    -0.977
     0.138    -0.352    -0.926
     0.086    -0.352    -0.932
     0.065    -0.318    -0.946
     0.106    -0.249    -0.963
     0.063    -0.170    -0.983
    -0.139    -0.282    -0.949
     0.035    -0.208    -0.978
     0.187    -0.062    -0.980
     0.025    -0.165    -0.986
     0.012    -0.330    -0.944
     0.016    -0.149    -0.989
    -0.112    -0.054    -0.992
    -0.171    -0.191    -0.967
     0.040    -0.223    -0.974
     0.186    -0.375    -0.908
    -0.055    -0.480    -0.875
    -0.015    -0.313    -0.950
    -0.133    -0.411    -0.902
    -0.121    -0.299    -0.947
     0.043    -0.337    -0.941
     0.025    -0.238    -0.971
     0.118    -0.394    -0.911
     0.072    -0.297    -0.952
     0.143    -0.301    -0.943
     0.155    -0.359    -0.920
     0.038    -0.318    -0.947
    -0.015    -0.184    -0.983
     0.125    -0.352    -0.928
     0.109    -0.277    -0.955
    -0.011    -0.188    -0.982
     0.097    -0.356    -0.929
     0.130    -0.338    -0.932
    -0.013    -0.441    -0.897
     0.265    -0.318    -0.910
    -0.047    -0.204    -0.978
     0.085    -0.254    -0.963
     0.086    -0.257    -0.963
    -0.040    -0.269    -0.962
     0.118    -0.212    -0.970
    -0.130    -0.240    -0.962
     0.063    -0.191    -0.980
    -0.048    -0.217    -0.975
     0.039    -0.281    -0.959
    -0.095    -0.290    -0.952
    -0.088    -0.392    -0.916
    -0.024    -0.297    -0.955
     0.237    -0.262    -0.936
     0.223    -0.244    -0.944
     0.088    -0.256    -0.963
     0.130    -0.236    -0.963
     0.206    -0.411    -0.888
    -0.038    -0.194    -0.980
    -0.008    -0.213    -0.977
     0.055    -0.221    -0.974
    -0.142    -0.212    -0.967
     0.030    -0.333    -0.943
     0.091    -0.282    -0.955
    -0.041    -0.227    -0.973
    -0.120    -0.329    -0.937
     0.130    -0.292    -0.947
     0.148    -0.347    -0.926
     0.087    -0.489    -0.868
     0.115    -0.235    -0.965
     0.075    -0.349    -0.934
     0.178    -0.288    -0.941
     0.109    -0.340    -0.934
     0.027    -0.215    -0.976
     0.175    -0.238    -0.956
     0.048    -0.252    -0.966
     0.005    -0.154    -0.988
     0.074    -0.250    -0.965
    -0.046    -0.305    -0.951
     0.049    -0.167    -0.985
     0.055    -0.370    -0.927
     0.113    -0.286    -0.952
     0.093    -0.251    -0.964
    -0.029    -0.258    -0.966
     0.128    -0.279    -0.952
     0.250    -0.456    -0.854
     0.114    -0.314    -0.943
     0.114    -0.329    -0.938
     0.112    -0.314    -0.943
     0.054    -0.164    -0.985
     0.143    -0.278    -0.950
    -0.156    -0.238    -0.959
    -0.042    -0.173    -0.984
     0.015    -0.284    -0.959
     0.126    -0.297    -0.946
     0.102    -0.294    -0.950
     0.025    -0.340    -0.940
     0.003    -0.368    -0.930
     0.107    -0.259    -0.960
     0.122    -0.367    -0.922
     0.098    -0.381    -0.919
     0.096    -0.256    -0.962
     0.066    -0.344    -0.937
     0.052    -0.381    -0.923
     0.007    -0.252    -0.968
     0.127    -0.340    -0.932
    -0.040    -0.425    -0.904
     0.164    -0.391    -0.906
     0.101    -0.207    -0.973
     0.191    -0.218    -0.957
     0.048    -0.175    -0.983
     0.146    -0.252    -0.957
     0.068    -0.206    -0.976
     0.094    -0.316    -0.944
     0.192    -0.277    -0.941
    -0.011    -0.310    -0.951
     0.024    -0.354    -0.935
     0.053    -0.328    -0.943
     0.147    -0.459    -0.876
    -0.148    -0.151    -0.977
     0.007    -0.405    -0.914
     0.070    -0.425    -0.902
     0.136    -0.414    -0.900
     0.009    -0.303    -0.953
     0.089    -0.203    -0.975
     0.034    -0.258    -0.965
     0.157    -0.421    -0.893
    -0.110    -0.328    -0.938
     0.035    -0.187    -0.982
    -0.139    -0.321    -0.937
    -0.068    -0.209    -0.976
     0.024    -0.186    -0.982
     0.141    -0.343    -0.929
     0.057    -0.387    -0.920
     0.049    -0.343    -0.938
     0.137    -0.206    -0.969
    -0.070    -0.429    -0.900
     0.129    -0.291    -0.948
     0.011    -0.478    -0.878
    -0.105    -0.516    -0.850
     0.001    -0.224    -0.975
    -0.045    -0.294    -0.955
    -0.079    -0.303    -0.950
    -0.049    -0.253    -0.966
     0.019    -0.345    -0.938
     0.053    -0.199    -0.978
     0.060    -0.184    -0.981
    -0.094    -0.096    -0.991
     0.052    -0.400    -0.915
     0.155    -0.249    -0.956
    -0.167    -0.226    -0.960
     0.127    -0.196    -0.972
     0.052    -0.181    -0.982
     0.056    -0.398    -0.916
     0.102    -0.358    -0.928
     0.220    -0.236    -0.947
    -0.066    -0.344    -0.937
     0.043    -0.292    -0.956
     0.067    -0.392    -0.918
     0.140    -0.253    -0.957
     0.150    -0.129    -0.980
     0.008    -0.422    -0.906
     0.216    -0.281    -0.935
     0.020    -0.385    -0.923
     0.014    -0.242    -0.970
    -0.009    -0.268    -0.963
     0.099    -0.246    -0.964
     0.067    -0.279    -0.958
     0.166    -0.386    -0.908
    -0.025    -0.288    -0.957
    -0.004    -0.269    -0.963
     0.257    -0.117    -0.959
     0.037    -0.194    -0.980
     0.039    -0.246    -0.969
     0.116    -0.361    -0.925
    -0.024    -0.419    -0.907
     0.088    -0.375    -0.923
    -0.092    -0.373    -0.923
    -0.005    -0.333    -0.943
     0.046    -0.426    -0.903
     0.056    -0.201    -0.978
     0.163    -0.333    -0.929
     0.195    -0.335    -0.922
     0.119    -0.352    -0.928
     0.118    -0.277    -0.954
     0.035    -0.443    -0.896
     0.210    -0.181    -0.961
     0.004    -0.346    -0.938
    -0.005    -0.431    -0.902
    -0.028    -0.329    -0.944
     0.035    -0.285    -0.958
     0.059    -0.418    -0.907
     0.098    -0.410    -0.907
     0.043    -0.133    -0.990
     0.130    -0.435    -0.891
    -0.043    -0.322    -0.946
    -0.023    -0.213    -0.977
    -0.134    -0.387    -0.912
    -0.017    -0.416    -0.909
    -0.029    -0.113    -0.993
     0.099    -0.284    -0.954
    -0.008    -0.204    -0.979
     0.149    -0.240    -0.959
    -0.014    -0.358    -0.934
     0.099    -0.255    -0.962
    -0.083    -0.293    -0.952
    -0.118    -0.485    -0.867
     0.187    -0.303    -0.935
     0.103    -0.458    -0.883
     0.174    -0.244    -0.954
     0.019    -0.271    -0.962
     0.068    -0.311    -0.948
     0.038    -0.229    -0.973
     0.033    -0.105    -0.994
     0.125    -0.243    -0.962
     0.058    -0.306    -0.950
     0.084    -0.388    -0.918
    -0.040    -0.206    -0.978
     0.008    -0.224    -0.974
     0.088    -0.374    -0.923
    -0.103    -0.191    -0.976
     0.140    -0.170    -0.975
     0.058    -0.387    -0.920
    -0.000    -0.388    -0.922
     0.034    -0.292    -0.956
     0.011    -0.248    -0.969
    -0.039    -0.299    -0.954
     0.150    -0.366    -0.919
     0.085    -0.340    -0.937
     0.154    -0.339    -0.928
     0.119    -0.334    -0.935
     0.065    -0.234    -0.970
     0.089    -0.259    -0.962
     0.049    -0.310    -0.950
     0.069    -0.459    -0.886
     0.066    -0.284    -0.956
     0.160    -0.236    -0.959
    -0.055    -0.219    -0.974
    -0.024    -0.282    -0.959
    -0.050    -0.335    -0.941
     0.146    -0.291    -0.945
     0.108    -0.227    -0.968
    -0.068    -0.101    -0.993
    -0.051    -0.276    -0.960
    -0.023    -0.190    -0.982
     0.007    -0.125    -0.992
    -0.020    -0.173    -0.985
     0.189    -0.134    -0.973
     0.053    -0.109    -0.993
     0.125    -0.266    -0.956
    -0.019    -0.359    -0.933
    -0.024    -0.209    -0.978
     0.000    -0.273    -0.962
     0.033    -0.346    -0.938
     0.133    -0.274    -0.952
     0.153    -0.191    -0.970
    -0.031    -0.231    -0.972
     0.006    -0.412    -0.911
    -0.004    -0.270    -0.963
     0.153    -0.222    -0.963
     0.050    -0.351    -0.935
     0.086    -0.131    -0.988
     0.153    -0.258    -0.954
    -0.004    -0.428    -0.904
    -0.071    -0.210    -0.975
    -0.009    -0.281    -0.960
     0.150    -0.285    -0.947
     0.110    -0.324    -0.940
     0.084    -0.460    -0.884
     0.015    -0.300    -0.954
     0.106    -0.255    -0.961
     0.093    -0.289    -0.953
     0.216    -0.172    -0.961
     0.010    -0.258    -0.966
     0.287    -0.196    -0.938
    -0.154    -0.284    -0.946
     0.115    -0.276    -0.954
     0.095    -0.266    -0.959
     0.062    -0.186    -0.981
    -0.013    -0.302    -0.953
     0.033    -0.321    -0.946
     0.102    -0.365    -0.925
