     0.662    -0.722     0.199
     0.702    -0.710    -0.055
     0.398    -0.816     0.418
     0.497    -0.814     0.299
     0.428    -0.733     0.528
     0.085    -0.996     0.020
     0.374    -0.818     0.437
     0.533    -0.703     0.470
     0.399    -0.774     0.491
     0.240    -0.930     0.279
    -0.045    -0.982     0.183
     0.509    -0.837     0.200
     0.360    -0.806     0.470
    -0.187    -0.882     0.432
     0.350    -0.917     0.193
     0.424    -0.862     0.278
     0.430    -0.897    -0.103
     0.505    -0.862    -0.041
     0.481    -0.873     0.082
     0.481    -0.877    -0.018
     0.542    -0.694     0.475
     0.443    -0.802     0.400
     0.425    -0.793     0.437
     0.289    -0.829     0.479
     0.400    -0.807     0.435
     0.364    -0.930     0.041
     0.564    -0.826     0.017
     0.534    -0.836    -0.126
     0.536    -0.827     0.168
     0.492    -0.761     0.423
    -0.132    -0.893     0.430
     0.624    -0.752     0.211
     0.254    -0.852     0.458
     0.684    -0.713     0.152
     0.389    -0.765     0.513
     0.668    -0.738     0.097
     0.477    -0.847     0.234
     0.160    -0.885     0.437
     0.601    -0.733     0.317
     0.502    -0.626     0.597
     0.246    -0.855     0.457
     0.312    -0.948     0.057
     0.394    -0.771     0.500
     0.414    -0.843     0.343
     0.169    -0.926     0.339
     0.222    -0.859     0.462
     0.497    -0.864     0.081
     0.502    -0.825     0.260
     0.448    -0.881     0.153
     0.596    -0.648     0.475
     0.287    -0.779     0.558
     0.568    -0.695     0.441
     0.410    -0.901     0.138
     0.390    -0.857     0.336
     0.692    -0.654     0.305
     0.334    -0.934     0.129
     0.374    -0.899     0.229
     0.330    -0.842     0.428
     0.217    -0.967     0.135
     0.403    -0.888     0.220
     0.360    -0.767     0.530
     0.479    -0.865     0.148
     0.420    -0.731     0.538
     0.705    -0.664     0.249
     0.267    -0.784     0.561
     0.392    -0.914     0.107
     0.515    -0.848    -0.130
     0.065    -0.934     0.352
     0.743    -0.464     0.483
     0.469    -0.808     0.357
     0.364    -0.754     0.547
     0.461    -0.629     0.626
     0.567    -0.814     0.128
     0.381    -0.864     0.329
     0.367    -0.874     0.318
     0.308    -0.853     0.420
     0.321    -0.719     0.616
     0.292    -0.938     0.186
     0.352    -0.892     0.284
     0.470    -0.566     0.677
     0.130    -0.885     0.448
     0.295    -0.751     0.591
     0.217    -0.910     0.354
     0.041    -0.952     0.304
     0.776    -0.631     0.024
    -0.020    -0.733     0.680
     0.559    -0.748     0.358
     0.661    -0.735    -0.151
     0.463    -0.885     0.046
     0.421    -0.824     0.378
     0.307    -0.908     0.286
     0.427    -0.841     0.332
     0.106    -0.861     0.498
     0.729    -0.572     0.375
     0.599    -0.738     0.311
     0.378    -0.911     0.163
     0.455    -0.848     0.271
     0.186    -0.847     0.499
     0.271    -0.903     0.334
     0.231    -0.968     0.100
     0.415    -0.810     0.413
     0.257    -0.794     0.551
     0.325    -0.801     0.503
     0.496    -0.853     0.165
     0.216    -0.841     0.496
     0.422    -0.710     0.564
     0.431    -0.703     0.566
     0.211    -0.929     0.305
    -0.042    -0.986     0.163
    -0.050    -0.774     0.631
    -0.158    -0.952     0.263
     0.344    -0.930     0.132
     0.455    -0.855     0.247
     0.166    -0.918     0.361
     0.367    -0.904     0.221
     0.186    -0.929     0.320
     0.584    -0.804     0.107
     0.533    -0.845     0.039
     0.369    -0.918     0.142
     0.732    -0.652     0.195
     0.222    -0.841     0.494
     0.430    -0.892     0.141
     0.721    -0.471     0.508
     0.500    -0.831     0.242
     0.051    -0.996     0.077
     0.519    -0.816     0.253
     0.513    -0.724     0.461
     0.347    -0.604     0.717
     0.132    -0.894     0.428
     0.675    -0.605     0.421
     0.221    -0.944     0.247
     0.428    -0.884    -0.185
     0.432    -0.814     0.388
     0.074    -0.717     0.693
     0.661    -0.697     0.278
     0.333    -0.920     0.209
     0.418    -0.792     0.446
     0.348    -0.895     0.280
     0.233    -0.906     0.354
     0.019    -0.993    -0.118
     0.180    -0.943     0.280
     0.787    -0.615     0.046
     0.699    -0.710     0.081
     0.248    -0.839     0.485
     0.298    -0.917     0.264
     0.389    -0.816     0.428
     0.358    -0.921     0.153
     0.202    -0.828     0.523
     0.224    -0.765     0.604
     0.016    -0.869     0.495
     0.374    -0.907     0.194
     0.214    -0.850     0.482
     0.297    -0.745     0.597
     0.584    -0.789     0.189
     0.252    -0.720     0.647
    -0.098    -0.993     0.068
     0.543    -0.839     0.043
     0.391    -0.844     0.368
     0.076    -0.835     0.545
     0.581    -0.802    -0.138
     0.353    -0.932     0.086
     0.574    -0.796     0.192
     0.408    -0.878     0.251
     0.534    -0.779     0.329
     0.321    -0.938     0.131
     0.445    -0.806     0.390
     0.374    -0.821     0.431
     0.426    -0.835     0.348
     0.279    -0.488     0.827
     0.619    -0.704     0.348
     0.303    -0.472     0.828
     0.686    -0.514     0.514
     0.500    -0.857     0.127
     0.255    -0.917     0.306
     0.266    -0.937     0.227
     0.498    -0.818     0.288
     0.455    -0.779     0.431
     0.074    -0.934     0.350
     0.545    -0.834     0.087
     0.387    -0.873     0.296
     0.048    -0.986    -0.157
     0.260    -0.964     0.057
     0.608    -0.672     0.423
     0.504    -0.611     0.611
     0.261    -0.873     0.411
     0.227    -0.938     0.263
    -0.037    -0.956     0.291
    -0.026    -0.888     0.459
     0.353    -0.910     0.218
     0.290    -0.768     0.571
     0.501    -0.773     0.389
     0.264    -0.846     0.464
     0.461    -0.871     0.167
     0.572    -0.817     0.076
     0.677    -0.564     0.473
     0.750    -0.660     0.049
     0.516    -0.609     0.602
     0.024    -0.754     0.657
     0.536    -0.759     0.370
     0.197    -0.489     0.850
     0.320    -0.874     0.365
     0.544    -0.838     0.045
     0.402    -0.712     0.576
     0.527    -0.776     0.347
     0.643    -0.709     0.289
     0.514    -0.812     0.275
     0.324    -0.769     0.551
     0.522    -0.787     0.329
     0.549    -0.817     0.174
     0.079    -0.914     0.397
     0.468    -0.693     0.547
     0.289    -0.872     0.396
     0.360    -0.909     0.211
     0.260    -0.720     0.643
     0.687    -0.633     0.356
     0.803    -0.595     0.043
     0.432    -0.821     0.374
     0.529    -0.622     0.577
     0.414    -0.888     0.199
     0.562    -0.782     0.271
     0.409    -0.651     0.640
     0.115    -0.961     0.251
     0.435    -0.845     0.310
     0.141    -0.607     0.782
     0.545    -0.635     0.547
     0.030    -0.938     0.346
     0.488    -0.843     0.227
     0.168    -0.826     0.538
    -0.078    -0.818     0.569
     0.713    -0.574     0.402
     0.464    -0.835     0.295
     0.224    -0.963     0.148
     0.148    -0.912     0.382
     0.626    -0.625     0.466
     0.328    -0.926     0.187
     0.364    -0.926     0.099
     0.249    -0.965     0.086
     0.494    -0.763     0.417
    -0.072    -0.982     0.175
     0.453    -0.795     0.403
     0.652    -0.757     0.037
     0.310    -0.943    -0.121
     0.335    -0.676     0.657
     0.571    -0.725     0.387
    -0.037    -0.912     0.409
     0.482    -0.867     0.130
     0.429    -0.872     0.234
     0.424    -0.814     0.397
     0.530    -0.800     0.281
     0.377    -0.782     0.497
     0.752    -0.592     0.290
     0.348    -0.735     0.582
     0.734    -0.650     0.198
     0.506    -0.805     0.312
     0.374    -0.863     0.340
     0.572    -0.789     0.223
     0.270    -0.882     0.387
     0.578    -0.814    -0.059
    -0.013    -0.907     0.421
     0.616    -0.665     0.422
     0.328    -0.943     0.064
     0.631    -0.671     0.389
     0.407    -0.846     0.343
     0.208    -0.921     0.330
     0.478    -0.703     0.526
     0.108    -0.807     0.580
     0.202    -0.889     0.411
    -0.029    -0.985     0.168
     0.362    -0.900     0.242
     0.022    -0.991    -0.132
     0.247    -0.841     0.482
     0.297    -0.562     0.772
     0.668    -0.722     0.182
     0.411    -0.737     0.537
     0.356    -0.902     0.243
     0.519    -0.768     0.374
     0.468    -0.845     0.260
     0.252    -0.951     0.181
     0.627    -0.697     0.349
     0.305    -0.939     0.159
     0.258    -0.941     0.218
     0.565    -0.707     0.426
     0.196    -0.850     0.488
     0.484    -0.566     0.667
     0.562    -0.805     0.188
     0.671    -0.699     0.246
     0.489    -0.759     0.430
     0.434    -0.886     0.161
     0.594    -0.727     0.345
     0.458    -0.704     0.543
     0.716    -0.640     0.277
     0.472    -0.863     0.179
     0.627    -0.666     0.404
     0.320    -0.891     0.323
     0.265    -0.806     0.530
     0.553    -0.773     0.311
     0.635    -0.725     0.267
     0.348    -0.930     0.113
     0.274    -0.879     0.391
     0.492    -0.670     0.556
     0.260    -0.884     0.389
     0.284    -0.807     0.518
     0.742    -0.452     0.495
     0.258    -0.815     0.518
     0.483    -0.866     0.130
     0.368    -0.868     0.334
     0.057    -0.915     0.399
     0.278    -0.872     0.403
    -0.294    -0.946     0.133
     0.234    -0.791     0.564
     0.605    -0.788     0.113
     0.253    -0.912     0.322
     0.575    -0.652     0.494
     0.540    -0.798     0.266
     0.676    -0.715    -0.176
     0.218    -0.950     0.223
     0.526    -0.798     0.294
     0.137    -0.967     0.215
     0.371    -0.923     0.098
     0.570    -0.815     0.100
     0.609    -0.439     0.661
     0.469    -0.795     0.384
    -0.086    -0.916     0.391
     0.414    -0.858     0.305
     0.461    -0.708     0.535
     0.242    -0.942     0.231
     0.401    -0.736     0.545
     0.273    -0.947     0.172
     0.494    -0.777     0.390
    -0.014    -0.997     0.076
     0.127    -0.877     0.463
     0.557    -0.788     0.261
     0.436    -0.870     0.232
     0.595    -0.204     0.778
     0.595    -0.425     0.683
     0.492    -0.865     0.101
     0.469    -0.767     0.439
     0.185    -0.972     0.145
     0.612    -0.523     0.594
     0.347    -0.853     0.391
     0.278    -0.853     0.442
     0.580    -0.679     0.450
     0.486    -0.860    -0.156
     0.163    -0.985     0.056
     0.634    -0.665     0.394
     0.220    -0.922     0.319
     0.425    -0.821     0.381
     0.335    -0.891     0.307
     0.332    -0.941     0.070
     0.410    -0.640     0.650
     0.076    -0.922     0.379
     0.546    -0.826     0.141
     0.142    -0.989    -0.048
     0.439    -0.841     0.315
     0.248    -0.968     0.028
     0.448    -0.873     0.194
     0.599    -0.758     0.259
     0.173    -0.818     0.549
     0.129    -0.791     0.599
     0.228    -0.809     0.542
     0.482    -0.824     0.298
     0.148    -0.976     0.160
     0.574    -0.723     0.384
     0.397    -0.906     0.145
     0.175    -0.982     0.063
     0.217    -0.806     0.551
     0.352    -0.927     0.130
     0.211    -0.895     0.392
     0.283    -0.871     0.401
     0.464    -0.847     0.258
     0.186    -0.874     0.449
     0.621    -0.784     0.003
     0.338    -0.830     0.444
     0.491    -0.851     0.186
     0.728    -0.669     0.149
     0.439    -0.886     0.150
     0.428    -0.903     0.037
     0.362    -0.903     0.233
     0.259    -0.735     0.626
     0.356    -0.839     0.411
     0.530    -0.675     0.514
     0.442    -0.891    -0.106
     0.113    -0.972     0.205
     0.542    -0.799     0.260
     0.214    -0.814     0.540
     0.481    -0.877     0.010
     0.384    -0.659     0.647
     0.628    -0.778    -0.017
    -0.118    -0.991    -0.057
     0.681    -0.726     0.100
    -0.024    -0.998    -0.050
     0.514    -0.595     0.618
     0.434    -0.871     0.231
     0.640    -0.749     0.174
     0.576    -0.732     0.363
     0.402    -0.901     0.162
     0.236    -0.943     0.234
     0.314    -0.890    -0.331
     0.193    -0.908     0.371
     0.637    -0.771     0.012
     0.399    -0.675     0.621
     0.187    -0.706     0.683
     0.461    -0.814     0.354
     0.333    -0.930     0.155
     0.046    -0.995     0.092
     0.735    -0.676     0.057
     0.546    -0.760     0.353
     0.266    -0.805     0.530
     0.242    -0.968     0.062
     0.311    -0.929     0.199
     0.434    -0.617     0.656
     0.313    -0.905     0.287
     0.230    -0.972     0.045
     0.341    -0.915     0.218
     0.377    -0.916     0.133
     0.168    -0.969    -0.180
     0.620    -0.756     0.210
     0.540    -0.691     0.481
     0.569    -0.810     0.141
     0.155    -0.799     0.581
     0.421    -0.823     0.381
     0.247    -0.873     0.421
     0.538    -0.739     0.405
     0.349    -0.936    -0.036
     0.299    -0.954    -0.019
     0.430    -0.797     0.424
     0.108    -0.952     0.285
     0.051    -0.871     0.489
     0.464    -0.871     0.160
     0.563    -0.726     0.394
    -0.081    -0.741     0.667
     0.392    -0.649     0.652
     0.251    -0.891     0.378
     0.508    -0.789     0.344
     0.480    -0.846     0.234
     0.279    -0.907     0.316
     0.198    -0.835     0.514
     0.597    -0.787     0.158
     0.317    -0.867     0.386
     0.707    -0.705     0.048
     0.392    -0.912     0.120
     0.385    -0.917     0.106
     0.246    -0.924     0.292
     0.428    -0.749     0.506
     0.501    -0.803     0.321
     0.288    -0.932     0.219
     0.374    -0.901     0.221
     0.108    -0.860     0.498
     0.545    -0.808     0.224
     0.386    -0.820     0.423
     0.052    -0.960     0.277
     0.040    -0.952     0.302
     0.103    -0.893     0.439
     0.469    -0.804     0.366
     0.434    -0.901     0.016
     0.286    -0.953     0.098
     0.390    -0.862     0.324
     0.296    -0.895     0.332
     0.325    -0.823     0.467
     0.049    -0.837     0.545
     0.338    -0.919     0.204
     0.186    -0.853     0.487
     0.315    -0.908     0.275
     0.236    -0.741     0.629
     0.899    -0.437     0.008
     0.836    -0.435     0.335
     0.443    -0.828     0.345
     0.721    -0.412     0.557
     0.367    -0.887     0.281
     0.558    -0.744     0.368
     0.435    -0.859     0.271
     0.261    -0.965    -0.018
     0.651    -0.757    -0.053
     0.285    -0.938     0.200
     0.272    -0.943     0.194
     0.441    -0.719     0.537
     0.434    -0.879     0.200
    -0.111    -0.871     0.479
     0.461    -0.798     0.389
     0.184    -0.982     0.046
     0.600    -0.732     0.322
     0.324    -0.643     0.694
     0.596    -0.770     0.228
     0.387    -0.799     0.459
     0.375    -0.587     0.717
     0.439    -0.880     0.182
     0.349    -0.930     0.113
     0.344    -0.863     0.370
    -0.084    -0.826     0.557
     0.150    -0.910     0.387
     0.472    -0.875     0.107
     0.658    -0.559     0.504
     0.772    -0.617     0.153
     0.286    -0.919    -0.272
     0.598    -0.734     0.321
     0.445    -0.865     0.230
     0.431    -0.898     0.084
     0.425    -0.899     0.106
     0.561    -0.594     0.576
     0.592    -0.701     0.398
     0.502    -0.802     0.325
     0.508    -0.655     0.559
     0.675    -0.600     0.429
     0.816    -0.501     0.289
     0.357    -0.848     0.393
     0.383    -0.835     0.395
     0.517    -0.840     0.162
     0.262    -0.886     0.382
     0.132    -0.980     0.147
     0.236    -0.942     0.238
     0.238    -0.631     0.739
     0.330    -0.846     0.419
     0.410    -0.730     0.547
     0.172    -0.915     0.364
     0.455    -0.863     0.222
    -0.194    -0.833     0.519
     0.577    -0.640     0.508
     0.261    -0.607     0.751
     0.519    -0.834     0.187
     0.268    -0.853     0.448
     0.203    -0.906     0.370
     0.739    -0.554     0.383
     0.344    -0.914     0.216
     0.424    -0.855     0.297
     0.263    -0.860     0.437
     0.337    -0.895     0.293
     0.056    -0.994     0.097
     0.128    -0.884     0.450
     0.447    -0.894     0.000
     0.587    -0.800     0.122
     0.505    -0.539     0.674
     0.445    -0.777     0.446
     0.295    -0.928     0.230
     0.414    -0.809     0.417
     0.354    -0.865     0.357
    -0.118    -0.818     0.563
     0.612    -0.778     0.144
     0.457    -0.834     0.308
     0.152    -0.984    -0.093
     0.125    -0.980     0.158
     0.600    -0.739     0.308
     0.214    -0.887     0.408
     0.680    -0.732    -0.046
     0.553    -0.654     0.516
    -0.042    -0.946     0.320
     0.614    -0.736     0.286
     0.705    -0.588     0.396
     0.321    -0.935     0.152
     0.225    -0.692     0.686
     0.618    -0.775     0.136
     0.538    -0.596     0.596
     0.310    -0.833     0.458
     0.153    -0.925     0.346
     0.275    -0.847     0.454
     0.469    -0.871     0.149
     0.619    -0.756     0.213
     0.614    -0.784     0.089
     0.456    -0.790     0.410
     0.695    -0.682     0.226
     0.480    -0.757     0.443
     0.450    -0.832     0.324
     0.532    -0.830     0.168
     0.608    -0.742     0.281
    -0.134    -0.832     0.538
     0.461    -0.764     0.452
     0.358    -0.910     0.208
     0.280    -0.851     0.445
     0.570    -0.704     0.424
     0.648    -0.673     0.356
     0.393    -0.884     0.253
     0.567    -0.645     0.512
     0.071    -0.801     0.594
     0.453    -0.888     0.083
     0.348    -0.872     0.344
     0.027    -0.919     0.393
     0.762    -0.633     0.136
     0.315    -0.876     0.367
     0.433    -0.663     0.611
     0.455    -0.803     0.384
    -0.028    -0.842     0.538
     0.324    -0.927     0.191
     0.333    -0.776     0.535
     0.547    -0.824     0.149
     0.308    -0.918     0.249
     0.097    -0.943     0.320
     0.274    -0.889     0.367
     0.474    -0.873    -0.114
     0.166    -0.801     0.575
     0.754    -0.490     0.438
     0.644    -0.653     0.398
     0.557    -0.380     0.738
     0.330    -0.940     0.092
    -0.063    -0.976     0.210
     0.397    -0.917     0.042
     0.303    -0.629     0.716
     0.246    -0.944     0.218
     0.636    -0.704     0.316
     0.294    -0.954     0.055
     0.648    -0.731     0.214
     0.251    -0.905     0.344
     0.324    -0.869     0.375
     0.491    -0.868     0.077
     0.210    -0.924     0.319
     0.193    -0.919     0.345
     0.283    -0.945    -0.162
     0.618    -0.764    -0.189
     0.308    -0.730     0.611
     0.411    -0.448     0.794
     0.497    -0.644     0.582
     0.472    -0.691     0.547
     0.445    -0.859     0.255
     0.643    -0.628     0.438
     0.132    -0.834     0.536
     0.038    -0.896     0.442
     0.439    -0.874     0.207
     0.116    -0.942     0.315
     0.277    -0.937     0.214
     0.454    -0.777     0.435
     0.408    -0.752     0.518
    -0.042    -0.890     0.453
     0.611    -0.774     0.167
     0.241    -0.918     0.314
     0.211    -0.933     0.292
     0.317    -0.948    -0.028
     0.031    -0.856     0.515
     0.555    -0.828     0.078
     0.254    -0.861     0.440
     0.527    -0.847     0.076
     0.077    -0.849     0.522
     0.463    -0.865     0.195
     0.550    -0.792     0.265
     0.448    -0.782     0.434
    -0.046    -0.786     0.617
     0.245    -0.888     0.388
     0.147    -0.987    -0.069
     0.344    -0.718     0.605
     0.739    -0.674    -0.008
     0.038    -0.925     0.378
     0.386    -0.823     0.416
     0.517    -0.833     0.195
     0.516    -0.853    -0.083
     0.151    -0.987     0.057
     0.251    -0.844     0.474
     0.368    -0.888     0.276
     0.034    -0.918     0.396
     0.384    -0.866     0.319
     0.309    -0.904     0.296
     0.336    -0.941     0.027
     0.562    -0.818     0.125
     0.319    -0.793     0.518
     0.479    -0.824    -0.303
     0.611    -0.759    -0.226
     0.707    -0.597     0.379
     0.477    -0.852     0.215
     0.394    -0.783     0.482
     0.180    -0.983     0.035
     0.464    -0.710     0.530
     0.525    -0.806     0.272
    -0.219    -0.892     0.396
     0.742    -0.569     0.356
     0.566    -0.816     0.117
     0.641    -0.601     0.477
     0.355    -0.838     0.413
     0.553    -0.632     0.542
     0.330    -0.931     0.158
     0.302    -0.873     0.383
     0.368    -0.886     0.282
     0.510    -0.832     0.217
     0.261    -0.696     0.669
     0.324    -0.946    -0.029
     0.399    -0.840     0.369
     0.372    -0.811     0.452
     0.294    -0.856     0.425
     0.264    -0.940     0.215
     0.096    -0.966     0.242
    -0.039    -0.956     0.290
     0.456    -0.802     0.386
    -0.011    -0.996     0.090
     0.450    -0.797     0.404
     0.233    -0.709     0.665
     0.587    -0.807     0.066
     0.708    -0.628     0.324
     0.169    -0.964    -0.205
     0.647    -0.708     0.281
     0.199    -0.821     0.535
     0.449    -0.614     0.649
     0.515    -0.821    -0.248
     0.337    -0.898     0.284
     0.244    -0.843     0.479
     0.388    -0.906     0.168
     0.185    -0.971     0.153
     0.524    -0.763     0.379
     0.060    -0.986     0.157
     0.590    -0.806    -0.059
     0.652    -0.590     0.476
     0.368    -0.763     0.531
     0.147    -0.963     0.228
     0.406    -0.775     0.484
     0.506    -0.835     0.216
     0.553    -0.791     0.263
     0.278    -0.935     0.220
     0.185    -0.922     0.341
     0.344    -0.838     0.424
     0.283    -0.804     0.522
     0.656    -0.574     0.490
     0.268    -0.797     0.541
     0.704    -0.609     0.366
     0.450    -0.789     0.418
     0.350    -0.927    -0.133
     0.610    -0.700     0.371
     0.535    -0.844     0.032
     0.236    -0.906     0.352
     0.368    -0.819     0.440
     0.076    -0.805     0.589
     0.251    -0.947     0.202
     0.483    -0.775     0.408
     0.431    -0.765     0.479
    -0.017    -0.798     0.602
     0.347    -0.869     0.353
     0.665    -0.743     0.069
    -0.237    -0.898     0.371
     0.551    -0.788     0.277
     0.380    -0.854     0.356
     0.514    -0.845     0.147
     0.460    -0.882     0.101
     0.144    -0.972     0.185
     0.692    -0.722     0.012
     0.385    -0.917     0.108
     0.190    -0.920     0.343
     0.577    -0.741     0.342
     0.471    -0.729     0.497
     0.541    -0.726     0.425
     0.265    -0.885     0.384
     0.335    -0.888     0.315
     0.611    -0.779     0.141
     0.422    -0.818     0.390
     0.292    -0.865     0.407
     0.239    -0.951     0.197
     0.696    -0.707     0.128
     0.321    -0.879     0.352
     0.658    -0.601     0.453
     0.569    -0.713     0.409
     0.550    -0.827     0.113
     0.557    -0.829     0.039
     0.322    -0.916     0.241
     0.437    -0.674     0.595
     0.302    -0.953     0.017
     0.496    -0.840     0.220
     0.187    -0.912     0.365
     0.400    -0.881     0.252
     0.315    -0.912     0.261
     0.098    -0.926     0.365
     0.384    -0.919     0.088
     0.176    -0.896     0.408
     0.226    -0.686     0.692
     0.558    -0.670     0.490
     0.361    -0.906     0.222
     0.548    -0.747     0.376
     0.257    -0.947    -0.192
     0.209    -0.971     0.114
     0.267    -0.893     0.363
     0.612    -0.784     0.104
     0.494    -0.853     0.166
     0.673    -0.630     0.388
     0.507    -0.821     0.263
     0.073    -0.875     0.478
    -0.169    -0.846     0.506
     0.277    -0.754     0.595
     0.379    -0.914     0.146
     0.063    -0.981     0.183
     0.190    -0.846     0.498
     0.624    -0.574     0.530
     0.205    -0.952     0.227
     0.241    -0.842     0.483
     0.413    -0.891     0.188
     0.187    -0.842     0.506
     0.238    -0.930     0.279
     0.472    -0.761     0.445
     0.394    -0.889     0.233
     0.204    -0.892     0.403
     0.287    -0.956    -0.063
     0.645    -0.738     0.198
     0.187    -0.922     0.338
     0.535    -0.759     0.371
     0.339    -0.923     0.179
     0.767    -0.601     0.225
     0.589    -0.731     0.344
     0.545    -0.821     0.171
     0.771    -0.609     0.185
     0.281    -0.934     0.221
     0.704    -0.673     0.227
     0.319    -0.943     0.098
     0.871    -0.446     0.205
     0.220    -0.973     0.074
     0.362    -0.932    -0.034
     0.502    -0.720     0.479
     0.366    -0.893     0.262
     0.278    -0.796     0.537
     0.552    -0.756     0.353
     0.443    -0.787     0.430
     0.274    -0.962    -0.021
     0.187    -0.930     0.317
     0.703    -0.690     0.172
     0.480    -0.800     0.359
     0.172    -0.824     0.539
     0.064    -0.797     0.601
     0.274    -0.867     0.415
     0.204    -0.954     0.220
     0.320    -0.910     0.263
     0.493    -0.847     0.197
     0.487    -0.788     0.376
     0.139    -0.946     0.295
     0.470    -0.882    -0.022
     0.259    -0.964     0.053
     0.649    -0.746     0.150
     0.318    -0.710     0.628
     0.222    -0.971    -0.089
     0.656    -0.632     0.413
     0.700    -0.713     0.040
     0.331    -0.774     0.540
     0.231    -0.911     0.341
     0.135    -0.723     0.678
     0.107    -0.889     0.445
     0.637    -0.694     0.337
     0.551    -0.818     0.165
     0.515    -0.660     0.546
     0.164    -0.966     0.198
     0.001    -0.868     0.497
     0.382    -0.808     0.448
     0.565    -0.798     0.209
     0.290    -0.941     0.176
     0.197    -0.919     0.342
     0.340    -0.914     0.224
     0.222    -0.957    -0.188
    -0.034    -0.776     0.630
     0.155    -0.960     0.234
     0.198    -0.794     0.574
     0.093    -0.941     0.326
     0.049    -0.960     0.274
    -0.240    -0.970     0.049
     0.450    -0.799     0.399
     0.656    -0.595     0.465
     0.606    -0.589     0.535
     0.402    -0.863     0.306
     0.316    -0.838     0.445
     0.354    -0.653     0.669
     0.208    -0.964     0.168
     0.673    -0.615     0.412
     0.525    -0.781     0.339
     0.100    -0.985     0.142
     0.286    -0.883     0.373
     0.568    -0.758     0.322
     0.441    -0.898    -0.010
     0.379    -0.851     0.364
     0.402    -0.896     0.190
     0.088    -0.885     0.456
     0.279    -0.744     0.608
     0.378    -0.853     0.358
     0.389    -0.891     0.233
     0.175    -0.912     0.371
     0.181    -0.947     0.264
     0.465    -0.884    -0.050
     0.451    -0.745     0.492
     0.456    -0.662     0.595
     0.293    -0.813     0.503
     0.220    -0.743     0.632
     0.215    -0.976     0.038
     0.347    -0.810     0.472
     0.308    -0.897     0.318
    -0.142    -0.889     0.436
     0.464    -0.770     0.439
     0.608    -0.782     0.138
     0.441    -0.805     0.398
     0.221    -0.932     0.288
     0.639    -0.669     0.380
     0.276    -0.952     0.128
    -0.095    -0.898     0.430
     0.310    -0.886     0.345
     0.751    -0.587     0.302
     0.003    -0.975     0.223
     0.428    -0.782     0.452
     0.508    -0.861     0.036
     0.609    -0.786     0.105
     0.588    -0.744     0.316
     0.317    -0.860     0.400
     0.320    -0.876     0.362
     0.828    -0.220     0.517
     0.334    -0.915     0.228
     0.339    -0.792     0.507
     0.448    -0.879     0.163
     0.518    -0.803     0.295
     0.348    -0.892     0.287
     0.334    -0.903     0.271
     0.437    -0.891     0.127
    -0.036    -0.966     0.258
     0.349    -0.913     0.211
     0.669    -0.739     0.079
     0.381    -0.848     0.369
     0.199    -0.759     0.620
     0.527    -0.807     0.265
    -0.002    -0.903     0.430
     0.489    -0.822     0.291
    -0.230    -0.859     0.458
    -0.079    -0.903     0.423
     0.039    -0.974     0.221
     0.415    -0.893     0.175
     0.370    -0.863     0.344
     0.342    -0.905     0.252
     0.354    -0.760     0.546
     0.309    -0.878     0.364
     0.039    -0.935     0.351
     0.409    -0.751     0.519
     0.306    -0.857     0.415
     0.434    -0.849     0.302
    -0.012    -0.925     0.380
     0.569    -0.644     0.511
     0.629    -0.745     0.222
     0.436    -0.725     0.534
     0.302    -0.864     0.402
     0.621    -0.783    -0.024
     0.227    -0.966     0.128
     0.484    -0.556     0.676
     0.399    -0.910     0.112
     0.621    -0.774     0.122
     0.612    -0.721     0.325
     0.263    -0.904     0.336
     0.392    -0.840     0.374
     0.117    -0.990     0.085
     0.754    -0.654     0.057
     0.953    -0.232     0.197
     0.468    -0.798     0.380
     0.558    -0.731     0.393
     0.580    -0.794     0.184
     0.458    -0.760     0.460
     0.298    -0.926     0.234
     0.612    -0.746     0.264
     0.277    -0.844     0.458
     0.537    -0.733     0.418
     0.353    -0.927     0.127
     0.520    -0.848     0.100
     0.680    -0.610     0.406
     0.506    -0.814     0.286
     0.427    -0.887     0.178
    -0.071    -0.994     0.079
     0.511    -0.858    -0.045
     0.590    -0.797    -0.128
     0.105    -0.882     0.459
     0.209    -0.971     0.113
     0.477    -0.848     0.230
     0.140    -0.803     0.579
     0.344    -0.878     0.332
     0.254    -0.901     0.352
     0.432    -0.683     0.589
     0.279    -0.944    -0.177
     0.307    -0.740     0.598
    -0.033    -0.720     0.694
     0.295    -0.922     0.249
     0.318    -0.826     0.466
     0.308    -0.909     0.282
     0.520    -0.852     0.061
     0.408    -0.805     0.431
     0.740    -0.600     0.304
     0.269    -0.638     0.722
     0.233    -0.970    -0.063
     0.466    -0.732     0.496
     0.232    -0.819     0.525
     0.638    -0.579     0.508
     0.251    -0.744     0.619
     0.474    -0.768     0.429
     0.600    -0.770     0.217
     0.352    -0.827     0.438
     0.246    -0.887     0.391
     0.220    -0.787     0.577
     0.685    -0.638     0.352
     0.166    -0.832     0.529
     0.642    -0.662     0.387
     0.351    -0.546     0.761
     0.584    -0.783     0.211
     0.347    -0.866     0.360
     0.070    -0.739     0.670
    -0.023    -0.780     0.625
     0.724    -0.629     0.282
     0.383    -0.835     0.394
     0.241    -0.908     0.342
     0.494    -0.795     0.351
     0.302    -0.889     0.346
     0.254    -0.889     0.381
     0.629    -0.745     0.223
     0.069    -0.864     0.499
     0.142    -0.880     0.454
     0.070    -0.970     0.231
     0.439    -0.821     0.366
     0.341    -0.683     0.646
     0.612    -0.728     0.308
     0.109    -0.758     0.643
     0.509    -0.803     0.309
     0.410    -0.911    -0.046
     0.608    -0.768     0.201
     0.614    -0.729     0.301
     0.453    -0.805     0.383
     0.186    -0.958     0.219
     0.728    -0.507     0.462
     0.359    -0.746     0.560
     0.153    -0.947     0.282
     0.306    -0.949    -0.075
     0.467    -0.694     0.548
     0.457    -0.764     0.456
     0.416    -0.893     0.174
     0.486    -0.811     0.324
     0.480    -0.877    -0.016
     0.458    -0.862     0.218
     0.467    -0.884    -0.016
    -0.103    -0.906     0.411
     0.178    -0.739     0.649
     0.437    -0.854     0.281
     0.401    -0.811     0.426
     0.384    -0.886     0.260
     0.408    -0.778     0.477
     0.618    -0.709     0.339
     0.120    -0.796     0.594
     0.033    -0.877     0.479
     0.272    -0.922    -0.277
    -0.105    -0.957     0.271
     0.381    -0.877     0.292
     0.415    -0.847     0.332
     0.357    -0.876     0.323
     0.674    -0.679     0.290
     0.458    -0.784     0.419
     0.411    -0.871     0.269
     0.348    -0.896     0.277
     0.044    -0.993     0.112
     0.534    -0.844     0.051
     0.478    -0.850     0.222
     0.600    -0.725     0.337
     0.087    -0.942     0.323
     0.321    -0.841     0.436
     0.215    -0.967     0.135
     0.359    -0.751     0.554
     0.334    -0.782     0.525
     0.169    -0.842     0.512
     0.433    -0.767     0.474
     0.467    -0.882     0.066
     0.557    -0.752     0.353
     0.177    -0.824     0.538
     0.598    -0.638     0.486
     0.422    -0.718     0.553
     0.066    -0.991     0.119
     0.369    -0.925     0.095
     0.415    -0.872     0.261
     0.673    -0.621     0.402
     0.473    -0.856     0.211
     0.493    -0.815     0.305
     0.413    -0.825     0.385
     0.268    -0.836     0.478
     0.456    -0.845     0.279
     0.045    -0.859     0.511
     0.188    -0.867     0.462
     0.554    -0.778     0.296
     0.446    -0.855     0.265
     0.510    -0.803     0.309
     0.588    -0.684     0.432
     0.245    -0.846     0.474
     0.719    -0.682     0.136
     0.509    -0.849     0.144
     0.058    -0.981     0.185
     0.412    -0.910     0.036
     0.481    -0.813     0.329
     0.114    -0.989     0.094
     0.294    -0.940     0.174
     0.242    -0.790     0.564
    -0.130    -0.817     0.562
     0.128    -0.784     0.607
     0.241    -0.969     0.054
     0.514    -0.801     0.308
    -0.196    -0.727     0.657
     0.419    -0.705     0.572
     0.431    -0.856     0.284
     0.671    -0.736    -0.088
     0.095    -0.844     0.528
     0.321    -0.660     0.679
     0.243    -0.789     0.564
     0.556    -0.696     0.455
     0.253    -0.891     0.378
     0.425    -0.624     0.656
     0.206    -0.861     0.464
    -0.192    -0.724     0.663
     0.676    -0.686     0.270
     0.122    -0.793     0.597
     0.499    -0.863    -0.086
     0.495    -0.831     0.253
     0.557    -0.760     0.336
     0.213    -0.852     0.478
     0.117    -0.859     0.498
     0.251    -0.860     0.444
     0.249    -0.968     0.039
    -0.054    -0.932     0.359
     0.190    -0.837     0.513
     0.766    -0.520     0.379
     0.663    -0.668     0.337
     0.317    -0.929     0.193
     0.292    -0.892     0.345
     0.593    -0.766     0.246
     0.331    -0.884     0.330
     0.477    -0.852     0.217
     0.286    -0.852     0.439
     0.358    -0.667     0.654
     0.298    -0.912     0.282
     0.764    -0.611     0.209
     0.181    -0.962     0.204
     0.271    -0.905     0.329
     0.375    -0.910     0.179
     0.615    -0.735     0.286
     0.281    -0.800     0.530
     0.259    -0.956     0.139
     0.514    -0.797     0.316
     0.251    -0.895     0.368
     0.428    -0.825     0.368
     0.356    -0.900     0.253
    -0.053    -0.891     0.450
     0.118    -0.968    -0.220
     0.669    -0.668     0.325
     0.621    -0.763     0.178
     0.280    -0.607     0.744
     0.238    -0.773     0.588
     0.664    -0.697     0.271
     0.545    -0.838     0.043
     0.035    -0.979     0.201
     0.071    -0.960     0.271
     0.115    -0.968     0.222
     0.548    -0.803     0.236
     0.349    -0.508     0.788
     0.398    -0.888     0.228
     0.261    -0.913     0.313
     0.361    -0.896     0.259
     0.308    -0.946     0.095
     0.273    -0.907     0.320
     0.717    -0.633     0.290
     0.460    -0.818     0.344
     0.517    -0.761     0.391
     0.454    -0.864     0.218
     0.565    -0.806     0.176
    -0.035    -0.931     0.363
     0.401    -0.820     0.408
     0.595    -0.710     0.378
     0.670    -0.728     0.146
     0.611    -0.697     0.376
     0.536    -0.734     0.416
     0.420    -0.659     0.624
     0.758    -0.634     0.151
     0.219    -0.783     0.582
     0.749    -0.623     0.227
     0.619    -0.654     0.436
     0.614    -0.707     0.352
     0.584    -0.767     0.264
     0.470    -0.724     0.504
     0.606    -0.792     0.067
     0.459    -0.718     0.523
     0.388    -0.802     0.454
     0.469    -0.790     0.395
     0.495    -0.842     0.214
     0.607    -0.751     0.261
     0.606    -0.782     0.146
     0.165    -0.883     0.439
     0.211    -0.854     0.475
     0.377    -0.898     0.226
     0.389    -0.920    -0.054
     0.238    -0.698     0.675
     0.098    -0.855     0.510
     0.310    -0.923     0.230
     0.455    -0.787     0.417
     0.608    -0.790     0.080
     0.181    -0.960     0.212
     0.559    -0.708     0.431
     0.518    -0.642     0.565
     0.467    -0.870     0.156
     0.596    -0.774     0.213
     0.206    -0.977     0.053
     0.087    -0.966     0.243
     0.282    -0.948     0.149
     0.452    -0.691     0.565
     0.305    -0.855     0.420
     0.491    -0.869     0.067
    -0.039    -0.924     0.381
     0.337    -0.926     0.171
     0.298    -0.796     0.528
     0.211    -0.974     0.077
     0.213    -0.936     0.280
     0.542    -0.795     0.272
     0.448    -0.887    -0.110
     0.184    -0.941     0.285
     0.632    -0.769    -0.094
     0.436    -0.822     0.367
     0.422    -0.840     0.341
     0.170    -0.697     0.696
     0.216    -0.703     0.678
     0.404    -0.867     0.292
     0.546    -0.571     0.613
     0.745    -0.536     0.397
    -0.038    -0.975     0.219
     0.017    -0.921     0.388
     0.271    -0.737     0.619
     0.387    -0.913     0.125
     0.612    -0.647     0.455
     0.439    -0.611     0.659
     0.082    -0.950     0.301
     0.500    -0.617     0.608
     0.495    -0.822     0.282
     0.261    -0.932     0.252
     0.205    -0.966     0.157
     0.160    -0.830     0.535
     0.553    -0.669     0.496
     0.301    -0.804     0.513
     0.231    -0.909     0.346
     0.305    -0.918     0.253
     0.481    -0.870     0.104
     0.221    -0.952     0.213
     0.580    -0.778     0.243
     0.328    -0.916     0.230
     0.407    -0.909     0.088
     0.156    -0.976     0.150
     0.305    -0.826     0.474
     0.123    -0.807     0.578
     0.403    -0.899     0.173
     0.620    -0.753     0.219
     0.294    -0.913     0.284
     0.517    -0.786     0.339
     0.420    -0.620     0.663
     0.347    -0.914     0.209
     0.053    -0.828     0.558
     0.249    -0.893     0.376
     0.487    -0.746     0.455
     0.592    -0.727     0.349
     0.517    -0.713     0.474
     0.551    -0.833    -0.043
     0.313    -0.728     0.610
     0.455    -0.849     0.270
     0.757    -0.651     0.064
     0.244    -0.931     0.270
     0.704    -0.701     0.115
     0.393    -0.863     0.318
     0.360    -0.873     0.328
     0.663    -0.732     0.159
     0.562    -0.827     0.014
     0.476    -0.554     0.683
     0.301    -0.933     0.198
     0.540    -0.559     0.629
     0.062    -0.877     0.477
     0.231    -0.941     0.248
    -0.077    -0.996     0.038
     0.433    -0.800     0.415
     0.104    -0.968     0.230
     0.472    -0.710     0.523
     0.442    -0.833     0.333
     0.641    -0.765     0.066
     0.638    -0.724     0.262
     0.538    -0.572     0.619
     0.487    -0.366     0.793
     0.589    -0.739     0.328
     0.157    -0.881     0.446
     0.558    -0.777     0.290
     0.187    -0.948     0.256
     0.220    -0.947     0.233
     0.609    -0.707     0.361
     0.347    -0.781     0.520
     0.184    -0.674     0.716
     0.408    -0.809     0.422
     0.476    -0.662     0.578
     0.489    -0.789     0.372
     0.476    -0.865     0.157
     0.509    -0.857     0.079
     0.178    -0.776     0.605
     0.605    -0.699     0.381
     0.390    -0.859     0.332
     0.340    -0.759     0.555
     0.553    -0.781     0.289
     0.544    -0.770     0.334
     0.758    -0.376     0.533
     0.315    -0.591     0.743
     0.176    -0.919     0.352
     0.361    -0.866     0.345
     0.201    -0.978     0.062
     0.064    -0.785     0.616
     0.382    -0.924     0.008
     0.380    -0.891     0.248
     0.699    -0.466     0.543
     0.741    -0.428     0.517
     0.380    -0.822     0.423
     0.302    -0.941     0.156
     0.578    -0.795     0.182
     0.634    -0.733     0.247
     0.605    -0.787     0.121
     0.526    -0.687     0.501
     0.280    -0.771     0.573
     0.440    -0.868     0.228
     0.132    -0.983     0.127
     0.325    -0.815     0.480
     0.310    -0.929     0.204
     0.516    -0.854    -0.071
     0.435    -0.868     0.239
     0.138    -0.952    -0.274
     0.474    -0.879     0.052
     0.649    -0.626     0.432
     0.230    -0.957     0.174
     0.492    -0.870    -0.029
    -0.179    -0.734     0.655
     0.572    -0.615     0.543
     0.238    -0.894     0.379
     0.539    -0.785     0.304
     0.132    -0.791     0.597
     0.304    -0.706     0.640
     0.472    -0.879     0.071
     0.793    -0.604     0.082
     0.458    -0.833     0.311
     0.079    -0.984     0.163
     0.691    -0.664     0.286
     0.250    -0.869     0.427
     0.425    -0.905    -0.010
     0.331    -0.889     0.317
     0.485    -0.827     0.284
     0.318    -0.916     0.245
     0.466    -0.858     0.216
     0.178    -0.764     0.621
     0.393    -0.900     0.189
     0.421    -0.886     0.194
     0.496    -0.857     0.137
     0.445    -0.890     0.098
     0.113    -0.725     0.679
     0.515    -0.857    -0.030
     0.422    -0.776     0.469
     0.414    -0.882     0.227
     0.238    -0.854     0.463
     0.344    -0.926     0.157
     0.230    -0.849     0.476
     0.360    -0.794     0.490
     0.298    -0.838     0.457
     0.184    -0.810     0.557
     0.232    -0.858     0.459
     0.428    -0.609     0.668
     0.354    -0.925     0.136
     0.618    -0.748     0.244
     0.364    -0.897    -0.249
     0.652    -0.753     0.087
     0.439    -0.728     0.526
     0.645    -0.589     0.486
     0.439    -0.868     0.230
     0.268    -0.746     0.609
     0.421    -0.895     0.151
     0.586    -0.697     0.413
     0.573    -0.766     0.292
     0.432    -0.781     0.450
     0.514    -0.811     0.281
     0.344    -0.426     0.837
     0.506    -0.818     0.273
     0.411    -0.811     0.417
     0.590    -0.554     0.588
     0.554    -0.803     0.220
     0.171    -0.974     0.146
     0.266    -0.963     0.036
     0.354    -0.685     0.637
     0.649    -0.753     0.108
     0.220    -0.831     0.510
     0.558    -0.775     0.296
     0.557    -0.803     0.213
     0.602    -0.734     0.314
     0.588    -0.662     0.464
     0.554    -0.796     0.244
     0.162    -0.882     0.442
     0.526    -0.734     0.430
     0.333    -0.829     0.450
     0.378    -0.907     0.186
     0.426    -0.811     0.402
     0.724    -0.570     0.388
     0.475    -0.633     0.611
     0.239    -0.709     0.663
     0.396    -0.814     0.426
     0.419    -0.758     0.500
     0.658    -0.485     0.576
     0.208    -0.884     0.418
     0.602    -0.763     0.234
     0.337    -0.901     0.272
     0.247    -0.806     0.537
     0.520    -0.836    -0.176
     0.034    -0.899     0.436
     0.540    -0.838     0.073
     0.653    -0.750     0.103
     0.768    -0.639     0.032
     0.588    -0.776     0.227
     0.139    -0.956     0.259
     0.198    -0.871     0.450
     0.322    -0.711     0.625
     0.402    -0.908    -0.119
     0.453    -0.839     0.302
     0.163    -0.815     0.556
     0.305    -0.916     0.260
     0.248    -0.912     0.327
     0.519    -0.760     0.391
     0.093    -0.964     0.248
     0.213    -0.780     0.589
     0.132    -0.923     0.361
     0.193    -0.910     0.366
     0.281    -0.886     0.369
     0.426    -0.800     0.423
     0.470    -0.795     0.383
     0.363    -0.650     0.668
     0.375    -0.845     0.382
     0.417    -0.859     0.296
     0.291    -0.949     0.125
     0.161    -0.983     0.086
     0.537    -0.832     0.136
     0.523    -0.759     0.389
     0.396    -0.803     0.446
     0.570    -0.783     0.248
     0.341    -0.940    -0.016
     0.231    -0.906     0.354
     0.462    -0.751     0.472
     0.241    -0.791     0.563
     0.684    -0.528     0.503
     0.387    -0.875     0.291
     0.557    -0.794     0.246
     0.166    -0.848     0.503
     0.440    -0.757     0.483
     0.546    -0.782     0.299
     0.359    -0.933     0.024
     0.042    -0.999     0.035
    -0.041    -0.993     0.112
     0.240    -0.970    -0.040
     0.060    -0.962     0.267
     0.225    -0.660     0.717
     0.281    -0.932     0.228
     0.452    -0.640     0.621
     0.043    -0.907     0.419
     0.401    -0.847     0.349
     0.304    -0.922    -0.240
     0.084    -0.890     0.448
    -0.014    -0.971     0.240
     0.145    -0.979     0.141
     0.461    -0.886    -0.050
     0.182    -0.637     0.749
     0.408    -0.853     0.324
     0.517    -0.854     0.063
     0.367    -0.846     0.386
     0.413    -0.846     0.336
     0.584    -0.808     0.074
     0.453    -0.870     0.193
     0.403    -0.870     0.284
     0.614    -0.733     0.292
     0.374    -0.783     0.497
     0.173    -0.928     0.330
     0.283    -0.954     0.102
     0.188    -0.823     0.537
     0.210    -0.915     0.345
     0.243    -0.962     0.125
     0.349    -0.803     0.484
     0.114    -0.942     0.316
     0.223    -0.937     0.268
     0.276    -0.865     0.418
     0.120    -0.970     0.209
     0.293    -0.874     0.388
     0.310    -0.869     0.385
     0.291    -0.933     0.209
     0.557    -0.780     0.283
     0.544    -0.546     0.637
     0.212    -0.896     0.390
     0.691    -0.719     0.066
     0.264    -0.819     0.510
     0.517    -0.764     0.387
     0.664    -0.716     0.214
     0.561    -0.828    -0.016
     0.252    -0.853     0.457
     0.457    -0.781     0.425
     0.144    -0.861     0.487
    -0.226    -0.955     0.192
     0.256    -0.959     0.120
     0.531    -0.681     0.505
     0.574    -0.793     0.202
     0.691    -0.672     0.266
     0.555    -0.658     0.509
     0.472    -0.870     0.142
    -0.111    -0.966     0.234
     0.024    -0.876     0.482
     0.318    -0.947     0.039
     0.350    -0.865     0.361
     0.720    -0.682     0.126
     0.270    -0.934     0.234
     0.319    -0.826     0.465
     0.701    -0.671     0.242
     0.711    -0.638     0.294
     0.361    -0.863     0.354
     0.477    -0.581     0.659
    -0.188    -0.863     0.470
     0.576    -0.731     0.367
     0.369    -0.893     0.256
     0.304    -0.801     0.516
     0.370    -0.863     0.343
     0.665    -0.715     0.216
     0.117    -0.868     0.482
     0.628    -0.562     0.538
     0.647    -0.654     0.392
     0.464    -0.880     0.102
     0.678    -0.564     0.472
     0.507    -0.723     0.470
     0.172    -0.948     0.267
     0.319    -0.786     0.530
     0.123    -0.938     0.323
     0.388    -0.829     0.402
     0.292    -0.760     0.581
     0.484    -0.762     0.431
     0.496    -0.694     0.522
     0.393    -0.815     0.427
     0.769    -0.607     0.198
     0.393    -0.764     0.512
     0.292    -0.909     0.297
     0.508    -0.816     0.277
     0.665    -0.524     0.532
     0.705    -0.653     0.277
     0.223    -0.940     0.260
     0.577    -0.775     0.258
     0.579    -0.765     0.281
     0.457    -0.872     0.174
     0.336    -0.869     0.364
     0.474    -0.712     0.519
     0.696    -0.613     0.373
     0.247    -0.878     0.410
     0.214    -0.881     0.422
    -0.036    -0.963     0.269
     0.292    -0.905     0.309
     0.024    -0.948     0.318
     0.463    -0.877     0.129
     0.310    -0.878     0.365
     0.611    -0.777     0.149
     0.419    -0.871     0.257
     0.369    -0.841     0.397
     0.192    -0.750     0.633
     0.363    -0.914     0.179
     0.183    -0.903     0.390
     0.544    -0.815     0.200
     0.002    -0.993     0.122
     0.211    -0.968     0.135
     0.527    -0.842     0.113
     0.208    -0.841     0.499
     0.425    -0.792     0.437
     0.531    -0.844     0.080
     0.415    -0.907    -0.073
     0.622    -0.782    -0.040
     0.351    -0.787     0.507
     0.102    -0.816     0.568
     0.593    -0.765     0.251
    -0.011    -0.975     0.224
     0.299    -0.929     0.219
     0.481    -0.759     0.439
     0.513    -0.720     0.467
     0.147    -0.899     0.413
     0.226    -0.974    -0.014
     0.178    -0.881     0.438
     0.740    -0.604    -0.295
     0.140    -0.982     0.125
     0.156    -0.894     0.420
     0.311    -0.877     0.366
     0.458    -0.874     0.161
     0.465    -0.770     0.437
     0.440    -0.892     0.107
     0.402    -0.858     0.320
     0.654    -0.752     0.084
     0.384    -0.893     0.234
    -0.111    -0.735     0.669
     0.157    -0.815     0.557
     0.362    -0.877     0.317
     0.655    -0.738     0.160
     0.283    -0.929     0.237
     0.267    -0.908     0.324
     0.431    -0.854     0.292
     0.371    -0.762     0.530
     0.330    -0.820     0.467
     0.337    -0.646     0.685
     0.351    -0.928     0.127
     0.480    -0.836     0.265
     0.358    -0.881     0.309
     0.689    -0.698     0.196
     0.405    -0.856     0.322
     0.445    -0.893    -0.072
     0.354    -0.797     0.489
     0.183    -0.918     0.353
     0.258    -0.964     0.067
     0.455    -0.851     0.262
     0.239    -0.906     0.349
     0.280    -0.895     0.347
     0.379    -0.807     0.453
     0.057    -0.845     0.531
     0.601    -0.421     0.679
     0.045    -0.791     0.610
     0.394    -0.919     0.022
     0.509    -0.765     0.395
     0.402    -0.890     0.216
     0.203    -0.959     0.197
    -0.033    -0.873     0.486
     0.316    -0.913     0.256
     0.358    -0.643     0.677
     0.311    -0.788     0.532
     0.329    -0.728     0.602
     0.554    -0.802     0.226
     0.289    -0.695     0.658
     0.444    -0.861     0.249
     0.404    -0.857     0.319
     0.426    -0.889     0.168
     0.206    -0.962     0.181
     0.228    -0.945     0.235
     0.445    -0.787     0.428
    -0.022    -0.890     0.456
     0.122    -0.871     0.475
     0.324    -0.765     0.556
     0.524    -0.652     0.547
     0.301    -0.740     0.602
     0.392    -0.893     0.223
     0.806    -0.517     0.290
     0.142    -0.896     0.422
     0.106    -0.919     0.379
     0.674    -0.601     0.429
     0.516    -0.808     0.282
     0.301    -0.746     0.594
     0.197    -0.980     0.024
     0.161    -0.973     0.162
     0.541    -0.789     0.292
     0.165    -0.984     0.066
     0.311    -0.860     0.403
     0.443    -0.721     0.533
     0.108    -0.994     0.032
     0.349    -0.814     0.464
     0.108    -0.888     0.446
     0.438    -0.716     0.544
     0.394    -0.883     0.256
     0.657    -0.545     0.521
     0.524    -0.753     0.399
     0.348    -0.778     0.523
     0.479    -0.872     0.098
    -0.216    -0.892     0.398
     0.421    -0.820     0.388
     0.170    -0.889     0.424
     0.193    -0.941     0.276
     0.346    -0.760     0.549
     0.546    -0.832     0.095
     0.351    -0.841     0.412
     0.330    -0.881     0.339
     0.666    -0.501     0.552
     0.214    -0.800     0.560
     0.487    -0.768     0.416
     0.275    -0.949     0.155
     0.547    -0.756     0.359
     0.642    -0.602     0.475
     0.241    -0.899     0.365
     0.120    -0.965     0.235
     0.585    -0.681     0.441
     0.380    -0.923    -0.056
    -0.368    -0.928     0.054
     0.314    -0.825     0.470
     0.671    -0.713     0.202
     0.567    -0.772     0.289
     0.269    -0.848     0.456
     0.337    -0.888     0.312
     0.425    -0.821     0.382
     0.099    -0.929     0.357
     0.368    -0.914     0.171
     0.461    -0.737     0.495
     0.104    -0.985     0.136
     0.422    -0.890     0.171
     0.537    -0.830     0.153
     0.388    -0.899     0.203
     0.418    -0.906     0.059
     0.402    -0.830     0.385
     0.248    -0.907     0.340
     0.408    -0.859     0.308
     0.325    -0.863     0.386
     0.070    -0.887     0.456
     0.691    -0.647     0.323
     0.607    -0.757     0.241
     0.279    -0.943     0.179
     0.444    -0.809     0.385
     0.335    -0.830     0.446
     0.480    -0.853     0.203
     0.346    -0.719     0.602
     0.245    -0.965    -0.092
     0.307    -0.940     0.147
     0.413    -0.875     0.251
     0.343    -0.898     0.275
     0.124    -0.918     0.377
     0.418    -0.748     0.516
     0.316    -0.829     0.461
     0.644    -0.762    -0.074
     0.641    -0.616     0.459
     0.081    -0.932     0.352
     0.382    -0.920     0.092
     0.429    -0.744     0.513
     0.376    -0.692     0.616
     0.412    -0.859     0.305
     0.512    -0.714     0.477
     0.185    -0.880     0.438
     0.658    -0.731     0.180
     0.586    -0.756     0.293
     0.292    -0.681     0.671
    -0.034    -0.850     0.526
     0.018    -0.937     0.350
     0.466    -0.877    -0.120
     0.665    -0.722     0.188
     0.207    -0.675     0.708
     0.385    -0.733     0.561
     0.442    -0.897    -0.013
     0.239    -0.962     0.129
     0.136    -0.952     0.274
     0.444    -0.677     0.587
     0.348    -0.906     0.241
     0.404    -0.788     0.463
     0.532    -0.831     0.163
     0.559    -0.797     0.229
     0.136    -0.976     0.170
     0.423    -0.756     0.500
     0.258    -0.957     0.134
     0.098    -0.780     0.618
     0.392    -0.819     0.419
     0.435    -0.880     0.192
     0.401    -0.850     0.340
     0.603    -0.719     0.345
     0.323    -0.946     0.016
    -0.027    -0.951     0.308
     0.352    -0.796     0.493
     0.091    -0.794     0.602
     0.388    -0.920     0.058
     0.425    -0.887    -0.183
    -0.069    -0.881     0.468
     0.471    -0.600     0.646
     0.206    -0.958     0.198
     0.410    -0.884     0.224
     0.439    -0.881     0.176
     0.200    -0.873     0.445
     0.494    -0.702     0.513
     0.359    -0.783     0.508
     0.555    -0.788     0.268
     0.383    -0.906     0.182
     0.195    -0.980    -0.025
     0.293    -0.933     0.211
     0.263    -0.960     0.097
     0.195    -0.961     0.193
     0.345    -0.835     0.429
     0.394    -0.893     0.217
     0.452    -0.891    -0.029
     0.110    -0.941     0.320
     0.490    -0.797     0.353
     0.280    -0.845     0.455
     0.548    -0.642     0.536
     0.079    -0.978     0.192
     0.352    -0.916     0.193
     0.431    -0.665     0.610
     0.563    -0.824    -0.063
     0.619    -0.689     0.378
     0.427    -0.850     0.308
     0.545    -0.581     0.605
    -0.092    -0.819     0.566
     0.295    -0.955    -0.012
     0.574    -0.819    -0.007
     0.407    -0.818     0.406
     0.653    -0.528     0.543
     0.324    -0.945    -0.051
     0.345    -0.928     0.141
     0.320    -0.939     0.127
     0.113    -0.974     0.198
     0.483    -0.853     0.197
     0.450    -0.874     0.187
     0.263    -0.953     0.147
     0.275    -0.957    -0.092
     0.599    -0.801    -0.008
     0.668    -0.520     0.532
     0.583    -0.795     0.169
     0.364    -0.866     0.343
     0.766    -0.627     0.140
     0.420    -0.886     0.195
     0.282    -0.943     0.174
     0.123    -0.968     0.218
     0.392    -0.893     0.219
     0.439    -0.769     0.465
     0.436    -0.862     0.261
     0.049    -0.866     0.497
     0.378    -0.923    -0.074
     0.219    -0.894     0.391
     0.303    -0.909     0.287
     0.468    -0.871     0.147
     0.302    -0.888     0.346
     0.499    -0.674     0.545
     0.443    -0.794     0.416
     0.299    -0.949    -0.103
     0.287    -0.946     0.151
     0.432    -0.842     0.323
     0.486    -0.773     0.407
    -0.220    -0.762     0.609
     0.078    -0.953     0.293
     0.789    -0.548     0.276
     0.493    -0.789     0.368
     0.402    -0.883     0.244
     0.122    -0.820     0.559
     0.537    -0.809     0.237
     0.569    -0.682     0.460
     0.596    -0.600     0.533
     0.011    -0.751     0.660
     0.348    -0.918     0.190
     0.369    -0.874     0.317
     0.335    -0.842     0.423
     0.295    -0.927     0.230
     0.304    -0.830     0.469
     0.028    -0.967     0.253
     0.231    -0.719     0.656
     0.584    -0.720     0.376
     0.463    -0.770     0.439
     0.175    -0.894     0.411
     0.188    -0.972     0.142
     0.555    -0.831     0.044
    -0.221    -0.928     0.299
     0.635    -0.715     0.292
     0.318    -0.607     0.728
     0.301    -0.918     0.259
     0.161    -0.966     0.202
     0.516    -0.755     0.404
     0.346    -0.721     0.600
     0.686    -0.719     0.114
     0.536    -0.496     0.683
     0.456    -0.819     0.349
     0.387    -0.828     0.407
     0.162    -0.917     0.365
     0.481    -0.836     0.262
     0.637    -0.707     0.309
    -0.401    -0.826     0.396
     0.451    -0.893     0.016
     0.124    -0.933     0.338
     0.209    -0.746     0.632
     0.581    -0.814     0.017
     0.132    -0.868     0.479
     0.456    -0.846     0.275
     0.428    -0.832     0.353
     0.563    -0.794     0.230
     0.139    -0.888     0.438
     0.473    -0.723     0.504
     0.372    -0.837     0.400
     0.361    -0.822     0.439
     0.026    -0.939     0.344
     0.218    -0.869     0.444
     0.349    -0.865     0.361
     0.623    -0.664     0.412
     0.229    -0.937     0.262
     0.190    -0.968    -0.163
     0.641    -0.679     0.358
    -0.208    -0.959     0.192
     0.364    -0.894     0.261
     0.343    -0.903     0.260
     0.274    -0.704     0.656
    -0.112    -0.894     0.434
     0.053    -0.835     0.548
     0.713    -0.700     0.042
     0.366    -0.927    -0.081
     0.475    -0.742     0.474
     0.521    -0.755     0.399
    -0.162    -0.875     0.456
     0.411    -0.831     0.375
     0.372    -0.861     0.348
     0.494    -0.869    -0.037
     0.259    -0.814     0.521
     0.158    -0.803     0.574
     0.658    -0.695     0.288
     0.601    -0.732     0.320
    -0.036    -0.962     0.272
     0.528    -0.801     0.282
     0.345    -0.935     0.081
     0.320    -0.835     0.447
     0.372    -0.920    -0.124
     0.164    -0.937     0.308
     0.641    -0.685     0.347
     0.515    -0.525     0.677
     0.414    -0.866     0.280
     0.367    -0.908     0.204
     0.420    -0.894     0.159
     0.410    -0.846     0.341
     0.562    -0.725     0.398
     0.356    -0.903     0.239
     0.476    -0.714     0.514
     0.013    -0.867     0.498
     0.266    -0.963    -0.046
     0.296    -0.862     0.412
     0.293    -0.883     0.368
     0.408    -0.911    -0.054
     0.206    -0.918     0.339
     0.455    -0.870     0.191
    -0.150    -0.986    -0.077
     0.359    -0.930     0.079
     0.477    -0.806     0.350
     0.331    -0.852     0.405
     0.247    -0.968     0.041
     0.321    -0.910     0.262
     0.018    -0.949     0.314
     0.251    -0.910     0.331
     0.348    -0.934    -0.079
     0.594    -0.679     0.432
     0.468    -0.810     0.353
     0.328    -0.892     0.312
     0.425    -0.851     0.308
     0.264    -0.874     0.407
     0.331    -0.841     0.429
     0.297    -0.933     0.202
     0.628    -0.749     0.211
     0.485    -0.792     0.372
     0.136    -0.950     0.282
     0.293    -0.893     0.341
     0.216    -0.927     0.308
     0.298    -0.941     0.158
     0.468    -0.712     0.524
     0.209    -0.884     0.418
     0.540    -0.838     0.076
     0.416    -0.841     0.346
     0.295    -0.954     0.056
     0.662    -0.531     0.528
     0.154    -0.984    -0.084
     0.387    -0.864     0.324
     0.131    -0.914     0.383
     0.322    -0.914     0.246
     0.292    -0.885     0.363
     0.613    -0.587     0.528
     0.528    -0.842     0.112
     0.747    -0.658     0.092
     0.274    -0.888     0.368
     0.598    -0.513     0.616
    -0.060    -0.945     0.321
     0.268    -0.570     0.777
     0.431    -0.878     0.210
     0.517    -0.809     0.279
     0.364    -0.883     0.297
     0.472    -0.876     0.104
     0.345    -0.814     0.468
     0.887    -0.298     0.353
     0.123    -0.986     0.111
     0.666    -0.744     0.046
     0.533    -0.712     0.457
     0.461    -0.884     0.084
     0.224    -0.798     0.559
     0.683    -0.611     0.400
     0.660    -0.642     0.390
     0.474    -0.743     0.473
    -0.189    -0.898     0.398
     0.317    -0.908     0.274
     0.237    -0.886     0.398
    -0.163    -0.912     0.377
     0.265    -0.809     0.525
     0.468    -0.766     0.441
    -0.071    -0.967     0.247
     0.529    -0.739     0.417
     0.214    -0.945     0.248
     0.610    -0.765     0.206
     0.269    -0.962    -0.047
     0.114    -0.789     0.604
     0.466    -0.711     0.527
     0.296    -0.903     0.310
     0.302    -0.815     0.495
    -0.009    -0.932     0.362
     0.538    -0.843     0.015
     0.432    -0.894     0.116
     0.262    -0.856     0.446
     0.511    -0.760     0.403
     0.292    -0.673     0.679
     0.542    -0.759     0.360
     0.583    -0.626     0.517
     0.278    -0.946     0.168
     0.542    -0.839    -0.043
     0.686    -0.493     0.535
     0.395    -0.854     0.338
     0.370    -0.833     0.411
     0.238    -0.938     0.252
     0.535    -0.640     0.551
     0.360    -0.711     0.604
    -0.012    -0.828     0.560
     0.163    -0.898     0.408
     0.545    -0.745     0.383
     0.504    -0.649     0.570
     0.351    -0.772     0.530
     0.461    -0.805     0.374
     0.521    -0.810     0.270
     0.483    -0.744     0.462
     0.014    -0.999     0.034
     0.590    -0.793     0.153
     0.442    -0.614     0.654
     0.580    -0.805     0.123
     0.431    -0.857     0.282
     0.456    -0.824     0.337
     0.577    -0.694     0.430
     0.281    -0.837     0.470
     0.439    -0.828     0.348
     0.108    -0.832     0.544
     0.239    -0.827     0.508
     0.830    -0.547     0.106
     0.229    -0.968    -0.102
     0.229    -0.958     0.170
     0.748    -0.647     0.149
     0.683    -0.709     0.176
    -0.152    -0.858     0.491
     0.667    -0.698     0.262
    -0.054    -0.933     0.356
     0.534    -0.844     0.050
     0.503    -0.787     0.359
     0.634    -0.654     0.413
     0.479    -0.867     0.136
     0.334    -0.840     0.428
     0.640    -0.750     0.170
     0.233    -0.972    -0.012
     0.533    -0.791     0.301
     0.054    -0.996     0.064
     0.033    -0.821     0.570
     0.543    -0.766     0.344
     0.370    -0.905     0.210
     0.205    -0.966     0.158
     0.197    -0.930     0.311
    -0.086    -0.961     0.262
     0.457    -0.708     0.537
     0.486    -0.784     0.386
     0.536    -0.810     0.237
     0.554    -0.734     0.392
     0.294    -0.686     0.666
     0.332    -0.835     0.438
     0.466    -0.870     0.159
     0.444    -0.708     0.550
     0.148    -0.795     0.588
     0.469    -0.645     0.603
     0.390    -0.920    -0.035
     0.460    -0.873     0.161
     0.442    -0.849     0.290
     0.330    -0.850     0.412
     0.395    -0.887     0.239
     0.515    -0.659     0.548
     0.629    -0.748     0.213
     0.506    -0.839     0.201
     0.601    -0.653     0.461
     0.240    -0.781     0.576
     0.500    -0.790     0.354
     0.267    -0.642     0.719
     0.170    -0.802     0.572
     0.335    -0.855     0.395
     0.718    -0.658     0.227
     0.522    -0.438     0.732
     0.008    -0.916     0.401
     0.595    -0.784     0.177
     0.457    -0.785     0.419
     0.227    -0.910     0.347
     0.554    -0.829     0.076
    -0.032    -0.969     0.243
     0.118    -0.982     0.147
     0.309    -0.857     0.412
     0.694    -0.588     0.416
     0.413    -0.908    -0.069
     0.573    -0.726     0.380
     0.273    -0.953     0.131
     0.405    -0.805     0.433
     0.501    -0.858     0.108
     0.317    -0.797     0.513
     0.218    -0.962     0.163
     0.291    -0.957    -0.004
     0.654    -0.723    -0.222
     0.069    -0.948     0.310
     0.263    -0.882     0.391
     0.362    -0.906     0.222
     0.568    -0.812     0.133
     0.493    -0.769     0.407
     0.353    -0.918     0.179
     0.296    -0.940     0.168
     0.453    -0.833     0.316
     0.405    -0.630     0.662
     0.585    -0.807    -0.080
     0.317    -0.857     0.407
     0.153    -0.721     0.676
     0.049    -0.801     0.596
     0.511    -0.680     0.526
     0.426    -0.732     0.532
     0.228    -0.962     0.148
     0.689    -0.607     0.395
     0.459    -0.881     0.111
     0.420    -0.907    -0.033
     0.439    -0.895    -0.082
     0.210    -0.973     0.096
     0.385    -0.880     0.277
     0.324    -0.921     0.216
     0.368    -0.927    -0.066
     0.638    -0.673     0.373
     0.792    -0.519     0.321
     0.481    -0.823     0.301
     0.431    -0.878     0.208
     0.513    -0.793     0.330
     0.530    -0.678     0.510
     0.293    -0.936     0.192
     0.172    -0.983     0.070
     0.029    -0.981     0.193
     0.420    -0.810     0.409
     0.458    -0.864     0.210
     0.599    -0.785     0.157
     0.422    -0.822     0.383
    -0.060    -0.945     0.321
     0.657    -0.646     0.389
     0.241    -0.869     0.433
     0.175    -0.941     0.289
     0.398    -0.814     0.424
     0.340    -0.875     0.344
     0.153    -0.950     0.271
     0.369    -0.882     0.294
     0.012    -0.853     0.522
     0.440    -0.780     0.446
     0.390    -0.915     0.099
     0.414    -0.634     0.653
     0.430    -0.902     0.046
     0.186    -0.956     0.228
     0.358    -0.628     0.691
     0.701    -0.621     0.350
     0.338    -0.666     0.664
     0.330    -0.936     0.120
     0.659    -0.752     0.006
     0.442    -0.881     0.170
     0.171    -0.899     0.404
     0.462    -0.865     0.194
     0.132    -0.927     0.350
     0.353    -0.862     0.364
     0.116    -0.959     0.259
     0.178    -0.972    -0.154
     0.526    -0.782     0.334
     0.630    -0.755     0.181
     0.207    -0.977     0.052
     0.400    -0.840     0.366
     0.642    -0.737     0.211
     0.269    -0.833     0.484
     0.559    -0.767     0.315
     0.177    -0.952     0.250
     0.653    -0.688     0.317
     0.350    -0.909     0.225
     0.337    -0.855     0.394
     0.396    -0.846     0.356
     0.364    -0.931     0.023
    -0.131    -0.923     0.361
     0.488    -0.847     0.210
     0.317    -0.796     0.516
     0.460    -0.887     0.031
     0.251    -0.851     0.462
     0.309    -0.877     0.368
     0.788    -0.450     0.420
     0.281    -0.890     0.359
     0.343    -0.833     0.435
     0.414    -0.822     0.391
     0.623    -0.661     0.420
     0.560    -0.787     0.261
     0.128    -0.792     0.597
     0.521    -0.794     0.314
     0.761    -0.637    -0.118
     0.561    -0.828    -0.013
     0.375    -0.900     0.223
     0.286    -0.670     0.686
     0.301    -0.768     0.565
     0.596    -0.765     0.245
     0.399    -0.606     0.689
     0.483    -0.828     0.286
     0.232    -0.914     0.332
     0.304    -0.862     0.404
     0.128    -0.980     0.154
    -0.107    -0.799     0.592
    -0.030    -0.896     0.443
     0.457    -0.784     0.421
     0.110    -0.835     0.538
     0.555    -0.729     0.401
     0.250    -0.926     0.282
     0.162    -0.827     0.538
     0.314    -0.822     0.475
     0.747    -0.582     0.322
    -0.050    -0.829     0.557
     0.626    -0.729     0.278
     0.681    -0.538     0.496
     0.187    -0.971     0.148
     0.758    -0.531     0.379
     0.519    -0.696     0.497
     0.224    -0.664     0.713
     0.844    -0.446     0.298
     0.122    -0.988     0.097
     0.339    -0.780     0.526
     0.616    -0.729     0.300
     0.512    -0.795     0.325
     0.815    -0.567     0.117
     0.284    -0.912     0.297
     0.375    -0.909     0.180
    -0.030    -0.998     0.062
     0.340    -0.777     0.530
    -0.139    -0.923     0.359
     0.408    -0.794     0.451
     0.296    -0.943     0.148
     0.474    -0.861     0.184
     0.128    -0.981     0.143
     0.558    -0.728     0.398
    -0.010    -0.992     0.124
    -0.024    -0.934     0.357
     0.111    -0.853     0.511
     0.436    -0.848     0.301
     0.401    -0.886     0.231
     0.076    -0.932     0.355
     0.472    -0.854     0.219
     0.269    -0.938     0.220
     0.455    -0.810     0.371
     0.365    -0.930     0.038
     0.808    -0.571     0.146
     0.155    -0.848     0.506
     0.703    -0.710     0.044
     0.459    -0.753     0.470
     0.420    -0.838     0.348
     0.486    -0.855     0.182
     0.082    -0.996     0.034
     0.410    -0.788     0.459
     0.152    -0.945     0.290
     0.491    -0.723     0.486
     0.341    -0.918     0.201
     0.108    -0.732     0.672
    -0.144    -0.988     0.054
     0.316    -0.946     0.080
     0.005    -0.986     0.165
     0.469    -0.832     0.298
     0.756    -0.350     0.553
     0.490    -0.838     0.240
     0.318    -0.755     0.573
     0.399    -0.733     0.551
     0.513    -0.798     0.316
     0.316    -0.941     0.121
     0.643    -0.520     0.563
     0.182    -0.810     0.558
     0.319    -0.943    -0.093
     0.369    -0.879     0.301
     0.451    -0.856     0.253
     0.277    -0.954     0.115
     0.353    -0.899     0.258
     0.431    -0.875     0.222
     0.224    -0.921     0.317
     0.017    -0.935     0.354
     0.490    -0.863    -0.126
     0.322    -0.839     0.438
     0.501    -0.712     0.493
     0.666    -0.432     0.608
     0.265    -0.817     0.512
     0.057    -0.907     0.416
     0.313    -0.872     0.377
     0.510    -0.860     0.017
     0.565    -0.745     0.356
     0.370    -0.839     0.399
     0.446    -0.678     0.584
     0.620    -0.696     0.361
     0.641    -0.668     0.379
     0.532    -0.846     0.037
     0.153    -0.623     0.767
     0.500    -0.830     0.247
     0.185    -0.874     0.450
     0.506    -0.838     0.203
    -0.168    -0.938     0.302
     0.159    -0.864     0.477
     0.072    -0.951     0.299
     0.657    -0.689     0.306
     0.149    -0.856     0.494
     0.513    -0.858     0.019
     0.473    -0.815     0.336
     0.578    -0.731     0.362
     0.415    -0.897     0.152
     0.449    -0.887     0.107
     0.160    -0.981     0.110
     0.674    -0.527     0.518
     0.240    -0.965     0.103
     0.359    -0.930     0.082
     0.590    -0.770     0.244
     0.056    -0.730     0.681
     0.354    -0.841     0.409
     0.695    -0.647     0.314
     0.182    -0.785     0.592
     0.138    -0.926     0.351
     0.041    -0.973     0.228
     0.497    -0.835     0.235
     0.648    -0.449     0.616
     0.103    -0.922     0.373
     0.326    -0.944     0.048
     0.243    -0.876     0.416
     0.290    -0.921     0.259
     0.410    -0.850     0.332
     0.388    -0.782     0.488
     0.692    -0.596     0.408
     0.561    -0.757     0.336
     0.318    -0.849     0.422
     0.485    -0.844     0.230
     0.473    -0.847     0.242
     0.515    -0.747     0.421
     0.338    -0.912     0.233
     0.017    -0.813     0.582
     0.783    -0.622     0.019
     0.392    -0.848     0.356
     0.450    -0.797     0.403
     0.144    -0.848     0.510
     0.838    -0.530     0.132
     0.440    -0.894     0.079
     0.635    -0.723     0.271
     0.213    -0.822     0.528
     0.581    -0.793     0.186
     0.444    -0.789     0.426
     0.244    -0.872     0.424
     0.229    -0.815     0.533
     0.529    -0.801     0.282
     0.327    -0.855     0.403
     0.516    -0.850    -0.109
     0.654    -0.750     0.100
     0.711    -0.650     0.269
     0.512    -0.846     0.148
     0.380    -0.917     0.123
     0.252    -0.856     0.451
     0.714    -0.674     0.188
     0.247    -0.839     0.486
     0.591    -0.794     0.140
     0.251    -0.968    -0.017
     0.497    -0.868     0.006
     0.452    -0.892     0.014
     0.241    -0.937     0.254
     0.402    -0.749     0.527
     0.154    -0.551     0.820
     0.704    -0.709    -0.041
     0.569    -0.722     0.393
     0.054    -0.961     0.273
     0.218    -0.957     0.189
     0.476    -0.842     0.255
     0.312    -0.839     0.445
     0.418    -0.891     0.177
     0.457    -0.769     0.447
     0.572    -0.780     0.254
     0.178    -0.954     0.243
    -0.012    -0.986     0.168
     0.413    -0.797     0.441
     0.328    -0.827     0.456
     0.459    -0.641     0.615
     0.858    -0.364     0.362
     0.422    -0.863     0.278
     0.300    -0.745     0.596
     0.106    -0.881     0.462
     0.218    -0.974     0.061
     0.578    -0.795     0.187
     0.691    -0.412     0.594
     0.228    -0.924     0.308
     0.329    -0.721     0.610
     0.356    -0.932    -0.071
     0.213    -0.891     0.401
     0.261    -0.923     0.284
     0.170    -0.859     0.483
     0.648    -0.619     0.443
     0.301    -0.670     0.679
     0.536    -0.797     0.280
     0.244    -0.890     0.384
     0.672    -0.719     0.174
     0.066    -0.834     0.547
     0.367    -0.813     0.452
     0.516    -0.707     0.483
     0.289    -0.811     0.508
     0.480    -0.754     0.448
     0.552    -0.832     0.057
     0.374    -0.815     0.442
     0.101    -0.676     0.730
     0.088    -0.991     0.100
     0.106    -0.880     0.463
     0.196    -0.834     0.516
     0.350    -0.867     0.356
    -0.065    -0.923     0.380
     0.330    -0.910     0.252
     0.596    -0.790     0.145
    -0.026    -0.782     0.622
     0.330    -0.922     0.205
     0.702    -0.559     0.441
     0.064    -0.961     0.269
     0.405    -0.887     0.223
     0.730    -0.663     0.167
     0.459    -0.877    -0.141
     0.534    -0.816     0.223
     0.245    -0.952     0.186
     0.383    -0.870     0.310
     0.379    -0.742     0.553
     0.325    -0.770     0.548
    -0.005    -0.862     0.506
     0.446    -0.895    -0.029
     0.185    -0.868     0.461
     0.052    -0.805     0.591
     0.260    -0.965     0.026
     0.483    -0.712     0.509
     0.078    -0.983     0.166
     0.599    -0.801    -0.012
     0.490    -0.781     0.387
     0.238    -0.970     0.044
     0.355    -0.935     0.025
     0.163    -0.979    -0.122
     0.437    -0.873     0.216
     0.453    -0.791     0.411
     0.457    -0.714     0.530
     0.293    -0.875     0.386
     0.683    -0.730    -0.029
     0.233    -0.863     0.448
     0.270    -0.928     0.256
     0.489    -0.872    -0.009
     0.247    -0.924     0.293
     0.391    -0.918     0.062
     0.234    -0.841     0.489
     0.452    -0.539     0.711
     0.440    -0.810     0.388
     0.652    -0.678     0.338
     0.502    -0.654     0.566
     0.696    -0.709     0.115
     0.471    -0.879     0.073
     0.365    -0.925     0.102
     0.463    -0.698     0.546
     0.304    -0.799     0.518
     0.563    -0.710     0.423
     0.681    -0.591     0.433
     0.452    -0.597     0.663
     0.258    -0.964     0.065
     0.037    -0.967     0.252
     0.316    -0.905     0.286
     0.374    -0.927     0.043
     0.642    -0.633     0.432
     0.139    -0.830     0.540
     0.180    -0.880     0.439
    -0.220    -0.930     0.295
     0.392    -0.798     0.457
     0.476    -0.769     0.426
     0.629    -0.714     0.308
     0.463    -0.863     0.202
     0.503    -0.771     0.391
     0.341    -0.939     0.052
     0.298    -0.799     0.522
     0.346    -0.937     0.052
     0.178    -0.841     0.511
     0.487    -0.758     0.433
     0.574    -0.807     0.142
     0.075    -0.931     0.356
     0.128    -0.886     0.446
     0.410    -0.912     0.025
     0.551    -0.651     0.522
     0.527    -0.811     0.254
     0.348    -0.819     0.456
     0.594    -0.722     0.355
     0.511    -0.768     0.387
     0.241    -0.759     0.605
     0.185    -0.916     0.355
     0.607    -0.728     0.317
     0.215    -0.975     0.054
     0.007    -0.935     0.354
     0.332    -0.937     0.106
     0.341    -0.931    -0.135
     0.475    -0.523     0.707
     0.357    -0.787     0.503
     0.544    -0.833    -0.105
     0.429    -0.717     0.549
     0.633    -0.710     0.309
     0.575    -0.744     0.339
     0.507    -0.830     0.234
     0.297    -0.778     0.553
     0.213    -0.966     0.149
     0.582    -0.805    -0.111
     0.249    -0.825     0.507
     0.179    -0.978     0.106
     0.312    -0.760     0.570
     0.413    -0.903     0.122
     0.132    -0.900     0.416
     0.373    -0.846     0.380
    -0.042    -0.880     0.473
     0.833    -0.524     0.179
     0.331    -0.807     0.490
     0.548    -0.804     0.229
     0.524    -0.778     0.346
     0.273    -0.764     0.585
     0.319    -0.946     0.063
     0.006    -0.999     0.040
     0.500    -0.827     0.256
     0.422    -0.809     0.410
     0.540    -0.784     0.306
     0.681    -0.685     0.259
     0.295    -0.931     0.216
     0.700    -0.682     0.214
     0.587    -0.766     0.263
     0.229    -0.891     0.391
     0.289    -0.900     0.325
     0.317    -0.860     0.401
     0.198    -0.770     0.607
     0.459    -0.865     0.201
     0.505    -0.811     0.294
     0.580    -0.756     0.304
    -0.015    -0.872     0.490
     0.283    -0.948    -0.142
     0.392    -0.896     0.206
     0.227    -0.775     0.589
     0.055    -0.845     0.532
     0.362    -0.911     0.196
     0.418    -0.903     0.095
     0.615    -0.788    -0.012
     0.181    -0.983     0.034
     0.476    -0.853     0.214
     0.200    -0.898     0.393
     0.357    -0.918     0.170
     0.328    -0.689     0.646
     0.682    -0.707    -0.190
     0.245    -0.854     0.459
     0.136    -0.977     0.165
     0.510    -0.641     0.573
     0.491    -0.841     0.229
     0.619    -0.768     0.163
     0.261    -0.837     0.481
     0.398    -0.790     0.466
     0.557    -0.712     0.428
     0.129    -0.907     0.400
     0.125    -0.884     0.450
     0.582    -0.766     0.274
     0.529    -0.781     0.333
     0.386    -0.818     0.427
     0.688    -0.714     0.131
     0.438    -0.837     0.327
     0.065    -0.868     0.492
     0.309    -0.844     0.438
     0.574    -0.803     0.164
     0.421    -0.839     0.345
     0.567    -0.618     0.545
     0.297    -0.951     0.089
     0.442    -0.833     0.333
     0.312    -0.735     0.602
     0.226    -0.954     0.197
     0.375    -0.926    -0.042
     0.176    -0.953     0.248
     0.691    -0.606     0.393
     0.652    -0.751    -0.107
     0.528    -0.778     0.339
     0.039    -0.934     0.354
     0.304    -0.762     0.571
     0.600    -0.671     0.435
     0.128    -0.992    -0.019
     0.543    -0.832     0.110
    -0.010    -0.906     0.423
     0.187    -0.835     0.518
     0.438    -0.743     0.506
     0.414    -0.884     0.218
     0.415    -0.818     0.400
     0.480    -0.834     0.270
     0.509    -0.673     0.537
     0.347    -0.853     0.390
     0.417    -0.896     0.150
     0.421    -0.758     0.497
     0.298    -0.955     0.006
    -0.014    -0.945     0.327
     0.246    -0.793     0.558
     0.066    -0.697     0.714
     0.321    -0.747     0.582
     0.238    -0.853     0.464
     0.648    -0.758     0.070
     0.106    -0.986     0.129
     0.513    -0.847     0.137
     0.372    -0.813     0.449
     0.139    -0.921     0.365
     0.288    -0.941     0.179
     0.064    -0.764     0.642
     0.154    -0.953     0.260
     0.564    -0.795     0.223
     0.156    -0.985     0.073
     0.531    -0.546     0.648
     0.266    -0.818     0.510
     0.337    -0.869     0.362
     0.497    -0.581     0.645
     0.049    -0.986     0.161
     0.574    -0.453     0.682
     0.451    -0.823     0.344
     0.300    -0.690     0.659
     0.557    -0.828     0.072
    -0.300    -0.919    -0.257
     0.272    -0.868     0.415
     0.338    -0.922     0.191
     0.695    -0.667     0.266
     0.266    -0.935     0.235
     0.332    -0.942     0.055
     0.360    -0.789     0.497
     0.589    -0.656     0.472
     0.710    -0.503     0.492
     0.878    -0.455     0.146
     0.537    -0.798     0.276
    -0.158    -0.964     0.213
     0.384    -0.916     0.118
    -0.080    -0.994     0.076
     0.492    -0.699     0.519
     0.381    -0.821     0.425
     0.030    -0.927     0.375
     0.390    -0.915    -0.101
     0.493    -0.737     0.462
     0.571    -0.605     0.556
     0.103    -0.806     0.583
     0.308    -0.951     0.033
    -0.049    -0.875     0.481
     0.668    -0.723     0.177
     0.893    -0.202     0.402
     0.101    -0.933     0.346
     0.442    -0.710     0.549
     0.505    -0.856     0.111
     0.254    -0.773     0.582
     0.339    -0.905     0.256
     0.325    -0.891     0.316
     0.640    -0.737     0.217
     0.325    -0.762     0.560
     0.698    -0.705     0.127
     0.431    -0.799     0.418
     0.538    -0.830     0.148
    -0.065    -0.991    -0.118
     0.706    -0.705    -0.067
     0.552    -0.711     0.436
     0.237    -0.747     0.621
     0.187    -0.899     0.396
     0.594    -0.802     0.061
    -0.019    -0.978     0.205
     0.215    -0.706     0.675
     0.520    -0.853     0.043
     0.615    -0.694     0.375
     0.292    -0.912     0.289
     0.516    -0.692     0.505
     0.101    -0.864     0.493
     0.596    -0.755     0.273
     0.633    -0.764    -0.123
     0.526    -0.850     0.035
     0.429    -0.819     0.380
     0.318    -0.660     0.681
     0.374    -0.778     0.505
     0.744    -0.453     0.492
     0.663    -0.587     0.465
     0.602    -0.682     0.415
     0.062    -0.758     0.649
     0.408    -0.796     0.447
     0.554    -0.749     0.364
     0.340    -0.800     0.495
     0.763    -0.627     0.158
     0.418    -0.806     0.420
     0.409    -0.797     0.444
     0.295    -0.940     0.169
     0.339    -0.935     0.107
     0.387    -0.836     0.389
     0.637    -0.758     0.140
     0.399    -0.871     0.286
     0.417    -0.899     0.135
     0.115    -0.973     0.201
     0.073    -0.945     0.318
     0.458    -0.573     0.679
     0.347    -0.937     0.032
     0.405    -0.885     0.230
     0.123    -0.801     0.586
     0.550    -0.705     0.447
     0.430    -0.781     0.454
     0.250    -0.872     0.422
     0.441    -0.793     0.422
     0.489    -0.716     0.499
     0.285    -0.735     0.615
     0.288    -0.872     0.396
     0.244    -0.940     0.236
     0.537    -0.744     0.397
     0.400    -0.891     0.215
     0.726    -0.680     0.103
     0.535    -0.780     0.325
     0.515    -0.842     0.157
     0.354    -0.656     0.667
     0.416    -0.571     0.708
    -0.010    -0.790     0.613
     0.306    -0.924     0.228
     0.127    -0.637     0.761
     0.284    -0.949     0.135
     0.434    -0.859     0.273
     0.658    -0.654     0.373
     0.564    -0.795     0.225
     0.456    -0.817     0.352
    -0.211    -0.592     0.778
     0.229    -0.950     0.211
     0.176    -0.911     0.373
     0.714    -0.373     0.593
     0.342    -0.859     0.381
     0.610    -0.769     0.191
     0.175    -0.672     0.720
     0.567    -0.788     0.238
     0.526    -0.585     0.617
     0.798    -0.577     0.175
     0.343    -0.853     0.394
     0.123    -0.992    -0.003
     0.445    -0.751     0.487
     0.704    -0.589     0.397
     0.520    -0.841     0.152
     0.246    -0.821     0.516
     0.539    -0.807     0.241
     0.607    -0.687     0.401
     0.407    -0.804     0.433
     0.236    -0.944     0.230
     0.628    -0.770    -0.118
     0.859    -0.489    -0.149
     0.230    -0.848     0.478
     0.095    -0.966     0.242
     0.609    -0.388     0.692
     0.208    -0.881    -0.424
     0.423    -0.854     0.303
     0.279    -0.872     0.403
     0.415    -0.904     0.099
     0.442    -0.851     0.283
     0.251    -0.636     0.730
     0.229    -0.932     0.282
     0.528    -0.824     0.207
     0.143    -0.690     0.710
     0.167    -0.923     0.347
     0.145    -0.847     0.512
     0.447    -0.781     0.435
     0.410    -0.783     0.468
     0.737    -0.648    -0.194
     0.464    -0.885    -0.025
     0.611    -0.729     0.308
     0.389    -0.844     0.370
     0.143    -0.973     0.181
     0.157    -0.987    -0.021
     0.450    -0.865     0.220
     0.156    -0.957    -0.246
     0.169    -0.912     0.373
     0.540    -0.772     0.335
     0.289    -0.914     0.284
     0.430    -0.782     0.451
     0.591    -0.765     0.257
     0.610    -0.474     0.635
     0.219    -0.950     0.223
     0.296    -0.849     0.438
     0.421    -0.865     0.271
     0.422    -0.747     0.514
     0.132    -0.819     0.558
     0.308    -0.870     0.385
     0.469    -0.881     0.070
     0.585    -0.725     0.362
     0.121    -0.713     0.691
     0.022    -0.886     0.463
     0.281    -0.959     0.022
     0.449    -0.848     0.284
     0.232    -0.910     0.342
     0.567    -0.715     0.409
     0.336    -0.855     0.395
     0.324    -0.799     0.506
     0.321    -0.743     0.587
     0.577    -0.556     0.598
     0.168    -0.932     0.320
     0.303    -0.920     0.249
     0.088    -0.931     0.354
     0.179    -0.954     0.240
     0.466    -0.862     0.199
     0.078    -0.997    -0.010
     0.554    -0.741     0.380
     0.304    -0.943     0.131
     0.340    -0.669     0.661
     0.339    -0.922    -0.189
     0.118    -0.796     0.593
     0.655    -0.741     0.151
     0.351    -0.935    -0.044
     0.236    -0.863     0.446
     0.176    -0.960     0.216
     0.550    -0.791    -0.269
     0.216    -0.952     0.219
     0.370    -0.894     0.252
     0.436    -0.730     0.526
     0.499    -0.763     0.411
     0.200    -0.960     0.196
     0.662    -0.744     0.087
    -0.036    -0.959     0.280
     0.646    -0.490     0.585
     0.618    -0.784     0.061
     0.378    -0.692     0.615
     0.252    -0.856     0.452
     0.313    -0.936     0.159
     0.543    -0.724     0.425
     0.504    -0.854     0.130
     0.135    -0.739     0.660
    -0.053    -0.931     0.361
     0.467    -0.882     0.056
     0.378    -0.913     0.151
     0.444    -0.705     0.553
     0.354    -0.935     0.013
     0.283    -0.713     0.642
     0.526    -0.551     0.648
     0.667    -0.726     0.169
     0.341    -0.807     0.483
     0.581    -0.812     0.056
     0.393    -0.865     0.311
     0.250    -0.858     0.449
     0.453    -0.812     0.367
     0.384    -0.832     0.400
     0.565    -0.819     0.098
     0.229    -0.600     0.767
     0.395    -0.797     0.456
     0.340    -0.761     0.552
     0.430    -0.900     0.062
     0.313    -0.888     0.338
     0.427    -0.844     0.326
     0.580    -0.813     0.038
     0.302    -0.794     0.527
     0.560    -0.625     0.543
     0.106    -0.674     0.731
     0.488    -0.869     0.087
     0.585    -0.773     0.246
     0.360    -0.781     0.511
     0.181    -0.853     0.489
     0.367    -0.879     0.304
     0.439    -0.881     0.174
     0.233    -0.784     0.576
     0.338    -0.936     0.096
     0.216    -0.968    -0.132
     0.395    -0.875     0.280
     0.346    -0.924     0.161
     0.281    -0.959    -0.025
    -0.100    -0.991     0.091
     0.588    -0.698     0.408
     0.215    -0.711     0.670
     0.288    -0.871     0.399
     0.436    -0.736     0.519
     0.499    -0.793     0.350
     0.445    -0.810     0.381
     0.347    -0.902     0.258
     0.078    -0.837     0.541
     0.326    -0.865     0.382
     0.447    -0.619     0.646
     0.578    -0.740     0.344
     0.236    -0.771     0.592
     0.504    -0.864    -0.003
     0.395    -0.728     0.560
     0.376    -0.850     0.369
     0.382    -0.671     0.635
     0.398    -0.799     0.452
    -0.299    -0.850     0.433
     0.060    -0.763     0.644
     0.289    -0.954    -0.079
     0.439    -0.868     0.234
     0.067    -0.959     0.275
     0.369    -0.843     0.391
     0.254    -0.962     0.098
     0.090    -0.787     0.610
     0.083    -0.952     0.295
     0.278    -0.889     0.364
     0.610    -0.786     0.101
     0.256    -0.928     0.270
     0.173    -0.925     0.339
     0.182    -0.975     0.129
     0.701    -0.689     0.184
     0.666    -0.702     0.253
     0.412    -0.807     0.423
     0.427    -0.881     0.204
     0.104    -0.894     0.436
    -0.067    -0.868     0.492
     0.491    -0.867     0.082
     0.127    -0.988     0.082
     0.422    -0.823     0.381
     0.598    -0.697     0.396
     0.661    -0.563     0.496
     0.344    -0.342     0.874
     0.128    -0.941     0.312
     0.494    -0.869     0.003
     0.182    -0.851     0.492
     0.297    -0.885     0.359
     0.511    -0.800     0.316
     0.307    -0.884     0.353
     0.198    -0.918     0.345
     0.445    -0.877     0.180
     0.168    -0.968     0.188
     0.287    -0.934     0.213
     0.356    -0.902     0.245
     0.267    -0.933     0.243
     0.668    -0.709     0.224
     0.419    -0.597     0.684
     0.571    -0.800     0.183
     0.392    -0.887     0.246
     0.476    -0.828     0.298
     0.561    -0.436     0.703
     0.351    -0.912     0.213
    -0.001    -0.813     0.582
     0.483    -0.873    -0.070
     0.130    -0.972     0.194
     0.483    -0.850     0.210
     0.492    -0.819     0.294
     0.339    -0.849     0.404
    -0.044    -0.994     0.105
     0.171    -0.954     0.247
     0.226    -0.940     0.256
    -0.254    -0.965     0.062
     0.243    -0.730     0.638
     0.453    -0.839     0.302
     0.205    -0.958     0.200
     0.241    -0.764     0.598
     0.676    -0.722     0.149
     0.548    -0.694     0.467
     0.268    -0.869     0.416
     0.620    -0.768     0.161
     0.592    -0.787     0.174
     0.626    -0.619     0.475
     0.649    -0.737     0.191
     0.424    -0.808     0.409
     0.394    -0.849     0.353
     0.042    -0.860     0.509
     0.698    -0.676     0.238
     0.339    -0.741     0.580
     0.454    -0.765     0.457
     0.553    -0.753     0.357
     0.465    -0.885    -0.024
     0.381    -0.801     0.461
     0.670    -0.599     0.438
     0.403    -0.891     0.208
     0.450    -0.834     0.319
     0.488    -0.587     0.646
     0.494    -0.664     0.562
     0.233    -0.892     0.387
     0.189    -0.876     0.444
     0.089    -0.731     0.677
     0.723    -0.516     0.458
     0.648    -0.616     0.447
     0.153    -0.900     0.408
     0.508    -0.785     0.354
     0.330    -0.595     0.733
     0.551    -0.712     0.436
     0.519    -0.701     0.490
     0.255    -0.892     0.373
     0.230    -0.864     0.448
     0.243    -0.859     0.450
     0.305    -0.916     0.261
