     0.482    -0.687    -0.543
     0.600    -0.684    -0.415
     0.601    -0.628    -0.494
     0.521    -0.743    -0.420
     0.311    -0.812    -0.495
     0.241    -0.922    -0.304
     0.503    -0.779    -0.374
     0.683    -0.705    -0.192
     0.348    -0.837    -0.423
     0.543    -0.563    -0.623
     0.398    -0.867    -0.300
     0.516    -0.737    -0.437
     0.184    -0.843    -0.505
     0.653    -0.720    -0.233
     0.306    -0.760    -0.573
     0.453    -0.779    -0.434
     0.440    -0.792    -0.423
     0.537    -0.805    -0.251
     0.525    -0.782    -0.336
     0.479    -0.826    -0.298
     0.397    -0.612    -0.684
     0.587    -0.528    -0.613
     0.641    -0.692    -0.333
     0.615    -0.660    -0.432
     0.038    -0.928    -0.371
     0.225    -0.904    -0.363
     0.660    -0.621    -0.422
     0.415    -0.817    -0.399
     0.737    -0.468    -0.487
     0.148    -0.987     0.064
     0.337    -0.589    -0.735
     0.482    -0.720    -0.499
     0.576    -0.758    -0.305
     0.588    -0.748    -0.308
     0.553    -0.725    -0.412
     0.432    -0.736    -0.521
     0.401    -0.631    -0.664
     0.142    -0.930    -0.339
     0.266    -0.919    -0.292
     0.481    -0.782    -0.396
     0.645    -0.686    -0.337
     0.102    -0.932    -0.348
     0.456    -0.667    -0.589
     0.322    -0.914    -0.247
     0.659    -0.709    -0.249
     0.651    -0.730    -0.205
     0.492    -0.611    -0.619
     0.333    -0.723    -0.605
     0.455    -0.647    -0.612
     0.662    -0.619    -0.422
     0.608    -0.594    -0.528
     0.280    -0.929    -0.241
     0.612    -0.775    -0.156
     0.432    -0.881    -0.191
     0.760    -0.588    -0.276
     0.464    -0.804    -0.372
     0.433    -0.688    -0.582
     0.642    -0.552    -0.533
     0.356    -0.931    -0.079
     0.540    -0.760    -0.362
     0.434    -0.751    -0.498
     0.564    -0.720    -0.403
     0.735    -0.529    -0.424
     0.383    -0.910    -0.160
     0.408    -0.895    -0.178
     0.385    -0.851    -0.358
     0.471    -0.694    -0.544
     0.249    -0.721    -0.647
     0.354    -0.894    -0.277
     0.378    -0.892    -0.247
     0.498    -0.779    -0.381
     0.415    -0.909    -0.032
     0.641    -0.658    -0.394
     0.460    -0.837    -0.297
     0.459    -0.823    -0.334
     0.359    -0.825    -0.436
     0.352    -0.891    -0.287
     0.190    -0.976    -0.111
     0.533    -0.736    -0.418
     0.606    -0.539    -0.585
     0.417    -0.737    -0.532
     0.432    -0.843    -0.321
     0.405    -0.525    -0.749
     0.386    -0.888    -0.248
     0.342    -0.752    -0.564
     0.375    -0.919    -0.123
     0.651    -0.605    -0.459
     0.084    -0.924    -0.373
     0.245    -0.835    -0.493
     0.682    -0.673    -0.288
     0.548    -0.589    -0.594
     0.081    -0.797    -0.599
     0.507    -0.689    -0.518
     0.373    -0.892    -0.255
     0.281    -0.910    -0.306
     0.557    -0.700    -0.447
     0.462    -0.841    -0.281
     0.333    -0.844    -0.420
     0.606    -0.671    -0.426
     0.632    -0.593    -0.499
     0.540    -0.833    -0.117
     0.474    -0.824    -0.309
     0.312    -0.800    -0.512
     0.645    -0.563    -0.516
     0.491    -0.825    -0.282
     0.368    -0.703    -0.609
     0.372    -0.879    -0.298
     0.537    -0.754    -0.379
     0.567    -0.724    -0.392
