     0.290    -0.566     0.772
     0.605    -0.680     0.415
     0.420    -0.583     0.696
     0.461    -0.653     0.601
     0.011    -0.543     0.840
     0.747    -0.151     0.648
     0.548    -0.014     0.837
     0.462    -0.715     0.524
     0.467    -0.381     0.798
     0.223    -0.620     0.752
     0.878     0.008     0.479
     0.543    -0.567     0.619
     0.309    -0.740     0.597
     0.145    -0.518     0.843
     0.826    -0.168     0.538
     0.394    -0.710     0.583
     0.346    -0.463     0.816
     0.334    -0.534     0.776
     0.355    -0.192     0.915
     0.265    -0.600     0.755
     0.386    -0.837     0.388
     0.463    -0.384     0.799
     0.556    -0.013     0.831
     0.759    -0.197     0.620
     0.323    -0.636     0.701
     0.363    -0.479     0.799
    -0.301    -0.416     0.858
     0.455    -0.225     0.862
     0.701    -0.326     0.634
    -0.200    -0.334     0.921
     0.244    -0.167     0.955
     0.624    -0.186     0.759
     0.513     0.084     0.854
    -0.385    -0.445     0.809
     0.274    -0.496     0.824
     0.398    -0.723     0.564
     0.473    -0.178     0.863
     0.167    -0.765     0.621
     0.331    -0.289     0.898
     0.451    -0.414     0.791
     0.497    -0.721     0.482
     0.644     0.211     0.736
     0.195    -0.570     0.798
     0.593    -0.512     0.622
     0.326    -0.522     0.788
     0.632    -0.300     0.715
     0.802    -0.336     0.494
     0.551    -0.144     0.822
     0.280    -0.217     0.935
     0.491    -0.387     0.781
     0.495     0.062     0.867
    -0.025    -0.652     0.758
     0.463    -0.244     0.852
     0.394    -0.167     0.904
     0.358    -0.353     0.865
     0.608    -0.401     0.686
     0.235    -0.692     0.682
     0.597    -0.602     0.530
     0.694    -0.388     0.607
     0.468     0.218     0.856
     0.306    -0.501     0.810
     0.624    -0.521     0.582
     0.554    -0.500     0.666
     0.618    -0.114     0.778
     0.542    -0.162     0.825
     0.170    -0.506     0.845
     0.234    -0.539     0.809
     0.413    -0.095     0.906
     0.276    -0.882     0.382
     0.451    -0.581     0.678
     0.127    -0.328     0.936
     0.035    -0.864     0.503
     0.226    -0.190     0.955
     0.392    -0.594     0.703
     0.344    -0.656     0.672
     0.236    -0.075     0.969
     0.240    -0.655     0.716
     0.533    -0.154     0.832
     0.406    -0.588     0.700
     0.526    -0.203     0.826
     0.808    -0.248     0.534
     0.432    -0.487     0.759
     0.476    -0.307     0.824
     0.453    -0.753     0.478
     0.740    -0.510     0.439
     0.303    -0.416     0.857
     0.397    -0.653     0.645
     0.573    -0.644     0.506
     0.734    -0.272     0.622
     0.507    -0.542     0.670
     0.811    -0.578     0.091
     0.197    -0.277     0.941
     0.475    -0.569     0.671
     0.308    -0.452     0.837
     0.365    -0.318     0.875
     0.482    -0.496     0.723
     0.475    -0.629     0.615
     0.364    -0.343     0.866
     0.755    -0.425     0.499
     0.236    -0.211     0.949
     0.767    -0.085     0.636
     0.024    -0.817     0.577
     0.198     0.022     0.980
     0.364    -0.297     0.883
     0.221    -0.399     0.890
     0.120    -0.480     0.869
     0.393    -0.655     0.646
     0.290    -0.007     0.957
     0.546    -0.514     0.662
    -0.168    -0.353     0.921
     0.591    -0.592     0.549
     0.663    -0.404     0.630
     0.421    -0.360     0.833
     0.645    -0.294     0.706
     0.592    -0.578     0.562
     0.238    -0.523     0.819
     0.121    -0.733     0.670
     0.531    -0.134     0.837
     0.754    -0.143     0.641
     0.393    -0.595     0.701
     0.571    -0.328     0.752
     0.376    -0.168     0.911
    -0.112    -0.526     0.843
     0.445    -0.564     0.695
     0.445    -0.626     0.640
     0.689    -0.319     0.651
     0.539    -0.446     0.714
     0.269    -0.763     0.588
     0.422    -0.679     0.601
     0.815    -0.534     0.225
     0.347    -0.516     0.783
     0.617    -0.403     0.676
     0.683    -0.281     0.674
     0.166    -0.611     0.774
     0.654    -0.167     0.738
     0.652    -0.279     0.706
     0.665    -0.494     0.561
     0.224    -0.391     0.893
     0.335    -0.300     0.893
     0.415    -0.151     0.897
     0.595    -0.624     0.508
     0.574    -0.198     0.794
     0.246    -0.865     0.438
    -0.071    -0.399     0.914
     0.610    -0.374     0.698
     0.219    -0.486     0.846
     0.439    -0.331     0.835
     0.439    -0.275     0.856
     0.622    -0.245     0.743
     0.652    -0.680     0.335
     0.157    -0.555     0.817
     0.599    -0.686     0.413
     0.365    -0.609     0.704
     0.311    -0.236     0.921
     0.684    -0.548     0.481
     0.321    -0.508     0.799
     0.197     0.175     0.965
     0.473    -0.440     0.763
     0.761    -0.382     0.525
     0.577    -0.511     0.637
     0.409    -0.047     0.911
     0.632    -0.353     0.690
     0.367    -0.311     0.877
     0.458    -0.177     0.871
     0.241    -0.512     0.824
     0.716    -0.223     0.662
     0.118    -0.339     0.933
     0.800    -0.383     0.462
     0.158    -0.649     0.745
     0.206    -0.579     0.789
     0.383    -0.297     0.875
     0.260    -0.711     0.653
     0.432    -0.326     0.841
     0.530    -0.406     0.744
     0.159    -0.507     0.847
     0.159    -0.773     0.614
     0.334    -0.884     0.327
     0.419    -0.504     0.755
     0.170    -0.249     0.953
     0.744    -0.507     0.436
     0.019    -0.323     0.946
     0.086    -0.288     0.954
     0.240    -0.015     0.971
     0.257    -0.358     0.898
     0.731    -0.076     0.678
     0.568    -0.688     0.453
     0.234    -0.517     0.823
     0.288    -0.397     0.871
    -0.103    -0.662     0.743
     0.258    -0.426     0.867
     0.505    -0.695     0.512
     0.382    -0.120     0.916
     0.468    -0.295     0.833
     0.771    -0.220     0.598
     0.394    -0.346     0.851
     0.753    -0.460     0.470
    -0.035    -0.021     0.999
     0.643    -0.325     0.693
     0.480    -0.377     0.793
     0.617    -0.388     0.685
     0.576    -0.587     0.569
     0.777    -0.039     0.628
     0.425    -0.634     0.646
     0.313    -0.559     0.768
     0.243    -0.328     0.913
     0.540    -0.678     0.499
     0.192    -0.635     0.748
     0.582    -0.102     0.806
    -0.099    -0.408     0.908
     0.572    -0.609     0.550
    -0.064    -0.736     0.673
     0.868    -0.345     0.358
     0.043    -0.622     0.782
     0.740    -0.199     0.642
     0.793    -0.609     0.017
     0.136    -0.294     0.946
     0.081     0.144     0.986
     0.279    -0.521     0.806
     0.104    -0.363     0.926
     0.516    -0.664     0.541
     0.099    -0.808     0.581
     0.341    -0.434     0.834
     0.601    -0.197     0.775
     0.334    -0.462     0.822
     0.439    -0.331     0.835
     0.527    -0.601     0.601
    -0.055    -0.619     0.783
     0.425     0.137     0.895
     0.461    -0.103     0.882
     0.416    -0.194     0.888
     0.480    -0.696     0.534
     0.429    -0.372     0.823
     0.144    -0.639     0.756
    -0.006    -0.734     0.679
     0.109    -0.304     0.946
     0.384    -0.255     0.887
     0.092    -0.394     0.914
     0.303    -0.910     0.284
     0.467    -0.547     0.695
     0.231    -0.644     0.729
     0.752    -0.314     0.579
     0.362    -0.285     0.887
     0.366    -0.568     0.737
     0.554    -0.332     0.763
     0.344     0.004     0.939
     0.229    -0.391     0.892
     0.092    -0.378     0.921
     0.430    -0.454     0.781
     0.747    -0.394     0.535
     0.138    -0.473     0.871
     0.637    -0.355     0.684
     0.728    -0.627     0.277
     0.599    -0.444     0.666
     0.336    -0.458     0.823
     0.208     0.186     0.960
     0.490    -0.102     0.866
     0.667    -0.391     0.634
     0.410    -0.300     0.861
     0.356    -0.463     0.812
     0.638    -0.418     0.647
     0.649     0.143     0.748
     0.425    -0.240     0.873
     0.332    -0.496     0.802
     0.795    -0.094     0.599
     0.286    -0.434     0.854
     0.375    -0.338     0.863
     0.458    -0.592     0.663
     0.215    -0.294     0.931
     0.302     0.306     0.903
     0.733    -0.556     0.392
     0.312    -0.397     0.863
     0.392    -0.118     0.912
     0.615    -0.307     0.726
     0.295    -0.455     0.840
     0.365    -0.353     0.862
     0.460    -0.601     0.654
     0.398    -0.295     0.869
     0.071    -0.573     0.816
     0.229     0.008     0.973
     0.460    -0.538     0.706
    -0.083    -0.773     0.629
     0.270    -0.720     0.639
     0.422    -0.637     0.645
     0.082    -0.554     0.829
     0.163    -0.201     0.966
     0.619    -0.425     0.661
     0.868    -0.330     0.371
     0.225    -0.644     0.731
     0.511    -0.066     0.857
     0.721    -0.260     0.642
     0.576    -0.418     0.702
    -0.103    -0.443     0.890
     0.384    -0.197     0.902
     0.068    -0.573     0.817
     0.552    -0.362     0.751
     0.463    -0.641     0.612
     0.486    -0.482     0.729
     0.254    -0.450     0.856
     0.542    -0.454     0.707
     0.756    -0.245     0.607
     0.587    -0.557     0.587
     0.049    -0.541     0.839
     0.147    -0.820     0.554
     0.305    -0.174     0.936
     0.178    -0.810     0.558
     0.555    -0.573     0.603
     0.376    -0.503     0.778
     0.284    -0.294     0.913
     0.492    -0.769     0.410
     0.712    -0.573     0.407
     0.127    -0.800     0.586
     0.511    -0.444     0.736
     0.287    -0.515     0.808
     0.254    -0.535     0.805
     0.550    -0.524     0.650
     0.457    -0.319     0.830
     0.915    -0.111     0.387
     0.909    -0.164     0.384
     0.420    -0.403     0.813
     0.657    -0.389     0.645
     0.688    -0.112     0.717
     0.784    -0.067     0.617
     0.432    -0.453     0.780
     0.617    -0.366     0.696
     0.459    -0.621     0.635
     0.214    -0.795     0.568
     0.624    -0.378     0.684
     0.376    -0.390     0.841
     0.300    -0.470     0.830
     0.001    -0.422     0.907
     0.630    -0.452     0.631
     0.403    -0.462     0.790
     0.672    -0.591     0.446
     0.553    -0.339     0.761
     0.318    -0.196     0.928
     0.179    -0.691     0.701
     0.322    -0.305     0.896
     0.415    -0.460     0.785
     0.054    -0.656     0.753
     0.454    -0.553     0.698
     0.626    -0.479     0.616
     0.484    -0.252     0.838
     0.002    -0.531     0.847
     0.547    -0.473     0.691
     0.731    -0.466     0.498
     0.515    -0.593     0.619
    -0.038    -0.539     0.842
     0.390    -0.233     0.891
     0.316    -0.298     0.901
     0.640    -0.344     0.687
     0.498    -0.479     0.723
     0.358    -0.466     0.809
     0.483    -0.660     0.575
     0.155    -0.673     0.723
     0.613    -0.276     0.740
     0.560    -0.239     0.793
     0.386    -0.067     0.920
     0.271    -0.319     0.908
     0.026    -0.050     0.998
     0.468    -0.186     0.864
     0.607    -0.227     0.762
     0.140    -0.681     0.719
     0.487    -0.508     0.710
    -0.022    -0.393     0.919
     0.312    -0.702     0.640
     0.415    -0.281     0.865
     0.321    -0.522     0.790
     0.436     0.152     0.887
     0.382    -0.236     0.893
     0.639     0.055     0.767
     0.301    -0.624     0.721
     0.526    -0.613     0.589
     0.752    -0.108     0.650
     0.632    -0.193     0.750
     0.597    -0.477     0.646
     0.537    -0.211     0.817
     0.533    -0.689     0.491
     0.771     0.052     0.635
     0.514    -0.374     0.772
     0.435    -0.313     0.844
    -0.148    -0.459     0.876
     0.469    -0.571     0.674
     0.383    -0.739     0.554
     0.626    -0.624     0.467
     0.342    -0.089     0.935
     0.574    -0.670     0.471
     0.381    -0.788     0.484
     0.434    -0.360     0.826
     0.301     0.052     0.952
     0.368    -0.640     0.674
     0.590    -0.167     0.790
     0.183    -0.809     0.559
     0.735    -0.136     0.664
     0.871    -0.144     0.469
     0.472    -0.679     0.562
     0.233    -0.326     0.916
     0.440    -0.180     0.880
     0.450    -0.687     0.570
     0.139    -0.722     0.678
     0.349    -0.423     0.837
     0.768    -0.136     0.625
     0.404    -0.185     0.896
     0.111    -0.046     0.993
     0.571    -0.341     0.747
     0.386    -0.367     0.846
     0.356     0.148     0.923
     0.583    -0.321     0.747
     0.671    -0.613     0.418
     0.612    -0.159     0.775
     0.447    -0.778     0.440
     0.092    -0.732     0.675
     0.205    -0.662     0.721
     0.463    -0.790     0.403
     0.408    -0.238     0.882
     0.245    -0.409     0.879
     0.441    -0.475     0.762
     0.312    -0.374     0.873
     0.421    -0.750     0.510
     0.909    -0.320     0.267
     0.491    -0.790     0.368
     0.659    -0.318     0.682
     0.481    -0.067     0.874
     0.168    -0.294     0.941
     0.333    -0.736     0.590
     0.308    -0.399     0.863
     0.558    -0.517     0.650
     0.710    -0.173     0.683
     0.361    -0.315     0.878
     0.201    -0.039     0.979
     0.400    -0.555     0.730
     0.282    -0.892     0.354
     0.381    -0.620     0.686
     0.633    -0.574     0.520
     0.384    -0.283     0.879
     0.308    -0.837     0.453
     0.124    -0.624     0.772
    -0.154    -0.666     0.730
     0.178     0.042     0.983
     0.259    -0.089     0.962
     0.717    -0.493     0.493
     0.888    -0.418     0.193
     0.524     0.120     0.843
     0.372    -0.756     0.538
     0.382    -0.315     0.869
     0.093    -0.598     0.796
     0.412    -0.056     0.910
     0.600    -0.551     0.580
     0.612    -0.660     0.436
     0.672    -0.708     0.216
     0.714    -0.301     0.632
     0.369    -0.558     0.743
     0.452    -0.546     0.705
     0.540    -0.630     0.559
     0.157    -0.671     0.725
     0.120    -0.552     0.826
     0.395    -0.309     0.865
     0.450    -0.598     0.664
     0.578    -0.476     0.662
     0.281    -0.429     0.859
     0.687    -0.383     0.618
     0.232    -0.751     0.618
     0.385    -0.686     0.617
     0.334    -0.556     0.762
     0.421    -0.566     0.709
     0.543    -0.276     0.793
    -0.204    -0.398     0.894
     0.475    -0.811     0.341
     0.176    -0.408     0.896
     0.444    -0.545     0.711
     0.569    -0.086     0.818
     0.666    -0.338     0.664
     0.493    -0.261     0.830
    -0.040    -0.159     0.986
     0.350    -0.725     0.592
     0.467    -0.791     0.395
     0.434    -0.415     0.800
     0.311    -0.333     0.890
     0.091    -0.333     0.938
     0.768    -0.265     0.583
     0.643    -0.547     0.536
     0.259    -0.223     0.940
     0.257    -0.349     0.901
     0.711    -0.267     0.650
     0.607     0.049     0.793
     0.099    -0.035     0.994
     0.207    -0.517     0.831
     0.444    -0.218     0.869
    -0.273    -0.750     0.603
     0.429    -0.354     0.831
     0.635    -0.491     0.596
     0.102    -0.349     0.931
     0.671    -0.470     0.574
     0.112    -0.841     0.529
     0.470    -0.214     0.856
     0.493    -0.446     0.747
     0.348    -0.135     0.928
     0.628    -0.507     0.591
     0.475    -0.476     0.740
     0.779    -0.382     0.498
     0.552    -0.061     0.832
     0.490    -0.632     0.601
     0.458    -0.427     0.780
     0.631    -0.611     0.478
     0.484    -0.403     0.777
     0.153    -0.335     0.930
     0.143    -0.699     0.701
     0.145    -0.811     0.566
     0.558    -0.341     0.757
     0.302    -0.272     0.914
     0.204    -0.401     0.893
     0.564    -0.586     0.582
     0.937    -0.098     0.335
     0.658    -0.719     0.223
     0.673    -0.001     0.740
     0.153    -0.013     0.988
     0.210    -0.559     0.802
     0.117    -0.413     0.903
     0.378    -0.493     0.784
     0.476    -0.635     0.608
     0.483    -0.466     0.741
     0.602    -0.175     0.779
     0.276    -0.460     0.844
    -0.125    -0.440     0.889
     0.316    -0.511     0.799
     0.219     0.012     0.976
     0.062    -0.601     0.797
     0.577    -0.137     0.805
     0.371    -0.348     0.861
     0.661    -0.589     0.466
     0.434    -0.268     0.860
     0.463    -0.146     0.874
     0.384    -0.841     0.382
     0.486    -0.461     0.743
     0.220    -0.399     0.890
     0.393    -0.441     0.807
     0.327    -0.253     0.910
     0.431    -0.328     0.841
     0.592    -0.739     0.322
     0.547    -0.808     0.217
     0.639    -0.374     0.672
     0.535    -0.665     0.522
     0.395    -0.573     0.719
     0.054    -0.622     0.781
     0.118    -0.302     0.946
     0.608    -0.453     0.652
     0.509    -0.393     0.766
     0.654    -0.525     0.545
     0.266     0.037     0.963
    -0.027    -0.742     0.670
     0.875    -0.453     0.172
     0.076    -0.466     0.881
     0.649    -0.246     0.720
    -0.220    -0.446     0.868
     0.762    -0.479     0.435
     0.383    -0.666     0.640
     0.622    -0.659     0.423
     0.566    -0.472     0.676
     0.568    -0.456     0.685
     0.602    -0.379     0.703
     0.297    -0.291     0.909
     0.041    -0.362     0.931
     0.255    -0.546     0.798
     0.340    -0.647     0.682
    -0.004    -0.700     0.714
     0.671    -0.350     0.654
     0.456    -0.581     0.674
     0.491    -0.275     0.826
     0.196    -0.823     0.533
     0.461    -0.387     0.798
     0.346    -0.409     0.844
     0.796    -0.361     0.486
     0.611    -0.546     0.573
     0.418     0.019     0.908
     0.558    -0.755     0.344
     0.222    -0.626     0.748
     0.243    -0.686     0.686
     0.744    -0.280     0.606
     0.553    -0.622     0.554
     0.424    -0.446     0.788
     0.259    -0.387     0.885
     0.334    -0.342     0.879
     0.165    -0.376     0.912
     0.302    -0.455     0.838
     0.268    -0.716     0.644
     0.476    -0.382     0.792
     0.732    -0.292     0.616
     0.478    -0.690     0.543
    -0.008    -0.397     0.918
     0.598    -0.075     0.798
     0.364    -0.674     0.643
     0.734    -0.631     0.250
     0.433    -0.218     0.875
     0.808    -0.294     0.510
     0.728    -0.257     0.635
     0.583    -0.471     0.663
     0.277    -0.396     0.875
     0.631    -0.248     0.736
     0.318     0.021     0.948
     0.330    -0.399     0.855
     0.236    -0.781     0.578
     0.311    -0.443     0.841
     0.461    -0.417     0.783
     0.673    -0.299     0.676
     0.407    -0.554     0.726
     0.326    -0.192     0.926
     0.276    -0.357     0.892
     0.496    -0.136     0.857
     0.355    -0.468     0.809
     0.573    -0.163     0.803
     0.532    -0.318     0.785
     0.105    -0.391     0.914
     0.482    -0.551     0.681
     0.521    -0.528     0.671
     0.101    -0.583     0.806
     0.180    -0.420     0.889
     0.401    -0.172     0.900
     0.128    -0.173     0.977
     0.274    -0.592     0.758
     0.254    -0.392     0.884
     0.653    -0.314     0.689
     0.642     0.245     0.727
     0.326    -0.313     0.892
     0.219    -0.505     0.835
     0.826    -0.255     0.503
     0.478    -0.483     0.734
     0.524    -0.118     0.843
     0.594    -0.219     0.774
     0.352    -0.069     0.934
     0.031    -0.511     0.859
     0.155    -0.835     0.528
     0.025    -0.459     0.888
     0.220    -0.100     0.970
     0.432    -0.804     0.409
     0.259    -0.791     0.554
     0.300    -0.694     0.654
    -0.060     0.015     0.998
     0.026    -0.745     0.666
    -0.306    -0.931     0.197
     0.722    -0.331     0.608
     0.448    -0.362     0.817
     0.453     0.061     0.889
     0.269    -0.566     0.779
     0.566    -0.562     0.603
     0.423    -0.804     0.418
     0.592    -0.255     0.765
     0.450    -0.609     0.653
     0.478    -0.534     0.697
     0.653    -0.563     0.507
     0.316    -0.433     0.844
     0.475    -0.313     0.822
     0.408    -0.713     0.571
     0.328    -0.396     0.858
     0.375    -0.648     0.663
     0.698    -0.509     0.503
     0.718     0.344     0.605
     0.715    -0.341     0.611
     0.643    -0.365     0.673
     0.508    -0.327     0.797
     0.703    -0.602     0.379
     0.190    -0.784     0.591
     0.488    -0.729     0.481
     0.620    -0.359     0.698
     0.551    -0.445     0.706
     0.061    -0.708     0.704
     0.605    -0.483     0.633
     0.855    -0.329     0.400
     0.464    -0.502     0.730
     0.233    -0.420     0.877
     0.543    -0.519     0.659
     0.316    -0.634     0.706
     0.743    -0.434     0.509
     0.469    -0.500     0.728
     0.247    -0.777     0.579
     0.380    -0.040     0.924
     0.384    -0.334     0.861
     0.796    -0.326     0.511
     0.489    -0.693     0.529
     0.650    -0.097     0.754
    -0.022     0.022     1.000
    -0.215    -0.745     0.631
     0.668    -0.419     0.615
     0.343    -0.367     0.865
    -0.019    -0.074     0.997
     0.262    -0.847     0.463
     0.240    -0.647     0.724
     0.352    -0.641     0.682
     0.314    -0.444     0.839
     0.591    -0.431     0.681
     0.660    -0.524     0.539
     0.581    -0.175     0.795
     0.188    -0.609     0.771
     0.428    -0.706     0.564
     0.248    -0.580     0.776
    -0.018    -0.604     0.797
     0.772    -0.193     0.606
     0.235    -0.699     0.675
     0.671    -0.113     0.733
     0.488    -0.057     0.871
     0.403    -0.286     0.869
     0.596    -0.010     0.803
     0.338    -0.803     0.492
     0.764    -0.517     0.387
     0.497    -0.662     0.561
     0.476    -0.775     0.415
     0.404    -0.460     0.791
     0.165    -0.142     0.976
     0.106    -0.498     0.861
     0.693    -0.489     0.530
     0.127    -0.341     0.931
     0.265    -0.438     0.859
     0.604    -0.364     0.709
     0.689    -0.493     0.532
     0.146    -0.605     0.783
     0.693    -0.229     0.684
    -0.066    -0.469     0.881
     0.521    -0.162     0.838
     0.156    -0.529     0.834
     0.600    -0.617     0.509
     0.229    -0.361     0.904
     0.351    -0.434     0.830
     0.786    -0.309     0.535
    -0.125    -0.497     0.859
     0.351    -0.325     0.878
     0.621    -0.357     0.697
     0.104     0.049     0.993
     0.356    -0.595     0.720
     0.642    -0.331     0.692
     0.546    -0.460     0.700
     0.499    -0.335     0.799
     0.681    -0.564     0.467
     0.400    -0.521     0.754
     0.305    -0.140     0.942
     0.210    -0.650     0.730
     0.697    -0.444     0.563
     0.473    -0.061     0.879
     0.259    -0.371     0.892
     0.238    -0.658     0.714
     0.624    -0.013     0.782
     0.457    -0.750     0.479
     0.563    -0.147     0.813
     0.667    -0.168     0.726
     0.732    -0.582     0.355
     0.611    -0.593     0.524
     0.586     0.086     0.806
     0.396    -0.069     0.916
     0.674    -0.152     0.723
     0.040    -0.664     0.747
     0.244    -0.538     0.807
     0.701    -0.361     0.616
     0.343    -0.587     0.733
     0.295    -0.221     0.930
     0.635    -0.594     0.494
     0.072    -0.291     0.954
     0.183    -0.201     0.962
     0.236    -0.672     0.702
     0.410    -0.585     0.699
     0.503    -0.838     0.209
     0.399    -0.353     0.846
     0.492    -0.485     0.723
     0.561    -0.301     0.771
     0.723    -0.365     0.587
     0.154    -0.450     0.880
     0.561    -0.363     0.744
     0.537    -0.063     0.841
     0.736    -0.415     0.535
     0.247    -0.836     0.490
     0.291    -0.262     0.920
     0.382    -0.564     0.732
     0.890    -0.129     0.437
     0.159    -0.243     0.957
     0.514    -0.424     0.746
     0.578    -0.636     0.511
     0.671     0.089     0.736
     0.643    -0.551     0.532
     0.728    -0.180     0.662
     0.074    -0.626     0.776
     0.212    -0.721     0.660
     0.730    -0.217     0.648
     0.421    -0.449     0.788
     0.514    -0.166     0.841
     0.260    -0.501     0.825
     0.561     0.020     0.827
     0.740    -0.550     0.387
     0.797    -0.132     0.590
     0.194    -0.112     0.975
     0.617    -0.361     0.700
     0.652    -0.409     0.639
    -0.021    -0.650     0.760
     0.126    -0.383     0.915
     0.268    -0.545     0.795
     0.551    -0.509     0.662
     0.720    -0.331     0.609
     0.322    -0.554     0.768
     0.255    -0.734     0.629
     0.399    -0.721     0.567
     0.824    -0.257     0.506
     0.510    -0.174     0.842
     0.164    -0.591     0.790
     0.096    -0.468     0.879
     0.344    -0.437     0.831
    -0.095    -0.479     0.873
     0.292    -0.557     0.777
     0.463    -0.593     0.659
     0.710    -0.304     0.635
     0.684    -0.298     0.666
     0.497    -0.324     0.805
     0.623    -0.018     0.782
     0.636    -0.549     0.542
     0.093    -0.877     0.471
     0.390    -0.328     0.860
     0.555    -0.550     0.624
     0.606    -0.240     0.758
     0.725    -0.450     0.521
     0.387    -0.485     0.784
     0.412    -0.620     0.667
     0.275    -0.749     0.604
     0.677    -0.437     0.592
     0.593    -0.208     0.778
     0.724    -0.676     0.135
     0.200    -0.280     0.939
     0.572     0.014     0.820
     0.433    -0.305     0.848
     0.550    -0.214     0.807
     0.122    -0.542     0.831
     0.690     0.032     0.723
     0.174    -0.829     0.531
     0.092    -0.664     0.742
    -0.139    -0.419     0.897
     0.554    -0.496     0.669
     0.150    -0.272     0.951
     0.345    -0.482     0.806
     0.332    -0.126     0.935
     0.475    -0.583     0.659
     0.316    -0.610     0.727
     0.522    -0.416     0.745
     0.754    -0.353     0.554
     0.700    -0.328     0.634
     0.675    -0.430     0.599
     0.534    -0.647     0.545
     0.281    -0.412     0.867
     0.415    -0.771     0.483
     0.198    -0.253     0.947
     0.316    -0.271     0.909
     0.229    -0.013     0.973
     0.274    -0.247     0.930
     0.432    -0.410     0.803
     0.494     0.042     0.869
     0.472    -0.545     0.693
     0.071    -0.353     0.933
     0.592    -0.303     0.746
     0.583    -0.498     0.642
     0.708    -0.200     0.678
     0.385    -0.790     0.478
     0.065    -0.547     0.835
     0.564    -0.448     0.694
     0.757    -0.442     0.482
     0.418    -0.451     0.789
     0.197    -0.459     0.866
     0.022    -0.733     0.679
    -0.139    -0.526     0.839
     0.740    -0.497     0.454
     0.349     0.097     0.932
     0.548    -0.650     0.526
     0.100    -0.615     0.783
     0.651    -0.481     0.587
     0.493    -0.365     0.789
     0.642     0.059     0.764
     0.536    -0.155     0.830
     0.207    -0.798     0.566
     0.459    -0.451     0.766
     0.518    -0.362     0.775
     0.422    -0.813     0.402
     0.353    -0.515     0.781
     0.633    -0.521     0.573
     0.146    -0.435     0.888
     0.256    -0.561     0.787
     0.311    -0.621     0.719
     0.824    -0.398     0.404
     0.364    -0.299     0.882
     0.515    -0.290     0.807
     0.214    -0.626     0.750
     0.190    -0.492     0.850
     0.877    -0.376     0.300
     0.487    -0.404     0.775
     0.485    -0.512     0.709
     0.265    -0.769     0.582
     0.376    -0.018     0.927
     0.613    -0.408     0.677
     0.683     0.015     0.730
    -0.032    -0.431     0.902
     0.424    -0.551     0.719
     0.108    -0.337     0.935
     0.347    -0.265     0.900
     0.387    -0.244     0.889
     0.393    -0.372     0.841
     0.369    -0.284     0.885
     0.550    -0.007     0.835
     0.715     0.038     0.698
     0.690    -0.471     0.549
     0.500    -0.151     0.853
    -0.015    -0.835     0.551
     0.690    -0.032     0.723
     0.467    -0.774     0.428
     0.557    -0.109     0.823
     0.031    -0.303     0.952
     0.519    -0.447     0.729
     0.613    -0.156     0.775
     0.636    -0.424     0.645
     0.500    -0.255     0.828
     0.167    -0.513     0.842
     0.539    -0.305     0.785
     0.741    -0.576     0.344
     0.637    -0.279     0.718
     0.681    -0.557     0.475
     0.219    -0.750     0.624
     0.521    -0.096     0.848
     0.216    -0.366     0.905
     0.262    -0.625     0.736
     0.599    -0.583     0.548
    -0.106    -0.622     0.776
     0.607    -0.541     0.582
     0.549    -0.521     0.654
     0.288    -0.114     0.951
     0.756    -0.545     0.364
     0.274    -0.496     0.824
     0.248    -0.421     0.873
     0.405    -0.521     0.751
     0.246    -0.349     0.904
     0.489    -0.837     0.243
     0.521    -0.188     0.833
     0.512    -0.571     0.642
     0.512    -0.225     0.829
     0.596    -0.192     0.779
     0.717    -0.620     0.320
     0.756    -0.231     0.612
     0.391    -0.625     0.675
     0.157    -0.140     0.977
     0.355    -0.377     0.855
     0.492    -0.487     0.722
     0.212    -0.599     0.772
     0.572    -0.249     0.781
     0.071    -0.425     0.903
     0.554    -0.764     0.330
     0.821    -0.305     0.483
     0.348    -0.524     0.777
     0.134    -0.475     0.870
     0.625    -0.394     0.674
     0.492    -0.396     0.776
     0.684    -0.494     0.537
     0.051    -0.615     0.787
     0.580    -0.683     0.443
     0.324    -0.229     0.918
     0.339    -0.175     0.924
     0.437    -0.399     0.807
     0.179    -0.312     0.933
     0.825    -0.347     0.446
     0.373    -0.325     0.869
     0.462    -0.603     0.651
     0.411    -0.712     0.570
     0.613     0.163     0.773
     0.270    -0.318     0.909
     0.464    -0.367     0.806
     0.461    -0.627     0.628
     0.644    -0.472     0.602
     0.429    -0.487     0.761
     0.577    -0.317     0.753
     0.487    -0.290     0.824
     0.555    -0.250     0.793
     0.273    -0.503     0.820
     0.603    -0.297     0.740
     0.272    -0.793     0.544
     0.677    -0.543     0.496
     0.727    -0.471     0.500
     0.385    -0.490     0.782
     0.483    -0.474     0.736
    -0.177    -0.340     0.924
     0.581    -0.585     0.566
     0.515    -0.399     0.758
     0.366    -0.396     0.842
     0.411    -0.760     0.503
     0.677    -0.527     0.514
     0.812    -0.129     0.569
     0.274    -0.725     0.632
     0.696    -0.317     0.644
     0.686    -0.285     0.669
     0.128    -0.613     0.780
    -0.144    -0.765     0.628
     0.491    -0.260     0.832
     0.301    -0.531     0.792
     0.033    -0.819     0.572
     0.617    -0.412     0.670
     0.645    -0.144     0.751
     0.563     0.078     0.823
     0.645    -0.538     0.543
     0.329    -0.530     0.782
     0.511    -0.377     0.772
     0.580    -0.476     0.661
     0.712    -0.306     0.632
     0.460    -0.543     0.702
     0.437    -0.073     0.897
    -0.035    -0.700     0.713
     0.859    -0.255     0.445
     0.340    -0.706     0.621
     0.608    -0.176     0.774
     0.210    -0.359     0.910
     0.672     0.134     0.728
     0.372    -0.258     0.892
     0.295    -0.664     0.687
     0.554    -0.520     0.650
     0.303    -0.461     0.834
     0.320    -0.591     0.740
     0.345    -0.385     0.856
     0.505    -0.309     0.806
     0.266    -0.575     0.774
     0.695    -0.571     0.437
     0.515     0.089     0.852
     0.592    -0.327     0.736
     0.666    -0.238     0.707
     0.621    -0.737     0.268
     0.150    -0.458     0.876
     0.205    -0.346     0.916
     0.524    -0.375     0.765
     0.435    -0.433     0.789
    -0.068    -0.834     0.547
     0.393    -0.692     0.606
     0.657    -0.166     0.736
     0.575    -0.244     0.781
     0.331    -0.341     0.880
     0.297    -0.263     0.918
     0.228    -0.776     0.588
     0.484    -0.157     0.861
     0.679    -0.012     0.734
     0.181    -0.508     0.842
     0.149    -0.468     0.871
     0.560    -0.570     0.601
     0.771    -0.239     0.591
     0.672    -0.312     0.672
     0.157    -0.309     0.938
     0.377    -0.243     0.894
     0.754    -0.295     0.587
     0.098    -0.643     0.759
     0.559    -0.645     0.521
     0.456    -0.435     0.776
     0.160    -0.383     0.910
     0.250    -0.565     0.786
     0.706    -0.239     0.667
    -0.091    -0.263     0.960
     0.139    -0.494     0.858
     0.589    -0.683     0.433
     0.347    -0.769     0.538
     0.398    -0.419     0.816
    -0.049    -0.080     0.996
     0.370    -0.274     0.888
     0.425     0.142     0.894
     0.439    -0.326     0.837
     0.671    -0.286     0.684
     0.525    -0.773     0.358
     0.811    -0.363     0.459
    -0.063    -0.494     0.867
     0.350    -0.626     0.697
     0.729    -0.416     0.544
     0.161     0.168     0.973
     0.299    -0.311     0.902
     0.416    -0.835     0.361
     0.464    -0.142     0.874
     0.376    -0.301     0.877
     0.396    -0.541     0.742
     0.392    -0.449     0.803
     0.711    -0.527     0.466
     0.993    -0.001     0.121
     0.191    -0.293     0.937
     0.122    -0.321     0.939
     0.226    -0.273     0.935
     0.227    -0.454     0.861
     0.439     0.042     0.897
     0.203    -0.279     0.938
     0.281    -0.219     0.935
     0.501    -0.423     0.755
     0.479    -0.455     0.751
     0.137     0.041     0.990
     0.324    -0.717     0.616
     0.475    -0.345     0.810
     0.432    -0.632     0.643
     0.461    -0.498     0.735
     0.473    -0.502     0.724
     0.381     0.098     0.920
     0.330    -0.194     0.924
     0.477    -0.493     0.727
     0.380    -0.452     0.807
     0.660    -0.395     0.639
     0.855    -0.515     0.062
     0.314    -0.284     0.906
     0.165    -0.452     0.877
     0.281    -0.309     0.908
     0.243    -0.554     0.796
     0.490    -0.441     0.752
     0.429    -0.669     0.608
     0.677    -0.220     0.702
     0.424    -0.285     0.860
     0.033    -0.710     0.704
     0.649    -0.138     0.748
     0.302    -0.836     0.459
     0.611    -0.456     0.647
     0.305    -0.500     0.811
     0.372    -0.273     0.887
     0.302    -0.539     0.786
     0.309    -0.208     0.928
     0.694    -0.585     0.419
     0.234    -0.866     0.442
     0.238    -0.642     0.729
     0.249    -0.296     0.922
     0.557    -0.433     0.708
     0.555    -0.118     0.823
     0.722    -0.205     0.661
     0.316    -0.321     0.893
     0.514    -0.446     0.733
     0.590    -0.462     0.662
     0.407    -0.396     0.823
     0.162    -0.799     0.579
     0.353    -0.814     0.461
     0.577    -0.684     0.446
     0.245    -0.612     0.752
     0.272    -0.706     0.654
     0.319    -0.350     0.881
     0.526    -0.226     0.820
     0.724    -0.158     0.672
     0.576    -0.391     0.718
     0.672    -0.138     0.727
     0.144    -0.536     0.832
     0.686    -0.251     0.683
     0.348     0.008     0.937
     0.514    -0.709     0.482
     0.626    -0.192     0.756
     0.116    -0.511     0.852
    -0.126    -0.310     0.942
     0.539    -0.172     0.825
     0.675    -0.368     0.640
     0.665    -0.691     0.282
     0.422    -0.512     0.748
     0.158    -0.448     0.880
     0.147    -0.790     0.595
     0.526    -0.516     0.676
     0.508    -0.410     0.757
     0.302    -0.076     0.950
     0.323    -0.527     0.786
     0.594    -0.529     0.606
     0.517    -0.769     0.377
     0.388    -0.449     0.805
     0.381    -0.005     0.925
     0.658    -0.088     0.748
     0.427    -0.475     0.769
     0.230    -0.347     0.909
     0.375    -0.466     0.801
     0.458    -0.662     0.593
     0.652    -0.498     0.571
     0.174    -0.550     0.817
     0.450    -0.311     0.837
     0.338    -0.625     0.703
     0.519    -0.627     0.582
     0.350    -0.050     0.935
     0.434    -0.629     0.645
     0.276    -0.702     0.657
     0.415    -0.311     0.855
     0.657    -0.530     0.536
     0.305    -0.533     0.789
     0.231    -0.742     0.629
     0.448    -0.668     0.594
     0.215    -0.205     0.955
     0.444    -0.658     0.609
     0.706    -0.443     0.553
     0.462    -0.493     0.737
     0.364    -0.597     0.714
     0.248    -0.155     0.956
     0.424    -0.643     0.637
     0.419    -0.708     0.568
     0.750    -0.402     0.525
     0.312    -0.563     0.765
     0.346    -0.457     0.820
     0.481     0.035     0.876
     0.550    -0.564     0.615
     0.659    -0.693     0.293
     0.284    -0.446     0.849
     0.545    -0.402     0.736
     0.141    -0.038     0.989
    -0.015    -0.114     0.993
     0.616    -0.531     0.582
     0.503    -0.138     0.853
     0.368    -0.560     0.742
     0.345    -0.347     0.872
     0.590    -0.276     0.759
     0.609    -0.606     0.512
     0.729    -0.244     0.640
     0.551    -0.280     0.786
     0.467    -0.568     0.678
     0.294    -0.293     0.910
     0.355    -0.502     0.789
     0.180    -0.608     0.773
     0.407    -0.080     0.910
     0.403    -0.343     0.848
     0.485    -0.536     0.691
     0.425    -0.394     0.815
     0.434    -0.419     0.798
     0.394    -0.596     0.700
     0.028    -0.412     0.911
     0.509    -0.695     0.508
     0.337    -0.540     0.771
     0.513    -0.391     0.764
     0.364    -0.486     0.795
     0.219    -0.652     0.726
     0.653    -0.393     0.647
     0.097    -0.268     0.959
     0.335    -0.547     0.767
     0.764    -0.234     0.601
     0.824    -0.241     0.512
     0.593    -0.538     0.600
    -0.070    -0.355     0.932
     0.698    -0.413     0.585
     0.767     0.108     0.632
     0.481    -0.382     0.789
     0.497    -0.318     0.807
     0.060    -0.668     0.741
     0.870    -0.135     0.475
     0.494    -0.488     0.720
     0.409    -0.332     0.850
     0.331    -0.332     0.883
     0.616    -0.533     0.580
     0.291     0.163     0.943
     0.509    -0.280     0.814
     0.496    -0.631     0.597
     0.671    -0.236     0.703
     0.384    -0.437     0.813
     0.400    -0.306     0.864
     0.389    -0.628     0.674
     0.234    -0.505     0.831
     0.003    -0.266     0.964
     0.445    -0.397     0.803
     0.701    -0.534     0.472
     0.640    -0.249     0.727
     0.219     0.114     0.969
     0.342    -0.637     0.690
     0.514    -0.382     0.768
     0.506    -0.527     0.682
     0.209    -0.490     0.846
     0.709    -0.152     0.689
     0.269    -0.638     0.722
     0.169    -0.334     0.927
     0.643    -0.136     0.754
     0.468    -0.448     0.762
    -0.062    -0.602     0.796
     0.554    -0.274     0.786
     0.061    -0.654     0.754
     0.266    -0.341     0.901
     0.584    -0.321     0.746
     0.361    -0.602     0.713
     0.383    -0.240     0.892
     0.224    -0.415     0.882
     0.290    -0.309     0.906
     0.566    -0.199     0.800
     0.347    -0.817     0.460
     0.217    -0.630     0.746
     0.541    -0.579     0.610
     0.674    -0.565     0.476
     0.612    -0.043     0.789
     0.423     0.096     0.901
     0.431    -0.481     0.764
     0.610    -0.276     0.742
     0.538    -0.185     0.822
     0.496    -0.268     0.826
     0.225    -0.316     0.922
     0.795    -0.142     0.589
     0.410    -0.501     0.763
     0.279    -0.454     0.846
     0.455    -0.062     0.888
     0.394    -0.371     0.841
     0.269    -0.089     0.959
     0.441    -0.767     0.466
     0.189    -0.286     0.939
     0.363    -0.479     0.799
     0.554    -0.485     0.677
     0.122    -0.872     0.474
     0.342    -0.511     0.789
     0.126     0.060     0.990
     0.104    -0.897     0.429
     0.293    -0.412     0.863
     0.542    -0.673     0.503
     0.503    -0.274     0.820
     0.280    -0.404     0.871
     0.510    -0.451     0.732
     0.431    -0.516     0.740
     0.659    -0.282     0.698
     0.188    -0.720     0.668
     0.019    -0.758     0.652
     0.706    -0.509     0.492
     0.714    -0.333     0.616
     0.080    -0.087     0.993
     0.478    -0.475     0.739
     0.689    -0.586     0.426
     0.633    -0.186     0.751
     0.531    -0.324     0.783
     0.563    -0.352     0.748
     0.011    -0.439     0.899
     0.580    -0.585     0.567
     0.162    -0.123     0.979
     0.868    -0.234     0.438
     0.084    -0.487     0.870
     0.089    -0.572     0.815
     0.286    -0.185     0.940
     0.178    -0.644     0.744
     0.402    -0.683     0.610
     0.330    -0.459     0.825
     0.359    -0.732     0.579
     0.216    -0.427     0.878
     0.547    -0.437     0.714
     0.336    -0.536     0.775
     0.115    -0.599     0.793
     0.374    -0.444     0.814
     0.203    -0.191     0.960
     0.260    -0.314     0.913
     0.406    -0.462     0.789
     0.489    -0.223     0.843
     0.655    -0.579     0.486
    -0.086    -0.812     0.577
     0.284    -0.222     0.933
     0.606    -0.570     0.554
     0.403    -0.095     0.910
     0.252    -0.594     0.764
     0.638    -0.065     0.767
     0.744    -0.298     0.598
     0.703    -0.224     0.675
     0.369    -0.531     0.763
     0.420    -0.540     0.729
     0.679    -0.180     0.712
     0.608    -0.621     0.495
     0.487    -0.263     0.833
     0.383    -0.254     0.888
     0.574    -0.532     0.623
     0.170    -0.623     0.763
     0.486    -0.574     0.659
     0.652    -0.030     0.757
     0.381    -0.425     0.821
     0.235    -0.430     0.872
     0.527    -0.699     0.483
     0.327    -0.474     0.818
     0.675     0.052     0.736
     0.526    -0.506     0.684
     0.002    -0.821     0.571
     0.399    -0.340     0.852
     0.842     0.154     0.516
     0.217    -0.676     0.704
     0.667    -0.386     0.637
     0.666    -0.038     0.745
    -0.050    -0.543     0.838
     0.463    -0.881     0.096
     0.637    -0.280     0.718
     0.047    -0.299     0.953
     0.444    -0.592     0.672
     0.791    -0.431     0.433
     0.552    -0.475     0.686
     0.509    -0.573     0.642
     0.085    -0.416     0.905
     0.438    -0.397     0.806
     0.341    -0.733     0.589
     0.435    -0.313     0.844
     0.643     0.087     0.761
    -0.027    -0.578     0.816
     0.444    -0.122     0.888
     0.376    -0.433     0.819
     0.583    -0.777     0.237
     0.159    -0.500     0.851
     0.044    -0.708     0.705
     0.558    -0.711     0.429
     0.438    -0.216     0.873
     0.025    -0.014     1.000
     0.247    -0.690     0.680
     0.252    -0.687     0.682
     0.325    -0.149     0.934
     0.140    -0.764     0.630
     0.713    -0.508     0.484
     0.391     0.014     0.920
     0.488    -0.083     0.869
     0.059    -0.837     0.545
     0.570    -0.517     0.639
     0.205    -0.701     0.683
     0.444    -0.468     0.764
     0.711    -0.294     0.639
     0.210    -0.494     0.844
     0.668     0.029     0.744
     0.887    -0.079     0.455
     0.343    -0.328     0.880
     0.480    -0.406     0.778
     0.432    -0.048     0.901
     0.318    -0.297     0.900
     0.623    -0.679     0.387
     0.488    -0.171     0.856
     0.443    -0.715     0.540
     0.362    -0.277     0.890
     0.366    -0.270     0.891
     0.678    -0.462     0.572
     0.204    -0.118     0.972
     0.399    -0.459     0.794
     0.216    -0.456     0.864
     0.188    -0.722     0.666
     0.461    -0.339     0.820
     0.387    -0.473     0.792
     0.483    -0.548     0.683
     0.523    -0.425     0.739
     0.070    -0.457     0.887
     0.288    -0.293     0.912
     0.653    -0.331     0.681
     0.515    -0.521     0.681
    -0.074    -0.252     0.965
     0.236    -0.684     0.690
     0.475    -0.864     0.170
     0.536    -0.341     0.772
     0.334    -0.723     0.604
     0.525    -0.466     0.712
     0.657    -0.215     0.722
     0.444    -0.307     0.842
     0.318    -0.657     0.683
     0.206     0.054     0.977
     0.556    -0.520     0.649
     0.658    -0.433     0.615
     0.628    -0.298     0.719
     0.598    -0.231     0.767
     0.287    -0.161     0.944
     0.232    -0.119     0.965
    -0.203    -0.696     0.689
     0.708    -0.540     0.454
     0.646    -0.402     0.649
     0.712    -0.511     0.481
     0.488    -0.411     0.770
     0.211    -0.001     0.977
     0.552    -0.639     0.536
     0.548    -0.490     0.678
     0.463    -0.583     0.668
     0.186    -0.338     0.923
     0.513    -0.457     0.727
     0.228    -0.414     0.881
     0.676    -0.103     0.730
     0.310    -0.488     0.816
     0.619    -0.418     0.665
     0.025    -0.736     0.677
     0.438    -0.298     0.848
     0.360    -0.320     0.877
     0.673    -0.449     0.588
     0.268    -0.259     0.928
     0.052    -0.512     0.858
     0.382    -0.500     0.777
     0.291    -0.636     0.715
     0.419    -0.286     0.862
     0.557    -0.261     0.789
     0.382    -0.461     0.801
     0.083    -0.455     0.887
     0.020    -0.480     0.877
     0.550    -0.438     0.711
     0.063    -0.413     0.909
     0.278    -0.063     0.959
     0.690    -0.517     0.507
     0.576    -0.398     0.714
     0.486    -0.162     0.859
     0.732    -0.508     0.453
     0.332    -0.387     0.860
     0.328    -0.614     0.718
     0.534    -0.048     0.844
     0.647    -0.459     0.608
     0.529    -0.265     0.806
     0.118    -0.622     0.774
     0.383    -0.485     0.786
     0.718    -0.203     0.666
     0.695    -0.181     0.696
     0.064    -0.539     0.840
     0.325    -0.385     0.864
     0.826    -0.126     0.549
     0.504    -0.624     0.597
     0.744    -0.366     0.559
     0.077    -0.363     0.929
     0.808    -0.259     0.530
     0.396    -0.821     0.411
     0.431    -0.380     0.819
     0.074    -0.272     0.959
     0.567    -0.609     0.554
     0.417    -0.567     0.710
     0.342    -0.623     0.703
     0.618    -0.518     0.591
     0.537    -0.818     0.206
     0.508    -0.034     0.861
     0.651    -0.422     0.631
     0.343    -0.517     0.785
     0.204    -0.174     0.963
     0.225    -0.487     0.844
     0.544    -0.590     0.596
     0.190    -0.768     0.611
     0.472     0.068     0.879
     0.618    -0.443     0.649
     0.482    -0.576     0.660
     0.567    -0.234     0.790
     0.381    -0.387     0.840
    -0.049    -0.443     0.895
     0.130    -0.673     0.728
     0.481    -0.222     0.848
     0.489    -0.602     0.631
     0.529    -0.244     0.813
    -0.164    -0.326     0.931
     0.481     0.216     0.850
    -0.076    -0.684     0.725
    -0.357    -0.694     0.625
     0.596    -0.284     0.751
     0.320    -0.688     0.651
     0.638    -0.278     0.718
     0.446    -0.352     0.823
    -0.012    -0.311     0.950
     0.623    -0.461     0.632
     0.152    -0.857     0.493
     0.414    -0.250     0.875
     0.452    -0.181     0.873
     0.560    -0.292     0.775
     0.251    -0.146     0.957
     0.462    -0.183     0.868
    -0.150    -0.393     0.907
     0.619    -0.375     0.690
     0.117    -0.653     0.748
     0.532    -0.499     0.684
     0.449    -0.386     0.806
     0.322    -0.413     0.852
     0.278    -0.644     0.713
     0.387    -0.495     0.778
     0.087    -0.458     0.885
     0.389    -0.319     0.864
     0.189    -0.300     0.935
     0.529    -0.505     0.682
     0.343    -0.451     0.824
     0.711    -0.138     0.690
     0.258    -0.861     0.438
     0.659    -0.351     0.665
     0.526    -0.140     0.839
     0.219    -0.739     0.637
     0.871    -0.132     0.474
     0.548    -0.497     0.673
     0.181    -0.551     0.815
     0.659    -0.375     0.652
     0.170    -0.354     0.919
     0.401    -0.552     0.731
     0.027    -0.665     0.746
     0.044    -0.498     0.866
     0.778    -0.304     0.550
     0.636    -0.341     0.692
     0.490    -0.576     0.654
     0.354    -0.723     0.593
     0.544    -0.516     0.662
     0.730     0.209     0.651
     0.530    -0.081     0.844
     0.299     0.097     0.949
     0.452    -0.673     0.585
     0.675    -0.491     0.551
     0.631    -0.490     0.601
     0.762    -0.470     0.445
     0.642    -0.440     0.628
     0.399    -0.537     0.744
     0.574    -0.350     0.740
     0.678    -0.471     0.564
     0.743    -0.344     0.574
     0.777    -0.360     0.516
    -0.125    -0.546     0.828
     0.441    -0.482     0.757
     0.563    -0.550     0.617
     0.716    -0.577     0.393
     0.673    -0.143     0.726
     0.350    -0.711     0.610
     0.408    -0.801     0.438
     0.372    -0.520     0.769
     0.505    -0.432     0.748
     0.307    -0.428     0.850
     0.098    -0.717     0.690
     0.663    -0.529     0.530
     0.441    -0.506     0.742
     0.604     0.068     0.794
     0.411     0.241     0.879
     0.710    -0.398     0.581
     0.247     0.173     0.953
    -0.304    -0.734     0.607
     0.711    -0.286     0.642
     0.312    -0.586     0.748
     0.698    -0.246     0.672
     0.216    -0.412     0.885
    -0.025    -0.214     0.977
     0.704    -0.489     0.515
     0.623    -0.318     0.714
     0.449    -0.630     0.634
     0.507    -0.452     0.734
     0.451    -0.508     0.734
     0.490    -0.452     0.745
     0.648    -0.630     0.429
     0.130    -0.530     0.838
     0.120    -0.068     0.990
     0.860    -0.301     0.412
     0.112    -0.185     0.976
     0.549    -0.686     0.477
     0.100    -0.666     0.739
     0.453    -0.787     0.419
     0.657    -0.119     0.744
     0.145    -0.558     0.817
     0.750    -0.314     0.583
     0.508    -0.513     0.692
     0.180    -0.884     0.432
     0.710    -0.640     0.292
     0.580    -0.491     0.650
     0.642    -0.702     0.309
    -0.068    -0.148     0.987
     0.639    -0.336     0.692
    -0.135    -0.783     0.607
     0.701    -0.146     0.698
     0.036    -0.415     0.909
     0.051    -0.261     0.964
     0.482    -0.075     0.873
     0.141    -0.536     0.832
     0.493    -0.622     0.608
     0.544    -0.673     0.502
     0.770     0.003     0.638
     0.511    -0.421     0.749
     0.753    -0.583     0.306
     0.244    -0.817     0.523
     0.747     0.034     0.664
     0.581    -0.402     0.708
     0.353    -0.327     0.877
     0.268    -0.749     0.606
     0.007    -0.454     0.891
     0.066    -0.016     0.998
     0.682    -0.075     0.727
    -0.168    -0.272     0.947
     0.274    -0.306     0.911
     0.698    -0.102     0.709
     0.134    -0.436     0.890
     0.066    -0.253     0.965
     0.566    -0.389     0.727
     0.488    -0.601     0.633
     0.321    -0.801     0.505
     0.536    -0.285     0.795
    -0.072    -0.390     0.918
     0.466    -0.691     0.552
    -0.002    -0.771     0.637
     0.514    -0.261     0.817
     0.260    -0.722     0.642
     0.286    -0.455     0.843
     0.235    -0.871     0.432
     0.018    -0.628     0.778
     0.274    -0.160     0.948
     0.410    -0.512     0.755
     0.866    -0.179     0.467
     0.497    -0.696     0.518
     0.713    -0.485     0.506
     0.346    -0.388     0.854
     0.356    -0.469     0.808
     0.561    -0.479     0.675
     0.680    -0.095     0.727
     0.453    -0.394     0.800
    -0.214    -0.749     0.627
     0.419    -0.236     0.877
     0.280    -0.253     0.926
    -0.245    -0.389     0.888
     0.692    -0.163     0.703
     0.092    -0.619     0.780
     0.564    -0.259     0.784
     0.252    -0.656     0.712
     0.433    -0.700     0.568
     0.304    -0.600     0.740
     0.389    -0.438     0.810
     0.438    -0.738     0.513
     0.780    -0.322     0.536
     0.398    -0.411     0.820
     0.514    -0.679     0.525
     0.422    -0.330     0.845
     0.252    -0.372     0.893
     0.569    -0.344     0.747
     0.199    -0.896     0.397
     0.440    -0.301     0.846
     0.863    -0.207     0.460
     0.073    -0.812     0.580
     0.121    -0.470     0.874
     0.401    -0.670     0.625
     0.589    -0.190     0.785
     0.290    -0.308     0.906
     0.492    -0.529     0.691
     0.720    -0.366     0.589
     0.407     0.092     0.909
     0.290    -0.306     0.907
     0.148    -0.258     0.955
     0.498    -0.496     0.711
    -0.023    -0.750     0.661
     0.795    -0.307     0.523
     0.625    -0.504     0.596
     0.171    -0.544     0.822
    -0.006    -0.469     0.883
     0.135    -0.492     0.860
     0.692    -0.559     0.457
     0.281    -0.673     0.684
     0.746    -0.250     0.618
     0.737    -0.212     0.642
     0.006    -0.697     0.717
     0.669    -0.131     0.732
     0.628    -0.701     0.337
     0.383    -0.290     0.877
     0.167    -0.557     0.814
     0.132    -0.426     0.895
     0.122    -0.525     0.842
     0.567    -0.514     0.644
     0.554    -0.261     0.791
     0.471    -0.605     0.642
     0.534    -0.396     0.747
     0.662    -0.306     0.684
     0.778    -0.414     0.473
     0.418    -0.430     0.800
     0.602    -0.057     0.797
     0.395    -0.272     0.878
     0.855    -0.460     0.239
     0.633    -0.378     0.675
     0.170     0.084     0.982
     0.212    -0.379     0.901
     0.735    -0.567     0.371
     0.010    -0.315     0.949
     0.480    -0.605     0.636
     0.392    -0.214     0.895
     0.576    -0.009     0.817
     0.745    -0.343     0.572
     0.465    -0.672     0.577
     0.103    -0.638     0.763
     0.614     0.275     0.740
     0.616    -0.051     0.786
     0.569    -0.567     0.595
     0.247    -0.489     0.837
     0.302     0.114     0.946
     0.591    -0.413     0.693
     0.440    -0.316     0.841
     0.557    -0.547     0.624
     0.400    -0.712     0.577
     0.667    -0.384     0.638
     0.578    -0.363     0.730
     0.623    -0.528     0.577
     0.430    -0.682     0.592
     0.674    -0.626     0.392
     0.345    -0.347     0.872
     0.368    -0.616     0.696
     0.523    -0.533     0.665
     0.264     0.012     0.964
     0.438    -0.466     0.769
     0.807    -0.484     0.339
     0.396    -0.762     0.512
     0.804    -0.303     0.512
     0.419    -0.754     0.506
    -0.016    -0.668     0.744
     0.295    -0.548     0.783
     0.308    -0.439     0.844
     0.436    -0.347     0.831
     0.388    -0.232     0.892
     0.248    -0.754     0.608
     0.711    -0.392     0.584
     0.750    -0.273     0.602
     0.511    -0.427     0.746
     0.797    -0.424     0.430
     0.669    -0.346     0.658
     0.370    -0.468     0.802
     0.735    -0.120     0.667
     0.378    -0.198     0.905
     0.306    -0.736     0.604
     0.168    -0.229     0.959
     0.671    -0.414     0.615
     0.374    -0.036     0.927
     0.621    -0.367     0.693
     0.466    -0.284     0.838
     0.660    -0.423     0.621
     0.696    -0.596     0.401
     0.144    -0.169     0.975
     0.793    -0.197     0.577
     0.480    -0.212     0.851
     0.730    -0.160     0.665
     0.651    -0.234     0.722
     0.345    -0.526     0.777
     0.331    -0.175     0.927
     0.226    -0.814     0.535
     0.195    -0.169     0.966
     0.304    -0.743     0.596
     0.205    -0.415     0.886
     0.565    -0.026     0.825
     0.581    -0.488     0.651
     0.492    -0.230     0.840
     0.325    -0.818     0.474
     0.421    -0.096     0.902
     0.132    -0.331     0.934
     0.603    -0.546     0.582
     0.415    -0.535     0.736
     0.300    -0.066     0.952
     0.867    -0.285     0.409
     0.052    -0.230     0.972
     0.499    -0.183     0.847
     0.346    -0.735     0.583
     0.317    -0.533     0.784
     0.372    -0.267     0.889
     0.530    -0.692     0.489
     0.591    -0.459     0.663
     0.045     0.248     0.968
     0.714    -0.297     0.634
     0.215    -0.732     0.647
     0.194    -0.571     0.798
     0.739    -0.349     0.576
     0.551    -0.266     0.791
     0.460    -0.470     0.753
     0.600    -0.475     0.643
     0.393    -0.833     0.389
     0.204    -0.533     0.821
     0.614    -0.656     0.439
     0.664    -0.455     0.594
     0.586    -0.286     0.759
     0.630    -0.528     0.569
     0.625    -0.010     0.780
     0.808    -0.107     0.579
     0.288    -0.376     0.881
     0.710    -0.462     0.531
     0.500    -0.701     0.509
     0.289    -0.538     0.792
     0.014    -0.089     0.996
     0.449    -0.445     0.775
     0.175    -0.605     0.776
    -0.051    -0.346     0.937
     0.244    -0.601     0.761
     0.345    -0.771     0.535
     0.346    -0.612     0.711
     0.418    -0.383     0.824
     0.073    -0.002     0.997
     0.628    -0.192     0.754
     0.277    -0.441     0.854
     0.194    -0.305     0.932
     0.248    -0.819     0.517
     0.275    -0.304     0.912
     0.422    -0.279     0.862
     0.298    -0.791     0.534
     0.522    -0.375     0.766
     0.431    -0.347     0.833
     0.504    -0.469     0.725
    -0.379    -0.103     0.920
     0.544    -0.295     0.786
     0.205    -0.270     0.941
     0.372     0.104     0.922
     0.499    -0.424     0.756
     0.393    -0.345     0.852
     0.113    -0.530     0.840
     0.320    -0.871     0.373
     0.741    -0.106     0.663
     0.355    -0.617     0.702
     0.320    -0.327     0.889
     0.580    -0.689     0.434
     0.741    -0.310     0.596
     0.678    -0.038     0.734
     0.673    -0.363     0.644
     0.101    -0.326     0.940
     0.618    -0.429     0.658
     0.573    -0.396     0.717
     0.487    -0.624     0.611
     0.180    -0.418     0.891
     0.264     0.068     0.962
     0.014    -0.052     0.999
     0.857    -0.298     0.421
     0.589    -0.116     0.800
     0.734    -0.398     0.551
     0.825    -0.380     0.418
     0.475    -0.200     0.857
     0.606    -0.739     0.295
     0.604    -0.190     0.774
     0.754    -0.457     0.472
     0.150    -0.340     0.928
     0.646    -0.387     0.659
     0.310    -0.297     0.903
     0.600    -0.065     0.797
     0.318    -0.716     0.622
     0.365    -0.387     0.847
     0.561    -0.690     0.458
     0.440     0.247     0.863
     0.300     0.080     0.951
     0.353    -0.261     0.899
     0.271    -0.666     0.695
     0.675    -0.362     0.643
    -0.050    -0.476     0.878
    -0.079    -0.572     0.817
     0.458    -0.341     0.821
     0.498    -0.261     0.827
     0.435    -0.356     0.827
     0.146    -0.418     0.897
     0.360    -0.531     0.767
     0.481    -0.339     0.808
     0.313    -0.652     0.691
     0.422    -0.570     0.705
     0.419    -0.599     0.682
     0.343    -0.783     0.519
     0.439    -0.743     0.505
     0.268    -0.748     0.608
     0.423    -0.623     0.658
     0.431    -0.496     0.754
     0.673    -0.443     0.593
     0.352    -0.200     0.914
     0.595    -0.155     0.788
     0.440    -0.272     0.856
     0.590    -0.277     0.758
     0.419    -0.441     0.794
     0.340    -0.923     0.179
     0.346    -0.448     0.824
     0.299    -0.597     0.744
     0.264    -0.241     0.934
     0.248    -0.587     0.771
     0.519    -0.687     0.509
     0.220    -0.539     0.813
     0.482    -0.269     0.834
     0.233    -0.617     0.752
     0.784    -0.405     0.471
     0.327    -0.543     0.774
     0.566    -0.182     0.804
     0.613     0.213     0.761
     0.259    -0.572     0.778
     0.185    -0.547     0.817
     0.095    -0.344     0.934
     0.622    -0.245     0.744
     0.616    -0.002     0.787
    -0.299    -0.623     0.723
     0.279    -0.493     0.824
     0.719    -0.318     0.618
     0.631    -0.484     0.606
     0.445    -0.306     0.842
     0.361    -0.138     0.922
    -0.067    -0.439     0.896
     0.554    -0.613     0.563
     0.699    -0.492     0.519
     0.381    -0.056     0.923
     0.562    -0.652     0.509
     0.524    -0.765     0.375
     0.350    -0.258     0.900
     0.635    -0.218     0.741
     0.253    -0.556     0.791
     0.194    -0.583     0.789
     0.509    -0.104     0.854
     0.273    -0.729     0.628
     0.572    -0.605     0.554
     0.470    -0.326     0.820
     0.586    -0.107     0.803
     0.325    -0.340     0.882
     0.491    -0.357     0.795
     0.576    -0.160     0.801
     0.176    -0.689     0.703
     0.276    -0.584     0.764
     0.371    -0.614     0.696
     0.430    -0.238     0.871
     0.732    -0.182     0.657
     0.557    -0.571     0.604
     0.527    -0.393     0.753
     0.512    -0.241     0.825
     0.662    -0.461     0.590
     0.739    -0.555     0.382
     0.769    -0.570     0.290
     0.317    -0.148     0.937
     0.743    -0.283     0.607
     0.491    -0.379     0.785
     0.338    -0.175     0.925
     0.332    -0.668     0.666
     0.664    -0.037     0.747
     0.502    -0.631     0.591
     0.706     0.024     0.708
     0.372    -0.095     0.923
     0.569    -0.614     0.547
     0.385    -0.124     0.915
     0.805    -0.373     0.462
     0.270    -0.550     0.791
     0.377    -0.797     0.473
     0.561    -0.289     0.776
     0.531    -0.415     0.739
     0.567    -0.265     0.780
     0.063    -0.531     0.845
     0.264    -0.656     0.708
     0.848    -0.329     0.416
     0.542    -0.209     0.814
     0.711    -0.246     0.659
     0.139    -0.203     0.969
     0.147    -0.406     0.902
     0.471    -0.515     0.716
     0.514    -0.187     0.837
     0.164    -0.682     0.713
     0.700    -0.430     0.571
     0.138    -0.484     0.864
     0.474    -0.416     0.776
     0.453    -0.536     0.712
     0.100    -0.434     0.895
     0.004    -0.634     0.774
     0.094    -0.669     0.737
     0.442    -0.149     0.884
     0.565    -0.436     0.700
     0.585    -0.272     0.764
     0.529    -0.699     0.481
     0.317    -0.580     0.750
     0.186    -0.568     0.802
     0.620    -0.404     0.673
     0.869    -0.421     0.260
     0.379    -0.361     0.852
     0.473     0.027     0.881
     0.834    -0.198     0.515
     0.607    -0.532     0.591
     0.624    -0.719     0.304
     0.579    -0.241     0.779
     0.471    -0.614     0.633
     0.951    -0.016     0.309
     0.337    -0.759     0.557
     0.633    -0.624     0.458
    -0.059    -0.321     0.945
     0.438    -0.512     0.739
     0.205    -0.212     0.955
     0.646    -0.466     0.605
     0.208    -0.456     0.865
     0.078    -0.171     0.982
     0.521     0.098     0.848
     0.536    -0.355     0.766
     0.284    -0.236     0.929
     0.044    -0.393     0.918
     0.456    -0.687     0.566
     0.559    -0.408     0.722
     0.427    -0.573     0.699
     0.754    -0.314     0.577
     0.261    -0.432     0.863
     0.297    -0.825     0.481
     0.795    -0.392     0.463
     0.289    -0.371     0.883
     0.508    -0.197     0.839
     0.614    -0.260     0.746
     0.402    -0.500     0.767
     0.589    -0.470     0.657
    -0.071    -0.501     0.862
     0.055    -0.504     0.862
    -0.033    -0.293     0.956
     0.041    -0.368     0.929
     0.696    -0.385     0.606
     0.505    -0.254     0.825
     0.868    -0.487     0.101
     0.204    -0.646     0.735
     0.220    -0.466     0.857
     0.369    -0.657     0.658
     0.465    -0.253     0.848
     0.509    -0.103     0.855
     0.575    -0.525     0.627
     0.189    -0.519     0.833
     0.479    -0.288     0.830
     0.495    -0.584     0.644
     0.457    -0.449     0.768
     0.661    -0.396     0.637
     0.366    -0.655     0.662
     0.618    -0.424     0.661
     0.422    -0.401     0.813
     0.577    -0.620     0.531
     0.470    -0.665     0.580
     0.610    -0.352     0.709
     0.485    -0.174     0.857
     0.680     0.195     0.707
     0.389    -0.267     0.882
     0.384    -0.232     0.894
     0.670    -0.220     0.709
     0.706     0.051     0.706
     0.340    -0.668     0.661
     0.041    -0.318     0.947
     0.388    -0.552     0.738
     0.302    -0.320     0.898
     0.401    -0.239     0.884
     0.202    -0.489     0.849
     0.545    -0.470     0.695
     0.435    -0.212     0.875
     0.447    -0.406     0.797
     0.228    -0.332     0.915
     0.255    -0.430     0.866
     0.388    -0.323     0.863
     0.058     0.071     0.996
     0.370    -0.363     0.855
     0.529    -0.573     0.626
     0.547    -0.284     0.788
     0.521    -0.535     0.664
     0.314    -0.512     0.799
     0.310    -0.388     0.868
     0.178    -0.119     0.977
     0.419    -0.499     0.759
     0.241    -0.835     0.495
     0.360    -0.533     0.766
     0.370    -0.782     0.501
     0.143    -0.809     0.570
     0.370    -0.717     0.590
     0.643    -0.157     0.750
     0.307    -0.113     0.945
     0.603    -0.330     0.727
     0.414    -0.368     0.832
    -0.003    -0.633     0.774
     0.542    -0.554     0.632
     0.250    -0.397     0.883
     0.303    -0.316     0.899
     0.407    -0.817     0.409
     0.472    -0.444     0.762
     0.615    -0.411     0.673
     0.362    -0.453     0.814
     0.548    -0.389     0.740
     0.626    -0.542     0.561
     0.454    -0.479     0.752
     0.442    -0.336     0.832
     0.752    -0.118     0.648
     0.479    -0.558     0.678
     0.202    -0.675     0.710
     0.105    -0.415     0.904
     0.697    -0.410     0.588
     0.660    -0.342     0.668
     0.550    -0.245     0.798
     0.335    -0.633     0.698
    -0.014    -0.536     0.844
     0.463    -0.525     0.714
     0.404    -0.597     0.693
     0.182    -0.536     0.824
     0.851    -0.453     0.268
     0.575    -0.523     0.629
    -0.307    -0.343     0.888
     0.691    -0.222     0.688
     0.546    -0.327     0.771
     0.707    -0.023     0.707
    -0.168    -0.098     0.981
     0.368    -0.357     0.859
     0.333    -0.269     0.904
     0.497    -0.217     0.840
     0.506    -0.266     0.821
     0.565    -0.728     0.389
     0.476    -0.448     0.757
     0.364    -0.536     0.762
     0.411    -0.378     0.829
     0.581    -0.613     0.535
     0.682    -0.329     0.653
    -0.189    -0.092     0.978
     0.393    -0.290     0.872
     0.266    -0.444     0.856
     0.463    -0.617     0.636
     0.328    -0.510     0.795
     0.190    -0.641     0.743
     0.799    -0.356     0.485
     0.296    -0.796     0.528
     0.565    -0.624     0.540
    -0.027    -0.447     0.894
     0.522    -0.409     0.749
     0.362    -0.624     0.692
     0.362    -0.465     0.808
     0.399    -0.059     0.915
     0.336    -0.644     0.687
     0.177    -0.507     0.843
     0.523    -0.090     0.848
     0.858    -0.288     0.424
     0.394    -0.506     0.767
     0.143    -0.887     0.440
     0.228    -0.276     0.934
     0.191    -0.545     0.816
     0.298    -0.633     0.715
     0.672    -0.430     0.603
     0.286    -0.547     0.787
     0.264    -0.549     0.793
     0.410    -0.341     0.846
     0.331    -0.677     0.658
     0.206    -0.861     0.466
     0.066    -0.678     0.732
     0.307    -0.626     0.717
     0.659    -0.549     0.514
     0.138    -0.071     0.988
     0.791    -0.436     0.430
     0.733    -0.156     0.662
     0.366    -0.518     0.773
     0.325    -0.319     0.890
     0.453    -0.125     0.883
     0.594    -0.658     0.463
     0.664    -0.497     0.558
     0.613    -0.317     0.724
     0.276    -0.424     0.862
     0.525    -0.215     0.824
     0.161    -0.632     0.758
    -0.042    -0.538     0.842
     0.304    -0.702     0.644
     0.349    -0.709     0.613
     0.319    -0.427     0.846
     0.667    -0.560     0.491
     0.232    -0.433     0.871
     0.038    -0.383     0.923
     0.599    -0.628     0.496
     0.102    -0.833     0.544
     0.437    -0.091     0.895
     0.385    -0.598     0.703
     0.254    -0.221     0.942
     0.837     0.001     0.547
    -0.109    -0.630     0.769
     0.250    -0.284     0.926
     0.136    -0.593     0.793
     0.379    -0.804     0.458
     0.165    -0.467     0.869
     0.431    -0.262     0.864
     0.767    -0.444     0.463
     0.430    -0.705     0.564
     0.238    -0.525     0.817
     0.652    -0.509     0.563
     0.235    -0.415     0.879
     0.542    -0.490     0.683
     0.390    -0.453     0.801
     0.421    -0.333     0.844
     0.500    -0.780     0.376
     0.630    -0.292     0.720
     0.647    -0.328     0.689
     0.591    -0.490     0.640
     0.443    -0.550     0.708
     0.430    -0.369     0.824
     0.175    -0.559     0.811
     0.322    -0.557     0.765
     0.568    -0.309     0.763
     0.330    -0.272     0.904
     0.531    -0.412     0.740
     0.170    -0.416     0.893
     0.448    -0.259     0.856
     0.238    -0.579     0.780
    -0.119    -0.045     0.992
     0.829    -0.258     0.496
     0.236    -0.677     0.697
     0.724    -0.435     0.536
     0.501    -0.448     0.740
     0.260    -0.826     0.500
     0.474    -0.444     0.760
     0.134    -0.218     0.967
     0.584    -0.459     0.670
     0.079    -0.319     0.945
     0.495    -0.710     0.500
     0.778     0.107     0.619
    -0.062    -0.250     0.966
     0.395    -0.568     0.722
     0.395    -0.393     0.830
     0.539    -0.611     0.579
    -0.212    -0.697     0.685
     0.118    -0.071     0.990
     0.273    -0.233     0.933
     0.333    -0.234     0.913
     0.220    -0.603     0.767
     0.098    -0.318     0.943
     0.309    -0.409     0.858
    -0.120    -0.416     0.901
     0.468    -0.217     0.856
     0.612    -0.681     0.402
     0.714    -0.158     0.682
     0.405    -0.023     0.914
     0.586    -0.448     0.675
     0.080    -0.694     0.715
     0.292    -0.650     0.701
     0.244    -0.446     0.861
     0.323    -0.689     0.649
     0.678    -0.658     0.327
     0.076    -0.585     0.807
     0.419    -0.698     0.581
     0.203    -0.676     0.708
     0.639    -0.185     0.747
     0.135    -0.290     0.947
     0.512    -0.513     0.689
     0.528    -0.465     0.711
     0.481    -0.415     0.772
     0.724    -0.167     0.669
     0.646    -0.453     0.615
     0.289    -0.755     0.588
     0.447    -0.572     0.687
     0.252    -0.345     0.904
     0.687    -0.354     0.635
     0.093    -0.461     0.882
    -0.031    -0.625     0.780
     0.067    -0.428     0.901
     0.234    -0.610     0.757
     0.679    -0.521     0.517
    -0.396    -0.763     0.510
     0.404    -0.660     0.633
     0.309    -0.329     0.892
     0.368    -0.490     0.790
     0.589    -0.294     0.753
     0.475    -0.354     0.806
     0.685    -0.143     0.715
     0.816    -0.253     0.520
     0.158    -0.806     0.570
     0.239    -0.516     0.823
     0.505    -0.454     0.734
     0.751    -0.401     0.524
     0.270    -0.455     0.849
     0.467    -0.246     0.850
     0.728    -0.410     0.549
     0.462    -0.112     0.880
     0.533    -0.514     0.672
     0.071    -0.296     0.952
     0.674    -0.284     0.682
     0.697    -0.114     0.708
     0.697    -0.246     0.674
     0.243    -0.625     0.741
     0.187    -0.648     0.739
     0.345    -0.438     0.830
     0.178    -0.441     0.880
     0.156    -0.202     0.967
     0.247    -0.402     0.881
     0.328    -0.255     0.909
     0.524     0.009     0.852
     0.309    -0.411     0.858
     0.649    -0.188     0.737
     0.491    -0.371     0.788
     0.757    -0.202     0.622
     0.354    -0.562     0.748
     0.726    -0.392     0.565
     0.093    -0.897     0.432
     0.067    -0.432     0.899
     0.254    -0.633     0.731
     0.218    -0.205     0.954
     0.468    -0.709     0.527
    -0.096    -0.501     0.860
     0.257    -0.700     0.666
     0.730    -0.519     0.444
     0.308    -0.080     0.948
     0.718    -0.416     0.558
     0.122    -0.952     0.279
     0.539    -0.677     0.501
    -0.067    -0.420     0.905
     0.604    -0.702     0.376
     0.167    -0.297     0.940
     0.220     0.042     0.975
     0.374    -0.107     0.921
     0.523    -0.804     0.285
     0.308    -0.013     0.951
     0.170    -0.322     0.931
     0.131    -0.301     0.944
     0.131    -0.761     0.635
     0.339    -0.117     0.934
     0.299    -0.457     0.838
     0.543    -0.346     0.765
     0.413    -0.616     0.671
     0.834    -0.425     0.353
     0.563    -0.346     0.750
     0.540    -0.563     0.626
     0.797    -0.372     0.476
     0.584    -0.185     0.791
     0.426    -0.668     0.610
     0.239    -0.450     0.861
     0.429    -0.573     0.698
     0.708     0.143     0.692
     0.418    -0.129     0.899
     0.297    -0.465     0.834
     0.796    -0.176     0.579
     0.719    -0.638     0.276
     0.472    -0.567     0.675
     0.086    -0.274     0.958
     0.488    -0.286     0.824
     0.209    -0.484     0.850
     0.503    -0.175     0.846
     0.256    -0.606     0.753
     0.706    -0.315     0.635
     0.733    -0.643     0.223
    -0.071    -0.763     0.643
     0.437    -0.642     0.630
     0.211    -0.532     0.820
     0.761    -0.494     0.421
     0.716    -0.635     0.289
     0.584    -0.276     0.764
     0.111    -0.744     0.659
     0.673    -0.583     0.454
     0.292    -0.335     0.896
     0.259    -0.295     0.920
     0.554    -0.358     0.752
     0.323     0.013     0.946
     0.277    -0.657     0.701
     0.684    -0.618     0.389
     0.504    -0.399     0.766
     0.743    -0.640     0.196
     0.372    -0.468     0.801
     0.350    -0.428     0.833
     0.732    -0.421     0.536
     0.388    -0.235     0.891
     0.493     0.090     0.865
     0.520    -0.231     0.823
     0.533    -0.764     0.365
     0.279    -0.741     0.611
     0.471    -0.678     0.564
     0.538    -0.079     0.839
     0.093    -0.118     0.989
     0.266    -0.528     0.806
     0.466    -0.732     0.496
     0.578    -0.275     0.768
     0.012    -0.726     0.687
     0.751    -0.438     0.495
     0.709    -0.253     0.658
     0.277    -0.601     0.750
     0.553    -0.053     0.832
     0.348    -0.000     0.938
     0.394    -0.634     0.665
     0.339    -0.609     0.718
     0.575    -0.458     0.678
     0.569    -0.230     0.789
     0.647    -0.762     0.033
     0.656    -0.375     0.655
     0.467    -0.145     0.873
     0.351    -0.564     0.747
     0.109    -0.278     0.954
     0.248     0.152     0.957
     0.567    -0.054     0.822
     0.172    -0.574     0.800
     0.679    -0.287     0.676
     0.273    -0.695     0.665
     0.157    -0.492     0.856
     0.770    -0.175     0.614
     0.522    -0.639     0.564
     0.574     0.357     0.737
    -0.221    -0.486     0.845
     0.614    -0.515     0.598
     0.622    -0.272     0.734
     0.803    -0.361     0.475
     0.599    -0.542     0.589
     0.435    -0.542     0.719
     0.510    -0.629     0.587
     0.338    -0.758     0.557
     0.247    -0.767     0.593
     0.269    -0.650     0.711
     0.777    -0.617     0.126
     0.246    -0.324     0.914
     0.333    -0.632     0.700
     0.611    -0.344     0.713
     0.297    -0.562     0.772
     0.286    -0.679     0.676
     0.729    -0.378     0.571
     0.529    -0.508     0.680
     0.675    -0.544     0.499
     0.534    -0.759     0.372
     0.770    -0.573     0.280
     0.298    -0.465     0.834
     0.477    -0.434     0.764
     0.626    -0.197     0.755
     0.491    -0.456     0.742
     0.653    -0.721     0.232
    -0.122    -0.479     0.869
     0.229    -0.645     0.729
     0.643    -0.187     0.743
     0.506    -0.389     0.770
     0.433    -0.425     0.794
     0.385     0.211     0.898
     0.423    -0.660     0.621
     0.501    -0.686     0.528
     0.374    -0.402     0.836
     0.507    -0.511     0.694
     0.210    -0.592     0.778
     0.237    -0.367     0.899
     0.561    -0.417     0.715
     0.390    -0.583     0.713
     0.321    -0.803     0.503
     0.525    -0.307     0.794
     0.495    -0.153     0.855
     0.582    -0.771     0.257
     0.575    -0.567     0.590
    -0.004    -0.381     0.925
     0.664    -0.217     0.716
     0.478    -0.456     0.751
     0.413     0.075     0.908
     0.468    -0.452     0.760
     0.431    -0.537     0.725
     0.056     0.010     0.998
     0.202    -0.541     0.816
     0.088     0.050     0.995
     0.413    -0.583     0.700
     0.652    -0.589     0.477
     0.616    -0.386     0.687
     0.696    -0.141     0.704
     0.479    -0.149     0.865
     0.787    -0.399     0.471
     0.403    -0.097     0.910
     0.356    -0.625     0.695
     0.214    -0.540     0.814
     0.349    -0.532     0.771
     0.303    -0.872     0.384
     0.520    -0.539     0.663
     0.399    -0.609     0.686
     0.482    -0.138     0.865
     0.241    -0.299     0.923
     0.460    -0.297     0.837
     0.730    -0.324     0.602
     0.729    -0.374     0.573
     0.067    -0.596     0.800
     0.226    -0.717     0.659
    -0.127    -0.248     0.960
     0.423    -0.342     0.839
     0.388    -0.442     0.809
     0.034    -0.395     0.918
     0.764    -0.339     0.549
     0.472    -0.082     0.878
     0.946    -0.065     0.316
     0.173    -0.694     0.699
     0.096    -0.911     0.400
    -0.038    -0.300     0.953
     0.546    -0.674     0.498
     0.377    -0.500     0.780
     0.555     0.090     0.827
     0.425    -0.321     0.846
     0.831     0.093     0.548
     0.769    -0.452     0.452
     0.585    -0.431     0.686
     0.243    -0.664     0.707
     0.286    -0.586     0.758
     0.626    -0.593     0.506
     0.346    -0.524     0.778
     0.427    -0.722     0.544
     0.350    -0.512     0.784
     0.484    -0.613     0.624
     0.278    -0.659     0.699
     0.442    -0.677     0.589
     0.366    -0.296     0.883
     0.394    -0.646     0.654
     0.326    -0.350     0.878
     0.237    -0.760     0.605
     0.335    -0.316     0.888
     0.349    -0.408     0.844
     0.412    -0.204     0.888
     0.570    -0.081     0.818
     0.001    -0.675     0.737
     0.693    -0.527     0.492
     0.151    -0.585     0.797
     0.454    -0.367     0.812
     0.122    -0.444     0.888
     0.603    -0.645     0.470
     0.273    -0.714     0.645
     0.548    -0.395     0.737
     0.109    -0.262     0.959
     0.842    -0.477     0.251
     0.597     0.162     0.785
     0.379    -0.549     0.745
     0.343    -0.575     0.743
     0.383    -0.103     0.918
     0.007    -0.628     0.778
     0.480    -0.246     0.842
     0.670    -0.516     0.534
     0.394    -0.721     0.570
     0.478    -0.260     0.839
     0.767    -0.213     0.605
     0.396    -0.426     0.813
     0.405     0.024     0.914
     0.702    -0.483     0.523
     0.175    -0.493     0.852
     0.207    -0.420     0.884
     0.245    -0.509     0.825
     0.347    -0.439     0.828
     0.177    -0.617     0.767
     0.312    -0.729     0.609
    -0.039    -0.330     0.943
     0.373    -0.680     0.631
     0.477    -0.504     0.720
     0.471    -0.342     0.813
     0.307    -0.491     0.815
     0.622    -0.436     0.650
     0.311    -0.491     0.814
     0.594    -0.522     0.612
     0.755    -0.597     0.271
    -0.098    -0.424     0.901
     0.248    -0.565     0.787
     0.393    -0.014     0.919
     0.731    -0.344     0.589
     0.442    -0.448     0.777
     0.440    -0.318     0.840
     0.557    -0.545     0.627
     0.480    -0.403     0.779
     0.458    -0.553     0.697
     0.143    -0.755     0.640
     0.736    -0.484     0.473
     0.538    -0.646     0.541
     0.596     0.022     0.803
     0.342    -0.648     0.681
     0.094    -0.592     0.801
     0.391    -0.334     0.857
     0.133    -0.269     0.954
     0.053    -0.219     0.974
     0.367    -0.418     0.831
     0.483    -0.610     0.628
     0.168    -0.315     0.934
     0.752    -0.339     0.566
     0.557    -0.186     0.810
     0.352    -0.129     0.927
     0.013    -0.413     0.911
     0.170    -0.128     0.977
     0.229    -0.507     0.831
     0.346    -0.710     0.613
     0.486    -0.448     0.750
     0.513    -0.232     0.827
     0.303    -0.375     0.876
     0.592    -0.440     0.675
     0.555    -0.770     0.314
     0.586    -0.540     0.604
     0.541    -0.163     0.825
     0.464    -0.500     0.732
     0.516    -0.328     0.791
     0.265     0.078     0.961
     0.309    -0.255     0.916
     0.377    -0.566     0.733
     0.802    -0.495     0.333
     0.159    -0.710     0.686
     0.294    -0.585     0.755
     0.222    -0.567     0.794
     0.507    -0.308     0.805
    -0.216    -0.426     0.879
     0.380    -0.566     0.731
     0.484    -0.593     0.643
     0.461    -0.270     0.845
     0.480    -0.380     0.791
     0.460    -0.617     0.638
     0.066    -0.297     0.953
     0.560     0.006     0.828
     0.423    -0.473     0.773
     0.388    -0.590     0.708
     0.426    -0.651     0.628
     0.457    -0.534     0.712
     0.220    -0.474     0.852
     0.558    -0.245     0.793
     0.165    -0.252     0.954
     0.437    -0.196     0.878
     0.235    -0.025     0.972
