     0.709     0.534     0.462
     0.637     0.643     0.426
     0.706     0.500     0.502
     0.819     0.523     0.238
     0.685     0.660     0.309
     0.755     0.554     0.351
     0.778     0.519     0.354
     0.671     0.561     0.485
     0.585     0.582     0.564
     0.809     0.490     0.324
     0.710     0.515     0.480
     0.609     0.621     0.494
     0.710     0.595     0.376
     0.674     0.544     0.499
     0.823     0.448     0.349
     0.563     0.614     0.553
     0.813     0.487     0.319
     0.631     0.642     0.436
     0.803     0.420     0.423
     0.853     0.387     0.351
     0.753     0.524     0.398
     0.689     0.505     0.519
     0.742     0.473     0.475
     0.692     0.586     0.423
     0.484     0.670     0.562
     0.770     0.616     0.168
     0.718     0.504     0.480
     0.789     0.379     0.484
     0.656     0.630     0.416
     0.703     0.671     0.236
     0.510     0.535     0.673
     0.617     0.537     0.575
     0.742     0.612     0.274
     0.781     0.466     0.415
     0.766     0.511     0.390
     0.753     0.436     0.493
     0.650     0.564     0.509
     0.686     0.396     0.611
     0.636     0.731     0.247
     0.680     0.618     0.394
     0.811     0.440     0.385
     0.532     0.612     0.585
     0.644     0.493     0.585
     0.637     0.729     0.250
     0.649     0.626     0.431
     0.834     0.353     0.425
     0.731     0.453     0.510
     0.774     0.588     0.235
     0.781     0.508     0.363
     0.669     0.533     0.518
     0.652     0.561     0.511
     0.640     0.415     0.646
     0.652     0.583     0.485
     0.861     0.439     0.257
     0.810     0.470     0.351
     0.859     0.485     0.164
     0.655     0.633     0.413
     0.682     0.667     0.300
     0.639     0.571     0.516
     0.559     0.577     0.595
     0.634     0.556     0.538
     0.531     0.694     0.486
     0.474     0.640     0.604
     0.802     0.369     0.470
     0.698     0.661     0.277
     0.746     0.624     0.232
     0.599     0.625     0.500
     0.615     0.631     0.473
     0.753     0.446     0.484
     0.639     0.709     0.297
     0.634     0.653     0.413
     0.529     0.760     0.377
     0.590     0.597     0.544
     0.671     0.672     0.313
     0.695     0.496     0.521
     0.611     0.580     0.539
     0.724     0.517     0.455
     0.735     0.583     0.345
     0.817     0.553     0.161
     0.641     0.601     0.477
     0.853     0.489     0.182
     0.666     0.449     0.595
     0.824     0.495     0.277
     0.755     0.532     0.384
     0.745     0.581     0.328
     0.609     0.750     0.257
     0.655     0.693     0.300
     0.746     0.393     0.538
     0.764     0.415     0.495
     0.649     0.611     0.454
     0.553     0.684     0.476
     0.653     0.635     0.412
     0.691     0.559     0.459
     0.749     0.616     0.245
     0.785     0.558     0.269
     0.574     0.611     0.546
     0.735     0.494     0.464
     0.694     0.587     0.416
     0.781     0.437     0.447
     0.555     0.757     0.344
     0.687     0.614     0.388
     0.778     0.566     0.273
     0.789     0.361     0.497
     0.784     0.446     0.431
     0.584     0.592     0.555
     0.709     0.287     0.644
     0.758     0.445     0.476
     0.729     0.478     0.490
     0.738     0.658     0.147
     0.628     0.595     0.501
     0.781     0.619     0.079
     0.772     0.521     0.365
     0.725     0.460     0.512
     0.484     0.719     0.498
     0.655     0.675     0.339
     0.682     0.647     0.342
     0.837     0.418     0.353
     0.639     0.397     0.660
     0.781     0.419     0.463
     0.822     0.486     0.298
     0.502     0.658     0.561
     0.799     0.429     0.420
     0.457     0.706     0.541
     0.706     0.638     0.308
     0.702     0.647     0.298
     0.591     0.602     0.538
     0.615     0.739     0.276
     0.831     0.389     0.399
     0.645     0.587     0.490
     0.629     0.735     0.253
     0.694     0.450     0.562
     0.831     0.373     0.413
     0.582     0.621     0.524
     0.814     0.505     0.287
     0.728     0.306     0.613
     0.680     0.607     0.411
     0.688     0.562     0.459
     0.725     0.555     0.408
     0.627     0.589     0.510
     0.775     0.606     0.181
     0.654     0.483     0.582
     0.663     0.459     0.592
     0.741     0.447     0.501
     0.585     0.561     0.586
     0.708     0.545     0.449
     0.650     0.510     0.563
     0.734     0.520     0.436
     0.554     0.621     0.554
     0.673     0.384     0.632
     0.600     0.699     0.389
     0.675     0.686     0.270
     0.648     0.676     0.351
     0.589     0.629     0.507
     0.695     0.675     0.246
     0.643     0.626     0.440
     0.624     0.735     0.265
     0.663     0.534     0.524
     0.638     0.559     0.529
     0.793     0.576     0.199
     0.700     0.596     0.393
     0.585     0.592     0.555
     0.618     0.603     0.505
     0.853     0.425     0.303
     0.635     0.603     0.482
     0.767     0.571     0.293
     0.725     0.434     0.535
     0.856     0.465     0.225
     0.685     0.507     0.523
     0.816     0.515     0.261
     0.780     0.524     0.341
     0.792     0.335     0.510
     0.843     0.506     0.181
     0.825     0.327     0.460
     0.585     0.672     0.453
     0.664     0.627     0.409
     0.692     0.652     0.310
     0.761     0.562     0.324
     0.801     0.410     0.436
     0.690     0.601     0.404
     0.500     0.736     0.455
     0.708     0.355     0.611
     0.677     0.593     0.436
     0.750     0.419     0.512
     0.765     0.464     0.447
     0.616     0.601     0.509
     0.780     0.455     0.429
     0.851     0.256     0.459
     0.663     0.627     0.408
     0.716     0.625     0.311
     0.645     0.667     0.374
     0.841     0.419     0.341
     0.839     0.417     0.349
     0.749     0.475     0.462
     0.746     0.433     0.505
     0.732     0.485     0.479
     0.730     0.554     0.400
     0.839     0.400     0.367
     0.833     0.364     0.416
     0.776     0.552     0.305
     0.720     0.616     0.319
     0.626     0.691     0.361
     0.657     0.576     0.486
     0.700     0.516     0.493
     0.610     0.597     0.521
     0.750     0.574     0.329
     0.802     0.477     0.360
     0.762     0.492     0.421
     0.740     0.453     0.498
     0.610     0.645     0.460
     0.568     0.609     0.554
     0.684     0.582     0.441
     0.625     0.684     0.377
     0.673     0.325     0.664
     0.700     0.530     0.480
     0.638     0.529     0.560
     0.797     0.484     0.363
     0.631     0.566     0.530
     0.655     0.429     0.622
     0.738     0.511     0.440
     0.703     0.514     0.492
     0.659     0.544     0.519
     0.718     0.419     0.556
     0.677     0.678     0.288
     0.826     0.373     0.424
     0.690     0.434     0.580
     0.515     0.687     0.513
     0.678     0.522     0.517
     0.807     0.466     0.362
     0.534     0.519     0.668
     0.730     0.402     0.553
     0.741     0.540     0.399
     0.679     0.464     0.569
     0.791     0.381     0.479
     0.500     0.716     0.487
     0.761     0.574     0.304
     0.666     0.601     0.442
     0.603     0.662     0.445
     0.739     0.483     0.470
     0.680     0.662     0.315
     0.796     0.407     0.448
     0.703     0.474     0.530
     0.554     0.459     0.695
     0.635     0.379     0.674
     0.655     0.679     0.332
     0.717     0.534     0.448
     0.767     0.521     0.374
     0.635     0.634     0.442
     0.769     0.564     0.300
     0.705     0.526     0.476
     0.583     0.545     0.602
     0.687     0.639     0.346
     0.757     0.554     0.346
     0.662     0.459     0.593
     0.772     0.445     0.454
     0.699     0.620     0.356
     0.596     0.627     0.501
     0.678     0.498     0.541
     0.757     0.475     0.448
     0.607     0.748     0.269
     0.716     0.578     0.392
     0.728     0.485     0.485
     0.699     0.537     0.472
     0.675     0.550     0.492
     0.811     0.462     0.359
     0.730     0.516     0.447
     0.630     0.476     0.613
     0.744     0.549     0.381
     0.623     0.664     0.413
     0.674     0.650     0.350
     0.701     0.575     0.423
     0.568     0.560     0.604
     0.802     0.500     0.327
     0.683     0.574     0.451
     0.743     0.579     0.337
     0.658     0.475     0.585
     0.503     0.734     0.456
     0.727     0.647     0.230
     0.721     0.590     0.364
     0.623     0.664     0.414
     0.680     0.544     0.491
     0.695     0.574     0.432
     0.741     0.515     0.431
     0.547     0.563     0.620
     0.774     0.242     0.585
     0.765     0.559     0.320
     0.765     0.480     0.429
     0.592     0.663     0.458
     0.631     0.596     0.496
     0.609     0.619     0.496
     0.783     0.556     0.280
     0.669     0.547     0.504
     0.764     0.596     0.246
     0.761     0.572     0.305
     0.826     0.537     0.173
     0.798     0.552     0.242
     0.640     0.675     0.366
     0.523     0.648     0.554
     0.693     0.560     0.454
     0.740     0.568     0.361
     0.690     0.562     0.456
     0.728     0.524     0.442
     0.504     0.618     0.603
     0.883     0.286     0.373
     0.710     0.475     0.520
     0.694     0.686     0.219
     0.777     0.537     0.327
     0.804     0.439     0.401
     0.725     0.552     0.411
     0.734     0.572     0.367
     0.724     0.554     0.411
     0.696     0.553     0.457
     0.635     0.712     0.301
     0.677     0.625     0.388
     0.629     0.520     0.577
     0.549     0.557     0.623
     0.689     0.609     0.392
     0.845     0.451     0.286
     0.622     0.655     0.429
     0.641     0.633     0.434
     0.759     0.481     0.439
     0.572     0.595     0.564
     0.781     0.480     0.399
     0.769     0.341     0.541
     0.745     0.552     0.374
     0.780     0.459     0.425
     0.721     0.521     0.457
     0.616     0.727     0.302
     0.767     0.496     0.406
     0.578     0.683     0.447
     0.603     0.521     0.604
     0.706     0.610     0.359
     0.792     0.494     0.359
     0.708     0.566     0.423
     0.735     0.330     0.593
     0.800     0.527     0.287
     0.760     0.394     0.518
     0.691     0.659     0.298
     0.655     0.491     0.574
     0.644     0.600     0.475
     0.619     0.546     0.565
     0.550     0.506     0.664
     0.542     0.744     0.390
     0.785     0.512     0.349
     0.860     0.470     0.197
     0.528     0.630     0.570
     0.823     0.450     0.347
     0.775     0.557     0.300
     0.647     0.557     0.520
     0.878     0.381     0.290
     0.499     0.540     0.678
     0.658     0.550     0.514
     0.656     0.715     0.243
     0.707     0.446     0.549
     0.625     0.629     0.462
     0.707     0.581     0.402
     0.748     0.564     0.351
     0.800     0.455     0.392
     0.616     0.711     0.340
     0.642     0.616     0.457
     0.867     0.437     0.240
     0.649     0.530     0.546
     0.708     0.603     0.368
     0.626     0.521     0.580
     0.663     0.484     0.571
     0.666     0.442     0.601
     0.709     0.569     0.416
     0.716     0.558     0.420
     0.613     0.473     0.633
     0.790     0.468     0.396
     0.691     0.501     0.521
     0.691     0.530     0.491
     0.643     0.517     0.566
     0.813     0.380     0.442
     0.733     0.589     0.339
     0.863     0.227     0.450
     0.727     0.501     0.470
     0.764     0.346     0.544
     0.728     0.467     0.502
     0.537     0.730     0.424
     0.553     0.545     0.630
     0.702     0.601     0.382
     0.794     0.429     0.430
     0.827     0.329     0.455
     0.835     0.388     0.390
     0.733     0.599     0.322
     0.615     0.510     0.601
     0.803     0.475     0.361
     0.740     0.521     0.425
     0.712     0.455     0.534
     0.722     0.493     0.486
     0.826     0.404     0.393
     0.647     0.455     0.612
     0.743     0.598     0.300
     0.681     0.384     0.624
     0.558     0.664     0.498
     0.698     0.710     0.094
     0.668     0.461     0.585
     0.702     0.499     0.509
     0.699     0.659     0.279
     0.827     0.427     0.367
     0.791     0.311     0.527
     0.752     0.377     0.541
     0.623     0.650     0.435
     0.665     0.656     0.357
     0.658     0.574     0.487
     0.677     0.616     0.403
     0.726     0.649     0.227
     0.717     0.465     0.519
     0.880     0.380     0.284
     0.530     0.644     0.551
     0.589     0.730     0.347
     0.685     0.444     0.578
     0.652     0.624     0.431
     0.786     0.584     0.202
     0.614     0.507     0.605
     0.663     0.549     0.509
     0.664     0.699     0.265
     0.810     0.287     0.512
     0.687     0.431     0.585
     0.678     0.604     0.420
     0.716     0.508     0.478
     0.703     0.646     0.298
     0.725     0.596     0.344
     0.770     0.451     0.452
     0.752     0.517     0.410
     0.730     0.657     0.189
     0.556     0.454     0.696
     0.787     0.445     0.427
     0.765     0.456     0.455
     0.731     0.579     0.362
     0.688     0.393     0.610
     0.595     0.607     0.527
     0.686     0.491     0.537
     0.737     0.655     0.164
     0.860     0.448     0.245
     0.742     0.623     0.247
     0.706     0.443     0.553
     0.605     0.736     0.305
     0.789     0.459     0.409
     0.697     0.518     0.496
     0.758     0.556     0.341
     0.771     0.428     0.471
     0.640     0.666     0.382
     0.643     0.663     0.383
     0.679     0.586     0.442
     0.665     0.690     0.286
     0.738     0.477     0.478
     0.654     0.489     0.577
     0.639     0.442     0.630
     0.610     0.625     0.488
     0.811     0.414     0.413
     0.810     0.507     0.295
     0.614     0.522     0.592
     0.783     0.597     0.176
     0.789     0.558     0.255
     0.789     0.518     0.329
     0.708     0.571     0.416
     0.632     0.562     0.533
     0.674     0.674     0.301
     0.647     0.646     0.405
     0.824     0.415     0.386
     0.626     0.692     0.361
     0.806     0.427     0.409
     0.750     0.449     0.485
     0.592     0.690     0.418
     0.721     0.529     0.447
     0.397     0.706     0.587
     0.628     0.583     0.515
     0.756     0.472     0.454
     0.721     0.629     0.292
     0.775     0.516     0.365
     0.719     0.523     0.458
     0.703     0.229     0.673
     0.481     0.721     0.500
     0.738     0.459     0.494
     0.708     0.628     0.323
     0.812     0.435     0.390
     0.818     0.508     0.270
     0.777     0.532     0.336
     0.786     0.512     0.348
     0.703     0.371     0.607
     0.660     0.639     0.397
     0.679     0.576     0.454
     0.781     0.426     0.457
     0.872     0.472     0.128
     0.754     0.469     0.460
     0.759     0.484     0.436
     0.825     0.442     0.353
     0.599     0.554     0.578
     0.671     0.698     0.252
     0.739     0.309     0.598
     0.645     0.426     0.635
     0.610     0.550     0.570
     0.738     0.602     0.303
     0.714     0.636     0.294
     0.703     0.522     0.483
     0.703     0.471     0.533
     0.713     0.473     0.518
     0.666     0.593     0.453
     0.826     0.467     0.316
     0.668     0.689     0.281
     0.733     0.595     0.330
     0.742     0.546     0.389
     0.670     0.593     0.447
     0.754     0.591     0.285
     0.617     0.515     0.595
     0.682     0.487     0.545
     0.662     0.743     0.098
     0.697     0.539     0.473
     0.504     0.663     0.553
     0.726     0.608     0.322
     0.681     0.596     0.426
     0.715     0.456     0.530
     0.675     0.524     0.520
     0.701     0.590     0.401
     0.706     0.642     0.297
     0.801     0.545     0.248
     0.663     0.707     0.246
     0.731     0.553     0.399
     0.577     0.649     0.496
     0.715     0.539     0.446
     0.731     0.471     0.494
     0.834     0.383     0.397
     0.653     0.624     0.429
     0.842     0.415     0.345
     0.796     0.444     0.412
     0.676     0.544     0.497
     0.705     0.538     0.462
     0.884     0.289     0.368
     0.721     0.540     0.433
     0.670     0.569     0.477
     0.709     0.556     0.434
     0.683     0.665     0.302
     0.570     0.704     0.424
     0.695     0.343     0.632
     0.702     0.628     0.337
     0.565     0.642     0.518
     0.702     0.483     0.524
     0.551     0.521     0.651
     0.651     0.577     0.494
     0.560     0.622     0.548
     0.612     0.724     0.318
     0.688     0.607     0.397
     0.787     0.481     0.387
     0.727     0.502     0.469
     0.774     0.485     0.407
     0.879     0.225     0.420
     0.682     0.566     0.464
     0.683     0.601     0.415
     0.778     0.535     0.331
     0.692     0.610     0.386
     0.680     0.714     0.165
     0.802     0.416     0.429
     0.699     0.473     0.537
     0.575     0.536     0.618
     0.693     0.532     0.486
     0.708     0.595     0.380
     0.716     0.460     0.525
     0.546     0.660     0.517
     0.655     0.665     0.358
     0.699     0.565     0.438
     0.722     0.550     0.419
     0.736     0.537     0.413
     0.827     0.409     0.386
     0.856     0.465     0.227
     0.776     0.499     0.387
     0.884     0.274     0.378
     0.694     0.533     0.484
     0.708     0.447     0.547
     0.859     0.282     0.427
     0.801     0.584     0.131
     0.843     0.415     0.341
     0.865     0.448     0.226
     0.591     0.641     0.490
     0.842     0.453     0.293
     0.633     0.667     0.393
     0.525     0.540     0.658
     0.749     0.621     0.233
     0.651     0.468     0.598
     0.669     0.541     0.509
     0.692     0.441     0.572
     0.605     0.521     0.602
     0.588     0.679     0.439
     0.739     0.529     0.418
     0.734     0.564     0.378
     0.789     0.493     0.366
     0.720     0.538     0.437
     0.714     0.602     0.358
     0.687     0.613     0.391
     0.772     0.569     0.283
     0.911     0.326     0.252
     0.678     0.685     0.265
     0.560     0.610     0.560
     0.739     0.332     0.586
     0.742     0.544     0.393
     0.488     0.693     0.531
     0.611     0.580     0.539
     0.770     0.504     0.390
     0.772     0.442     0.457
     0.669     0.523     0.529
     0.641     0.578     0.505
     0.799     0.386     0.461
     0.717     0.646     0.261
     0.735     0.569     0.369
     0.607     0.715     0.346
     0.707     0.551     0.444
     0.528     0.802     0.280
     0.571     0.665     0.481
     0.631     0.540     0.556
     0.683     0.544     0.487
     0.760     0.583     0.287
     0.765     0.528     0.370
     0.667     0.459     0.587
     0.728     0.579     0.367
     0.651     0.446     0.615
     0.757     0.574     0.312
     0.749     0.521     0.409
     0.680     0.621     0.389
     0.699     0.525     0.485
     0.637     0.713     0.293
     0.675     0.626     0.391
     0.794     0.385     0.470
     0.771     0.381     0.511
     0.909     0.386     0.160
     0.835     0.504     0.222
     0.647     0.466     0.603
     0.710     0.573     0.409
     0.590     0.629     0.506
     0.640     0.640     0.425
     0.818     0.480     0.316
     0.772     0.509     0.382
     0.731     0.491     0.473
     0.719     0.474     0.509
     0.744     0.474     0.471
     0.804     0.557     0.210
     0.764     0.498     0.410
     0.586     0.736     0.339
     0.640     0.525     0.561
     0.703     0.505     0.502
     0.777     0.565     0.277
     0.763     0.413     0.497
     0.617     0.554     0.558
     0.760     0.537     0.368
     0.647     0.568     0.509
     0.659     0.701     0.274
     0.816     0.506     0.279
     0.708     0.552     0.440
     0.785     0.436     0.441
     0.651     0.565     0.507
     0.804     0.500     0.321
     0.588     0.670     0.454
     0.672     0.516     0.531
     0.597     0.650     0.470
     0.687     0.565     0.456
     0.659     0.587     0.470
     0.560     0.640     0.526
     0.721     0.534     0.442
     0.767     0.469     0.437
     0.678     0.506     0.532
     0.849     0.457     0.265
     0.639     0.547     0.541
     0.724     0.481     0.494
     0.625     0.571     0.532
     0.582     0.600     0.548
     0.769     0.489     0.412
     0.632     0.696     0.342
     0.767     0.616     0.180
     0.681     0.491     0.543
     0.730     0.389     0.563
     0.691     0.600     0.402
     0.702     0.578     0.416
     0.792     0.522     0.317
     0.681     0.585     0.441
     0.735     0.455     0.502
     0.775     0.493     0.395
     0.611     0.585     0.534
     0.558     0.631     0.539
     0.912     0.376     0.165
     0.645     0.571     0.508
     0.657     0.437     0.614
     0.646     0.433     0.628
     0.637     0.615     0.465
     0.610     0.598     0.519
     0.765     0.502     0.403
     0.719     0.523     0.457
     0.723     0.540     0.431
     0.668     0.533     0.519
     0.745     0.481     0.462
     0.687     0.493     0.534
     0.610     0.524     0.595
     0.817     0.477     0.324
     0.735     0.481     0.478
     0.845     0.428     0.321
     0.765     0.559     0.319
     0.841     0.390     0.375
     0.626     0.542     0.561
     0.602     0.688     0.406
     0.775     0.508     0.376
     0.686     0.473     0.553
     0.698     0.486     0.525
     0.811     0.346     0.471
     0.759     0.576     0.304
     0.533     0.663     0.525
     0.777     0.510     0.369
     0.720     0.577     0.386
     0.592     0.679     0.433
     0.690     0.582     0.430
     0.692     0.587     0.419
     0.520     0.504     0.690
     0.526     0.705     0.476
     0.762     0.364     0.535
     0.712     0.474     0.518
     0.678     0.540     0.499
     0.627     0.529     0.571
     0.447     0.839     0.310
     0.491     0.800     0.345
     0.693     0.530     0.488
     0.664     0.691     0.287
     0.758     0.527     0.383
     0.813     0.186     0.551
     0.688     0.558     0.464
     0.742     0.530     0.410
     0.801     0.465     0.377
     0.698     0.321     0.640
     0.604     0.697     0.387
     0.701     0.510     0.498
     0.716     0.494     0.492
     0.833     0.329     0.444
     0.729     0.299     0.616
     0.715     0.654     0.248
     0.670     0.605     0.430
     0.823     0.376     0.426
     0.666     0.520     0.534
     0.696     0.514     0.501
     0.815     0.479     0.326
     0.544     0.624     0.561
     0.641     0.698     0.320
     0.837     0.392     0.382
     0.696     0.557     0.454
     0.589     0.661     0.464
     0.612     0.643     0.460
     0.659     0.565     0.497
     0.739     0.551     0.388
     0.829     0.513     0.222
     0.616     0.612     0.495
     0.374     0.541     0.753
     0.615     0.640     0.462
     0.549     0.707     0.446
     0.720     0.590     0.366
     0.682     0.611     0.403
     0.725     0.557     0.406
     0.646     0.657     0.389
     0.851     0.354     0.387
     0.706     0.562     0.431
     0.508     0.621     0.597
     0.737     0.409     0.539
     0.638     0.633     0.439
     0.589     0.369     0.719
     0.632     0.705     0.321
     0.811     0.440     0.386
     0.634     0.520     0.573
     0.749     0.614     0.248
     0.651     0.554     0.519
     0.635     0.470     0.613
     0.707     0.631     0.321
     0.640     0.556     0.530
     0.564     0.751     0.343
     0.631     0.639     0.440
     0.712     0.526     0.466
     0.702     0.644     0.305
     0.736     0.520     0.434
     0.721     0.466     0.513
     0.853     0.270     0.447
     0.532     0.713     0.457
     0.718     0.498     0.486
     0.493     0.634     0.596
     0.489     0.690     0.533
     0.821     0.437     0.367
     0.747     0.460     0.481
     0.602     0.687     0.407
     0.739     0.569     0.360
     0.790     0.481     0.380
     0.561     0.709     0.427
     0.581     0.747     0.322
     0.678     0.528     0.512
     0.836     0.389     0.388
     0.786     0.561     0.262
     0.584     0.626     0.517
     0.691     0.490     0.531
     0.715     0.453     0.532
     0.792     0.327     0.515
     0.693     0.569     0.443
     0.385     0.669     0.636
     0.855     0.289     0.430
     0.476     0.590     0.653
     0.734     0.521     0.436
     0.719     0.417     0.556
     0.720     0.456     0.523
     0.752     0.485     0.447
     0.744     0.469     0.476
     0.731     0.635     0.250
     0.657     0.486     0.576
     0.901     0.387     0.197
     0.751     0.483     0.451
     0.619     0.530     0.580
     0.698     0.418     0.582
     0.521     0.691     0.501
     0.688     0.604     0.401
     0.783     0.504     0.365
     0.739     0.493     0.460
     0.834     0.448     0.322
     0.772     0.414     0.482
     0.661     0.660     0.358
     0.565     0.648     0.512
     0.708     0.583     0.400
     0.591     0.795     0.134
     0.583     0.488     0.650
     0.667     0.638     0.386
     0.623     0.505     0.597
     0.750     0.499     0.435
     0.685     0.581     0.439
     0.708     0.642     0.296
     0.647     0.656     0.389
     0.599     0.712     0.366
     0.640     0.731     0.236
     0.670     0.569     0.478
     0.695     0.550     0.463
     0.525     0.516     0.677
     0.610     0.595     0.524
     0.658     0.547     0.518
     0.805     0.421     0.417
     0.717     0.443     0.538
     0.612     0.704     0.359
     0.719     0.476     0.507
     0.745     0.447     0.496
     0.709     0.420     0.566
     0.747     0.494     0.444
     0.640     0.556     0.530
     0.742     0.529     0.412
     0.749     0.574     0.331
     0.536     0.385     0.751
     0.771     0.572     0.279
     0.677     0.551     0.488
     0.618     0.535     0.576
     0.666     0.614     0.424
     0.673     0.592     0.444
     0.700     0.544     0.463
     0.669     0.600     0.439
     0.725     0.449     0.523
     0.662     0.594     0.457
     0.584     0.695     0.419
     0.687     0.595     0.417
     0.708     0.532     0.464
     0.784     0.518     0.342
     0.626     0.671     0.398
     0.683     0.543     0.488
     0.640     0.616     0.460
     0.725     0.418     0.547
     0.780     0.500     0.376
     0.563     0.464     0.684
     0.828     0.527     0.191
     0.715     0.598     0.363
     0.702     0.426     0.571
     0.759     0.594     0.265
     0.627     0.710     0.321
     0.616     0.497     0.611
     0.641     0.677     0.363
     0.628     0.583     0.515
     0.647     0.623     0.439
     0.641     0.690     0.335
     0.623     0.669     0.404
     0.666     0.642     0.379
     0.737     0.601     0.309
     0.670     0.616     0.413
     0.750     0.513     0.418
     0.752     0.563     0.343
     0.655     0.559     0.508
     0.561     0.767     0.312
     0.701     0.550     0.454
     0.591     0.720     0.365
     0.644     0.512     0.568
     0.777     0.517     0.359
     0.625     0.605     0.493
     0.561     0.616     0.553
     0.700     0.460     0.547
     0.743     0.591     0.313
     0.698     0.604     0.384
     0.541     0.700     0.466
     0.816     0.533     0.222
     0.726     0.615     0.308
     0.689     0.608     0.394
     0.674     0.316     0.668
     0.698     0.630     0.339
     0.691     0.499     0.523
     0.784     0.541     0.306
     0.751     0.556     0.356
     0.603     0.566     0.563
     0.711     0.581     0.397
     0.674     0.620     0.401
     0.592     0.633     0.498
     0.755     0.548     0.359
     0.656     0.459     0.599
     0.604     0.420     0.678
     0.665     0.610     0.430
     0.605     0.653     0.456
     0.569     0.687     0.451
     0.586     0.642     0.495
     0.747     0.545     0.382
     0.721     0.416     0.555
     0.806     0.476     0.352
     0.630     0.649     0.427
     0.737     0.560     0.378
     0.773     0.443     0.455
     0.499     0.609     0.617
     0.697     0.519     0.495
     0.735     0.457     0.500
     0.730     0.608     0.312
     0.676     0.394     0.623
     0.764     0.559     0.322
     0.728     0.578     0.368
     0.717     0.646     0.262
     0.757     0.376     0.534
     0.655     0.674     0.341
     0.788     0.448     0.422
     0.699     0.608     0.377
     0.625     0.612     0.484
     0.626     0.496     0.602
     0.779     0.567     0.267
     0.552     0.592     0.587
     0.675     0.664     0.321
     0.713     0.573     0.404
     0.652     0.557     0.514
     0.833     0.508     0.219
     0.721     0.523     0.454
     0.746     0.502     0.438
     0.675     0.624     0.393
     0.733     0.567     0.376
     0.670     0.609     0.424
     0.550     0.556     0.624
     0.726     0.539     0.428
     0.732     0.431     0.528
     0.842     0.447     0.302
     0.637     0.408     0.654
     0.660     0.581     0.476
     0.686     0.582     0.437
     0.813     0.463     0.354
     0.599     0.695     0.397
     0.573     0.566     0.592
     0.544     0.721     0.431
     0.712     0.671     0.206
     0.908     0.292     0.301
     0.846     0.429     0.317
     0.726     0.576     0.376
     0.806     0.570     0.163
     0.730     0.611     0.305
     0.734     0.556     0.390
     0.692     0.622     0.368
     0.756     0.494     0.429
     0.767     0.444     0.463
     0.692     0.361     0.626
     0.709     0.516     0.480
     0.611     0.667     0.427
     0.752     0.469     0.464
     0.772     0.532     0.347
     0.734     0.513     0.445
     0.716     0.545     0.437
     0.635     0.650     0.417
     0.659     0.566     0.495
     0.833     0.471     0.292
     0.791     0.386     0.474
     0.683     0.579     0.446
     0.719     0.466     0.516
     0.690     0.432     0.580
     0.743     0.604     0.289
     0.642     0.462     0.612
     0.639     0.641     0.426
     0.720     0.665     0.200
     0.808     0.483     0.339
     0.696     0.608     0.382
     0.752     0.475     0.457
     0.757     0.500     0.421
     0.645     0.552     0.528
     0.596     0.380     0.707
     0.655     0.600     0.459
     0.639     0.673     0.373
     0.705     0.548     0.450
     0.780     0.400     0.481
     0.735     0.520     0.434
     0.558     0.622     0.550
     0.702     0.500     0.507
     0.676     0.543     0.498
     0.749     0.551     0.367
     0.614     0.654     0.442
     0.664     0.597     0.450
     0.761     0.390     0.519
     0.699     0.561     0.443
     0.766     0.410     0.495
     0.671     0.503     0.544
     0.593     0.505     0.627
     0.727     0.476     0.495
     0.786     0.458     0.415
     0.712     0.555     0.430
     0.781     0.540     0.313
     0.751     0.495     0.438
     0.797     0.374     0.474
     0.620     0.690     0.374
     0.657     0.702     0.274
     0.771     0.331     0.543
     0.758     0.588     0.280
     0.739     0.503     0.448
     0.776     0.520     0.357
     0.703     0.568     0.429
     0.731     0.442     0.520
     0.786     0.466     0.405
     0.549     0.515     0.658
     0.798     0.408     0.444
     0.575     0.551     0.605
     0.755     0.478     0.448
     0.786     0.390     0.481
     0.768     0.415     0.487
     0.818     0.447     0.363
     0.710     0.502     0.494
     0.719     0.560     0.411
     0.550     0.656     0.517
     0.561     0.774     0.294
     0.833     0.272     0.482
     0.750     0.634     0.186
     0.738     0.486     0.469
     0.678     0.494     0.543
     0.797     0.421     0.434
     0.726     0.541     0.424
     0.625     0.659     0.419
     0.576     0.638     0.511
     0.732     0.516     0.446
     0.525     0.474     0.707
     0.619     0.532     0.577
     0.565     0.652     0.506
     0.472     0.763     0.441
     0.581     0.666     0.468
     0.622     0.573     0.534
     0.742     0.413     0.528
     0.637     0.406     0.655
     0.756     0.558     0.343
     0.543     0.655     0.526
     0.779     0.415     0.470
     0.571     0.470     0.674
     0.709     0.464     0.531
     0.740     0.574     0.350
     0.731     0.498     0.467
     0.759     0.539     0.364
     0.580     0.732     0.356
     0.613     0.532     0.584
     0.621     0.550     0.558
     0.779     0.497     0.382
     0.638     0.611     0.469
     0.627     0.700     0.341
     0.680     0.560     0.473
     0.719     0.466     0.516
     0.807     0.513     0.293
     0.743     0.522     0.419
     0.739     0.583     0.337
     0.577     0.665     0.475
     0.725     0.602     0.335
     0.645     0.461     0.609
     0.721     0.594     0.358
     0.810     0.473     0.347
     0.840     0.442     0.315
     0.818     0.387     0.427
     0.743     0.615     0.265
     0.747     0.575     0.333
     0.824     0.472     0.313
     0.543     0.708     0.452
     0.837     0.453     0.307
     0.717     0.495     0.490
     0.768     0.487     0.417
     0.616     0.546     0.568
     0.763     0.491     0.420
     0.651     0.547     0.526
     0.729     0.568     0.382
     0.710     0.520     0.475
     0.515     0.561     0.648
     0.591     0.628     0.506
     0.823     0.379     0.423
     0.676     0.356     0.646
     0.752     0.470     0.462
     0.686     0.635     0.356
     0.784     0.437     0.441
     0.822     0.452     0.347
     0.631     0.635     0.446
     0.609     0.559     0.562
     0.854     0.483     0.194
     0.756     0.522     0.396
     0.707     0.479     0.521
     0.700     0.415     0.582
     0.622     0.630     0.464
     0.787     0.329     0.522
     0.718     0.467     0.517
     0.813     0.578     0.073
     0.691     0.654     0.307
     0.662     0.648     0.376
     0.688     0.607     0.398
     0.570     0.581     0.581
     0.730     0.494     0.472
     0.637     0.458     0.620
     0.737     0.499     0.456
     0.730     0.551     0.405
     0.788     0.457     0.412
     0.665     0.569     0.483
     0.620     0.682     0.389
     0.729     0.549     0.409
     0.686     0.646     0.336
     0.660     0.635     0.401
     0.745     0.456     0.488
     0.693     0.676     0.251
     0.761     0.466     0.452
     0.684     0.408     0.605
     0.693     0.518     0.501
     0.731     0.521     0.441
     0.569     0.719     0.399
     0.682     0.669     0.296
     0.686     0.581     0.439
     0.667     0.361     0.652
     0.841     0.527     0.124
     0.681     0.555     0.478
     0.851     0.449     0.272
     0.742     0.399     0.539
     0.714     0.549     0.434
     0.749     0.476     0.461
     0.748     0.565     0.349
     0.670     0.531     0.518
     0.729     0.585     0.356
     0.705     0.298     0.644
     0.746     0.584     0.320
     0.804     0.394     0.446
     0.769     0.357     0.530
     0.683     0.602     0.413
     0.745     0.536     0.396
     0.768     0.524     0.368
     0.734     0.491     0.469
     0.734     0.622     0.272
     0.764     0.425     0.485
     0.693     0.483     0.535
     0.674     0.513     0.532
     0.582     0.545     0.603
     0.720     0.618     0.317
     0.681     0.589     0.436
     0.828     0.524     0.201
     0.733     0.479     0.483
     0.695     0.572     0.436
     0.622     0.678     0.391
     0.672     0.596     0.441
     0.812     0.399     0.425
     0.663     0.697     0.272
     0.722     0.598     0.349
     0.742     0.561     0.366
     0.498     0.656     0.567
     0.779     0.459     0.426
     0.675     0.553     0.488
     0.627     0.697     0.348
     0.757     0.488     0.434
     0.827     0.362     0.430
     0.705     0.549     0.449
     0.782     0.478     0.400
     0.720     0.522     0.457
     0.448     0.634     0.631
     0.754     0.524     0.395
     0.636     0.640     0.431
     0.784     0.459     0.419
     0.572     0.630     0.524
     0.694     0.599     0.400
     0.803     0.524     0.284
     0.748     0.589     0.305
     0.640     0.574     0.512
     0.764     0.574     0.293
     0.616     0.640     0.460
     0.769     0.475     0.428
     0.881     0.260     0.394
     0.835     0.308     0.457
     0.705     0.621     0.342
     0.726     0.411     0.552
     0.605     0.657     0.449
     0.708     0.626     0.327
     0.647     0.661     0.380
     0.758     0.507     0.411
     0.775     0.417     0.475
     0.730     0.530     0.431
     0.649     0.532     0.544
     0.663     0.573     0.483
     0.661     0.593     0.460
     0.583     0.582     0.567
     0.685     0.637     0.353
     0.701     0.375     0.606
     0.669     0.587     0.456
     0.614     0.510     0.602
     0.795     0.388     0.467
     0.877     0.367     0.311
     0.714     0.526     0.463
     0.686     0.534     0.493
     0.767     0.475     0.432
     0.571     0.665     0.482
     0.600     0.641     0.478
     0.647     0.711     0.273
     0.742     0.567     0.359
     0.714     0.434     0.550
     0.836     0.424     0.348
     0.719     0.538     0.439
     0.697     0.575     0.429
     0.814     0.450     0.366
     0.804     0.418     0.422
     0.833     0.421     0.359
     0.607     0.578     0.546
     0.654     0.526     0.544
     0.711     0.539     0.452
     0.738     0.512     0.439
     0.582     0.676     0.453
     0.882     0.340     0.327
     0.638     0.651     0.410
     0.679     0.571     0.461
     0.561     0.564     0.606
     0.692     0.528     0.492
     0.826     0.491     0.279
     0.613     0.686     0.392
     0.873     0.335     0.354
     0.617     0.371     0.695
     0.612     0.604     0.509
     0.720     0.630     0.290
     0.735     0.576     0.357
     0.787     0.424     0.448
     0.649     0.519     0.557
     0.793     0.513     0.329
     0.709     0.479     0.517
     0.640     0.607     0.471
     0.738     0.472     0.482
     0.748     0.575     0.331
     0.619     0.407     0.671
     0.601     0.617     0.507
     0.814     0.464     0.350
     0.669     0.484     0.564
     0.705     0.468     0.532
     0.524     0.760     0.383
     0.683     0.547     0.484
     0.769     0.368     0.522
     0.813     0.437     0.385
     0.740     0.605     0.292
     0.813     0.511     0.278
     0.721     0.560     0.408
     0.759     0.418     0.499
     0.571     0.654     0.497
     0.796     0.535     0.281
     0.586     0.558     0.588
     0.810     0.444     0.384
     0.765     0.527     0.370
     0.631     0.615     0.472
     0.591     0.627     0.508
     0.690     0.522     0.501
     0.799     0.449     0.399
     0.742     0.519     0.424
     0.603     0.583     0.545
     0.785     0.503     0.363
     0.794     0.528     0.302
     0.654     0.575     0.492
     0.690     0.561     0.458
     0.461     0.724     0.513
     0.627     0.580     0.520
     0.807     0.531     0.260
     0.756     0.473     0.453
     0.700     0.490     0.519
     0.643     0.545     0.539
     0.707     0.588     0.393
     0.762     0.467     0.448
     0.618     0.614     0.491
     0.680     0.474     0.560
     0.755     0.618     0.220
     0.744     0.512     0.430
     0.672     0.569     0.474
     0.760     0.461     0.458
     0.761     0.455     0.463
     0.869     0.279     0.409
     0.810     0.213     0.547
     0.531     0.714     0.456
     0.772     0.537     0.341
     0.708     0.545     0.450
     0.745     0.421     0.518
     0.658     0.572     0.490
     0.716     0.474     0.512
     0.503     0.656     0.562
     0.726     0.502     0.470
     0.711     0.581     0.397
     0.785     0.473     0.401
     0.711     0.504     0.491
     0.742     0.347     0.573
     0.826     0.473     0.306
     0.573     0.620     0.536
     0.626     0.589     0.511
     0.889     0.286     0.358
     0.748     0.441     0.496
     0.729     0.464     0.504
     0.512     0.759     0.402
     0.828     0.477     0.296
     0.739     0.587     0.330
     0.779     0.414     0.472
     0.595     0.560     0.577
     0.591     0.674     0.444
     0.731     0.606     0.314
     0.497     0.604     0.623
     0.635     0.637     0.438
     0.863     0.484     0.144
     0.518     0.623     0.586
     0.828     0.387     0.405
     0.640     0.600     0.481
     0.613     0.593     0.522
     0.698     0.557     0.450
     0.713     0.547     0.439
     0.612     0.642     0.463
     0.702     0.576     0.418
     0.591     0.543     0.597
     0.736     0.482     0.476
     0.675     0.600     0.429
     0.677     0.564     0.473
     0.770     0.587     0.250
     0.772     0.508     0.382
     0.834     0.377     0.403
     0.655     0.571     0.496
     0.676     0.691     0.254
     0.851     0.450     0.271
     0.790     0.399     0.467
     0.565     0.578     0.589
     0.442     0.794     0.418
     0.674     0.463     0.576
     0.612     0.578     0.540
     0.786     0.477     0.394
     0.688     0.514     0.512
     0.768     0.414     0.488
     0.650     0.553     0.522
     0.805     0.573     0.156
     0.815     0.429     0.389
     0.735     0.486     0.473
     0.755     0.431     0.494
     0.851     0.266     0.453
     0.666     0.617     0.420
     0.653     0.642     0.401
     0.745     0.523     0.414
     0.778     0.531     0.336
     0.730     0.650     0.212
     0.748     0.415     0.518
     0.656     0.665     0.357
     0.606     0.650     0.458
     0.754     0.560     0.343
     0.689     0.551     0.470
     0.752     0.593     0.289
     0.823     0.438     0.362
     0.662     0.605     0.442
     0.611     0.571     0.548
     0.703     0.517     0.488
     0.799     0.318     0.510
     0.767     0.467     0.441
