     0.688    -0.724     0.045
     0.691    -0.723     0.008
     0.675    -0.721     0.154
     0.781    -0.624     0.029
     0.794    -0.602     0.084
     0.724    -0.689    -0.036
     0.584    -0.804     0.112
     0.691    -0.718     0.081
     0.564    -0.825     0.045
     0.676    -0.736    -0.022
     0.711    -0.648     0.274
     0.636    -0.749     0.186
     0.795    -0.607     0.018
     0.715    -0.696    -0.068
     0.718    -0.684     0.131
     0.698    -0.708     0.105
     0.686    -0.694     0.218
     0.733    -0.680    -0.013
     0.832    -0.555     0.003
     0.588    -0.798     0.135
     0.655    -0.734     0.181
     0.691    -0.706     0.158
     0.662    -0.719     0.210
     0.755    -0.621     0.211
     0.623    -0.778     0.082
     0.705    -0.671     0.230
     0.620    -0.762     0.186
     0.586    -0.794     0.163
     0.742    -0.655     0.143
     0.663    -0.740     0.112
     0.710    -0.694     0.118
     0.802    -0.582     0.134
     0.695    -0.711    -0.108
     0.814    -0.569     0.117
     0.713    -0.645     0.275
     0.721    -0.686     0.099
     0.572    -0.805     0.161
     0.747    -0.611     0.263
     0.709    -0.662     0.242
     0.695    -0.708     0.122
     0.823    -0.567     0.031
     0.706    -0.651     0.278
     0.762    -0.640     0.096
     0.609    -0.767     0.199
     0.678    -0.734     0.041
     0.642    -0.744     0.186
     0.632    -0.768     0.106
     0.715    -0.689     0.121
     0.780    -0.620     0.088
     0.691    -0.720     0.057
     0.678    -0.733     0.053
     0.646    -0.763     0.019
     0.691    -0.696     0.193
     0.615    -0.787     0.052
     0.844    -0.533    -0.066
     0.802    -0.585     0.120
     0.676    -0.703     0.221
     0.767    -0.639     0.057
     0.717    -0.696     0.030
     0.714    -0.684     0.148
     0.764    -0.643     0.054
     0.843    -0.535     0.058
     0.742    -0.668     0.046
     0.696    -0.703     0.147
     0.647    -0.737     0.197
     0.763    -0.646    -0.030
     0.644    -0.764     0.034
     0.718    -0.695     0.046
     0.808    -0.589     0.029
     0.748    -0.647     0.151
     0.804    -0.595     0.002
     0.672    -0.729     0.129
     0.723    -0.670     0.167
     0.712    -0.688     0.143
     0.643    -0.750     0.152
     0.865    -0.496     0.078
     0.765    -0.641     0.069
     0.639    -0.761     0.113
     0.822    -0.563     0.086
     0.641    -0.741     0.200
     0.688    -0.719     0.099
     0.777    -0.620     0.110
     0.676    -0.715     0.179
     0.657    -0.752    -0.045
     0.721    -0.693     0.017
     0.782    -0.622    -0.037
     0.729    -0.675    -0.110
     0.683    -0.729     0.050
     0.668    -0.722     0.180
     0.689    -0.724    -0.039
     0.755    -0.615     0.228
     0.786    -0.614    -0.068
     0.666    -0.733     0.140
     0.704    -0.710     0.032
     0.744    -0.666     0.051
     0.646    -0.759     0.078
     0.766    -0.638     0.071
     0.829    -0.517     0.214
     0.765    -0.635     0.108
     0.661    -0.713     0.235
     0.674    -0.701     0.233
     0.750    -0.641     0.161
     0.751    -0.636     0.178
     0.759    -0.648    -0.069
     0.561    -0.776     0.288
     0.737    -0.670     0.090
     0.854    -0.518    -0.040
     0.630    -0.762     0.151
     0.762    -0.645     0.056
     0.652    -0.751     0.105
     0.795    -0.606    -0.034
     0.763    -0.647    -0.018
     0.683    -0.695     0.227
     0.786    -0.619    -0.007
     0.689    -0.715     0.117
     0.766    -0.642     0.026
     0.804    -0.565     0.184
     0.647    -0.759     0.074
     0.676    -0.733     0.076
     0.683    -0.727     0.073
     0.634    -0.772     0.046
     0.758    -0.584     0.290
     0.731    -0.673     0.111
     0.574    -0.818     0.045
     0.656    -0.745     0.123
     0.663    -0.748     0.016
     0.724    -0.690     0.023
     0.744    -0.665     0.061
     0.779    -0.609     0.149
     0.790    -0.581     0.196
     0.626    -0.757    -0.187
     0.800    -0.597     0.065
     0.740    -0.669    -0.067
     0.729    -0.681     0.072
     0.682    -0.728     0.065
     0.763    -0.644     0.064
     0.686    -0.728     0.009
     0.690    -0.703     0.174
     0.617    -0.779     0.113
     0.678    -0.734    -0.036
     0.652    -0.758     0.011
     0.771    -0.633     0.071
     0.684    -0.722     0.104
     0.786    -0.591     0.179
     0.609    -0.739     0.288
     0.747    -0.665     0.015
