     0.235    -0.951     0.199
     0.159    -0.983     0.091
     0.058    -0.976     0.211
     0.014    -0.995     0.095
     0.045    -0.990     0.135
     0.335    -0.939     0.082
     0.073    -0.996     0.053
     0.288    -0.940     0.183
     0.141    -0.990    -0.018
     0.200    -0.974     0.107
     0.284    -0.954    -0.096
     0.180    -0.976     0.125
     0.012    -0.997     0.081
     0.267    -0.959     0.091
     0.144    -0.989    -0.035
     0.096    -0.995     0.040
     0.023    -0.989     0.147
     0.106    -0.988     0.110
     0.311    -0.946     0.088
     0.045    -0.998     0.049
     0.126    -0.985     0.115
     0.043    -0.947     0.318
     0.252    -0.953     0.169
     0.164    -0.985     0.056
     0.024    -0.999     0.027
     0.247    -0.942     0.227
     0.199    -0.975     0.097
     0.228    -0.968     0.110
     0.405    -0.876     0.261
     0.207    -0.957     0.204
     0.305    -0.950     0.062
     0.007    -0.989     0.149
     0.198    -0.977     0.077
     0.288    -0.955     0.070
     0.073    -0.997    -0.006
     0.365    -0.897     0.250
     0.213    -0.977     0.005
     0.177    -0.982     0.062
     0.045    -0.998     0.034
    -0.066    -0.994     0.083
     0.218    -0.961     0.169
     0.058    -0.962     0.267
     0.126    -0.992     0.006
     0.116    -0.984     0.137
     0.272    -0.940     0.207
     0.001    -0.959     0.283
     0.239    -0.957     0.165
     0.166    -0.953     0.254
     0.044    -0.992     0.118
     0.125    -0.992     0.021
     0.058    -0.992     0.109
     0.303    -0.953     0.030
     0.220    -0.972     0.081
     0.323    -0.941     0.100
     0.367    -0.899     0.240
    -0.132    -0.972     0.195
     0.230    -0.971     0.061
     0.285    -0.939     0.195
     0.312    -0.949    -0.044
     0.168    -0.979     0.114
     0.193    -0.981    -0.016
     0.305    -0.936    -0.173
     0.281    -0.947     0.154
     0.112    -0.994     0.002
     0.405    -0.905     0.132
     0.113    -0.985     0.131
     0.405    -0.908    -0.103
     0.104    -0.992     0.072
     0.235    -0.972    -0.028
     0.304    -0.914     0.268
     0.227    -0.974    -0.014
     0.346    -0.938    -0.028
     0.284    -0.937     0.202
     0.239    -0.954     0.182
     0.159    -0.962     0.220
     0.155    -0.987     0.027
     0.048    -0.996     0.074
     0.077    -0.990    -0.120
    -0.016    -0.972     0.233
     0.200    -0.978     0.065
     0.116    -0.988     0.104
     0.126    -0.991     0.038
     0.121    -0.983     0.135
     0.235    -0.968     0.088
     0.084    -0.994     0.064
     0.238    -0.970     0.037
     0.117    -0.986     0.116
     0.293    -0.956     0.020
    -0.074    -0.997    -0.000
     0.130    -0.969     0.209
     0.297    -0.941     0.163
     0.065    -0.997     0.032
     0.023    -0.963     0.270
     0.225    -0.971     0.079
     0.010    -0.982     0.186
     0.282    -0.959     0.019
     0.263    -0.965     0.009
     0.376    -0.917     0.135
     0.093    -0.994     0.065
     0.170    -0.961     0.217
     0.222    -0.975     0.028
     0.124    -0.973     0.192
     0.131    -0.991     0.039
     0.093    -0.994     0.049
     0.236    -0.966     0.105
     0.203    -0.979    -0.034
     0.108    -0.994     0.006
     0.116    -0.986     0.119
     0.049    -0.989     0.141
     0.109    -0.990     0.094
     0.301    -0.950     0.079
     0.119    -0.988     0.099
     0.166    -0.985    -0.045
     0.353    -0.932    -0.085
     0.144    -0.977     0.160
     0.170    -0.965     0.199
     0.252    -0.963     0.093
     0.223    -0.909     0.351
    -0.034    -0.995     0.096
     0.079    -0.996    -0.035
    -0.132    -0.973     0.191
     0.143    -0.982     0.122
     0.084    -0.996     0.033
     0.283    -0.959    -0.007
     0.250    -0.968     0.038
     0.135    -0.989     0.061
     0.037    -0.999     0.029
     0.066    -0.993     0.097
     0.102    -0.987     0.121
     0.114    -0.986     0.123
     0.154    -0.949     0.274
     0.018    -0.999    -0.041
     0.230    -0.971     0.067
     0.077    -0.997    -0.029
     0.130    -0.984     0.124
     0.138    -0.990     0.039
     0.012    -0.998     0.063
     0.126    -0.992    -0.010
     0.071    -0.995     0.065
     0.368    -0.929     0.039
     0.158    -0.985     0.072
     0.320    -0.921     0.222
     0.098    -0.991     0.088
    -0.034    -0.979     0.202
     0.151    -0.988    -0.026
     0.016    -0.989     0.147
     0.160    -0.962     0.221
     0.264    -0.961     0.084
     0.106    -0.994     0.026
     0.024    -0.967     0.253
     0.131    -0.991    -0.011
     0.079    -0.997     0.023
     0.202    -0.979     0.035
     0.194    -0.969     0.151
     0.135    -0.989     0.060
     0.084    -0.996     0.031
     0.115    -0.988     0.106
    -0.020    -0.994     0.110
     0.262    -0.953     0.151
     0.142    -0.989    -0.036
     0.002    -0.995     0.097
     0.073    -0.995     0.071
     0.325    -0.941     0.096
     0.031    -0.990    -0.141
     0.328    -0.945    -0.002
     0.053    -0.988     0.146
     0.267    -0.961    -0.077
     0.081    -0.996     0.020
     0.285    -0.930     0.231
     0.240    -0.970    -0.043
     0.054    -0.998    -0.022
     0.189    -0.978     0.089
     0.246    -0.968     0.049
     0.184    -0.980     0.073
     0.256    -0.952     0.168
    -0.049    -0.998     0.027
    -0.059    -0.996     0.060
     0.242    -0.958     0.155
    -0.052    -0.958     0.281
     0.303    -0.953     0.020
     0.093    -0.992     0.080
     0.133    -0.990     0.048
     0.185    -0.973     0.142
     0.187    -0.982     0.038
     0.192    -0.981     0.036
     0.244    -0.967    -0.080
     0.175    -0.981     0.077
     0.078    -0.967     0.244
     0.314    -0.948     0.054
     0.072    -0.993     0.093
     0.053    -0.996     0.066
     0.069    -0.984     0.163
     0.250    -0.967     0.045
     0.151    -0.982     0.110
     0.226    -0.969     0.102
     0.115    -0.980     0.160
    -0.022    -0.963     0.270
     0.115    -0.993    -0.008
     0.385    -0.898     0.214
    -0.139    -0.990    -0.038
     0.272    -0.962     0.024
     0.194    -0.972     0.132
     0.297    -0.955     0.008
     0.151    -0.979     0.134
     0.046    -0.980     0.191
     0.082    -0.996    -0.041
     0.056    -0.998     0.018
     0.166    -0.986    -0.009
     0.044    -0.934     0.355
     0.067    -0.996     0.056
     0.201    -0.968     0.147
     0.060    -0.998     0.007
     0.033    -0.978    -0.207
     0.175    -0.984     0.034
     0.005    -0.999     0.034
     0.109    -0.986     0.129
     0.134    -0.986     0.100
     0.418    -0.906     0.065
     0.151    -0.987     0.055
     0.232    -0.967     0.109
     0.194    -0.981     0.004
     0.211    -0.974    -0.080
     0.115    -0.989     0.097
     0.059    -0.990    -0.125
     0.024    -0.984     0.176
     0.216    -0.975     0.049
     0.373    -0.927    -0.026
     0.257    -0.942    -0.216
    -0.041    -0.999     0.016
     0.313    -0.917     0.249
     0.127    -0.992     0.006
     0.003    -0.950     0.313
     0.193    -0.981     0.019
     0.122    -0.981     0.151
     0.010    -0.948     0.318
     0.115    -0.984     0.133
     0.193    -0.981     0.010
     0.126    -0.975     0.181
     0.094    -0.990     0.101
     0.250    -0.968     0.019
     0.291    -0.952     0.093
     0.196    -0.946     0.256
     0.289    -0.950     0.122
     0.140    -0.966     0.216
     0.022    -0.960     0.277
     0.111    -0.988     0.111
     0.108    -0.994    -0.001
     0.311    -0.946     0.087
     0.171    -0.981     0.089
     0.167    -0.985     0.039
     0.080    -0.989     0.123
     0.223    -0.961     0.163
     0.216    -0.965     0.146
     0.140    -0.981     0.134
     0.255    -0.923     0.287
     0.149    -0.972     0.183
     0.151    -0.989     0.007
     0.170    -0.982     0.079
     0.171    -0.949     0.263
     0.239    -0.958     0.161
     0.169    -0.931     0.323
    -0.018    -0.966     0.259
     0.250    -0.948     0.195
     0.190    -0.971     0.143
     0.045    -0.990     0.134
     0.290    -0.953     0.088
     0.230    -0.973    -0.018
     0.245    -0.969     0.046
     0.125    -0.966     0.225
     0.134    -0.975     0.175
     0.167    -0.978     0.128
    -0.012    -0.963     0.271
     0.187    -0.982    -0.029
     0.075    -0.989     0.126
     0.269    -0.954     0.130
     0.007    -0.956     0.294
     0.208    -0.977     0.047
     0.318    -0.947     0.035
     0.227    -0.974    -0.001
     0.164    -0.986    -0.005
     0.164    -0.986     0.031
     0.318    -0.947     0.046
    -0.016    -0.999    -0.034
     0.117    -0.964     0.238
     0.242    -0.970    -0.013
     0.334    -0.915     0.225
     0.247    -0.968     0.034
     0.157    -0.985     0.073
    -0.005    -0.981     0.194
     0.075    -0.989     0.125
     0.128    -0.987     0.100
     0.001    -0.994     0.112
     0.147    -0.977     0.153
     0.188    -0.974     0.125
     0.145    -0.970     0.197
     0.220    -0.949     0.226
     0.081    -0.979     0.185
     0.086    -0.982     0.168
     0.150    -0.988    -0.027
     0.009    -1.000    -0.022
     0.374    -0.921     0.108
     0.012    -0.978     0.208
     0.277    -0.960     0.034
     0.104    -0.978     0.180
     0.211    -0.969     0.129
     0.005    -0.998     0.057
     0.020    -0.958     0.286
     0.118    -0.993    -0.009
     0.208    -0.933     0.295
     0.001    -0.996     0.092
     0.137    -0.984     0.110
     0.150    -0.947     0.285
     0.008    -0.999     0.043
    -0.048    -0.995     0.089
     0.223    -0.967     0.120
     0.093    -0.995     0.023
     0.059    -0.997     0.054
     0.134    -0.991    -0.013
     0.172    -0.981     0.092
     0.061    -0.997     0.049
     0.063    -0.998     0.027
     0.112    -0.976     0.189
     0.259    -0.966     0.020
     0.101    -0.974     0.202
     0.066    -0.996     0.056
     0.088    -0.968     0.233
     0.144    -0.965     0.219
    -0.068    -0.996     0.049
     0.303    -0.951     0.057
     0.234    -0.972     0.015
     0.255    -0.966     0.031
     0.284    -0.933    -0.221
     0.153    -0.981     0.124
     0.091    -0.982    -0.166
     0.114    -0.978     0.173
     0.225    -0.971     0.078
     0.231    -0.951     0.206
     0.111    -0.993     0.045
     0.265    -0.956     0.127
     0.258    -0.966     0.023
    -0.047    -0.998     0.034
     0.107    -0.980     0.165
     0.010    -0.999     0.053
     0.051    -0.980     0.191
     0.003    -0.977    -0.214
     0.153    -0.972     0.176
    -0.071    -0.994     0.089
     0.193    -0.981    -0.003
     0.062    -0.972     0.228
     0.145    -0.968    -0.203
    -0.021    -0.999     0.043
     0.029    -0.972     0.231
     0.125    -0.989    -0.081
     0.039    -0.994     0.102
     0.127    -0.990    -0.066
     0.193    -0.972     0.132
     0.109    -0.982     0.155
     0.170    -0.982     0.078
     0.260    -0.948     0.185
     0.199    -0.965     0.171
     0.185    -0.949     0.256
     0.188    -0.974     0.127
     0.159    -0.949     0.274
     0.142    -0.962     0.232
     0.243    -0.923     0.298
     0.273    -0.955     0.119
    -0.011    -0.989     0.147
     0.178    -0.974     0.142
     0.208    -0.963     0.173
     0.084    -0.994    -0.076
     0.218    -0.975    -0.031
     0.278    -0.961    -0.002
     0.245    -0.963     0.114
     0.257    -0.965    -0.049
     0.121    -0.993     0.010
     0.104    -0.995    -0.006
     0.211    -0.952     0.223
     0.040    -0.977     0.209
     0.120    -0.987     0.110
     0.183    -0.978    -0.101
    -0.009    -0.977     0.214
     0.270    -0.941     0.207
     0.294    -0.955     0.049
     0.172    -0.984     0.032
     0.142    -0.990    -0.003
     0.154    -0.985     0.073
     0.403    -0.906     0.129
    -0.055    -0.990     0.130
     0.254    -0.955     0.152
     0.217    -0.974     0.073
     0.299    -0.937     0.178
    -0.033    -0.979     0.203
     0.203    -0.966     0.159
     0.010    -0.987     0.159
     0.232    -0.926     0.297
     0.242    -0.966     0.096
     0.164    -0.978    -0.125
     0.189    -0.963     0.194
     0.248    -0.935     0.254
     0.040    -0.997     0.063
     0.203    -0.952     0.230
     0.189    -0.968     0.166
     0.101    -0.994     0.039
     0.349    -0.930     0.111
     0.131    -0.988    -0.081
     0.179    -0.957     0.226
     0.106    -0.963     0.248
     0.239    -0.967    -0.087
     0.172    -0.976     0.131
     0.182    -0.983     0.026
     0.170    -0.974     0.151
     0.122    -0.991    -0.057
     0.090    -0.996    -0.006
     0.039    -0.985     0.167
     0.059    -0.998    -0.018
     0.036    -0.990     0.133
     0.306    -0.949     0.080
     0.215    -0.972    -0.097
     0.360    -0.921     0.150
     0.299    -0.941     0.158
    -0.008    -0.995     0.097
     0.127    -0.978     0.164
     0.084    -0.996    -0.040
     0.254    -0.962     0.096
     0.247    -0.946     0.212
     0.313    -0.947     0.075
     0.128    -0.981     0.148
     0.321    -0.931     0.177
     0.086    -0.977     0.197
     0.143    -0.985     0.093
     0.194    -0.957     0.215
     0.053    -0.997     0.052
     0.083    -0.985     0.149
     0.105    -0.991     0.087
     0.188    -0.979     0.083
     0.365    -0.930     0.043
     0.131    -0.989     0.069
     0.228    -0.970     0.086
     0.191    -0.969     0.158
     0.262    -0.965     0.029
     0.092    -0.991     0.095
     0.037    -0.984     0.174
     0.090    -0.969     0.231
     0.142    -0.986     0.089
     0.119    -0.989    -0.089
     0.080    -0.985     0.151
     0.278    -0.960     0.038
     0.228    -0.974    -0.005
     0.211    -0.969     0.131
     0.108    -0.990     0.091
     0.143    -0.989    -0.019
     0.166    -0.980     0.114
     0.103    -0.990     0.093
     0.076    -0.986     0.149
     0.274    -0.960    -0.048
     0.156    -0.987     0.035
     0.210    -0.974     0.083
     0.249    -0.965     0.078
     0.104    -0.984     0.148
     0.075    -0.988    -0.132
     0.058    -0.991     0.124
     0.169    -0.986    -0.003
     0.181    -0.982     0.055
    -0.054    -0.989     0.138
     0.150    -0.988    -0.037
     0.096    -0.995    -0.004
     0.161    -0.979     0.126
     0.026    -0.999     0.028
     0.136    -0.988    -0.069
     0.202    -0.956     0.211
     0.362    -0.916     0.176
     0.121    -0.992    -0.028
     0.216    -0.976    -0.005
     0.341    -0.930     0.137
     0.240    -0.967     0.085
     0.315    -0.935     0.166
     0.126    -0.989     0.082
     0.022    -0.999     0.032
     0.175    -0.974     0.142
     0.260    -0.955     0.142
     0.191    -0.981    -0.030
     0.262    -0.936     0.236
     0.114    -0.972     0.207
    -0.017    -0.997     0.070
     0.048    -0.991     0.128
     0.030    -0.974     0.226
    -0.073    -0.957     0.279
     0.139    -0.969     0.205
     0.076    -0.992     0.102
     0.183    -0.970     0.161
     0.165    -0.984     0.074
     0.115    -0.993     0.036
     0.185    -0.982     0.051
     0.077    -0.993     0.090
     0.273    -0.956     0.111
     0.075    -0.990    -0.116
     0.303    -0.941     0.149
     0.026    -0.999     0.028
     0.139    -0.979     0.152
     0.216    -0.959     0.182
     0.006    -0.999     0.032
     0.423    -0.895     0.145
     0.081    -0.976     0.202
     0.219    -0.973     0.069
     0.060    -0.975     0.212
     0.250    -0.959     0.137
     0.229    -0.960     0.160
     0.140    -0.951     0.276
     0.109    -0.994    -0.022
     0.113    -0.992    -0.058
     0.295    -0.932     0.211
     0.155    -0.977     0.148
     0.249    -0.965     0.086
     0.134    -0.960     0.247
     0.132    -0.991     0.033
     0.170    -0.984     0.060
     0.133    -0.991     0.027
     0.304    -0.951     0.059
     0.238    -0.971     0.020
     0.068    -0.998    -0.008
     0.158    -0.987     0.020
     0.274    -0.933     0.235
     0.231    -0.947     0.222
     0.113    -0.990     0.085
     0.288    -0.957     0.031
     0.132    -0.976     0.172
     0.066    -0.984     0.168
     0.377    -0.926     0.009
     0.189    -0.972     0.141
     0.088    -0.985     0.146
     0.044    -0.979     0.199
     0.204    -0.979     0.026
     0.173    -0.985    -0.007
     0.266    -0.964    -0.017
    -0.026    -0.983     0.179
    -0.056    -0.988    -0.141
     0.243    -0.967     0.074
     0.200    -0.978    -0.062
     0.244    -0.969     0.047
     0.146    -0.988     0.041
     0.073    -0.972     0.224
     0.073    -0.997     0.020
     0.074    -0.965     0.250
     0.313    -0.946    -0.086
     0.135    -0.986     0.096
     0.226    -0.966     0.126
     0.183    -0.955     0.233
     0.144    -0.989    -0.039
     0.043    -0.989     0.142
    -0.008    -0.970     0.241
     0.248    -0.969    -0.011
     0.200    -0.980    -0.011
     0.007    -0.998     0.065
     0.066    -0.993    -0.101
     0.146    -0.987     0.069
     0.204    -0.973     0.110
     0.216    -0.956     0.197
    -0.038    -0.996     0.075
     0.173    -0.980     0.096
     0.147    -0.988     0.050
     0.144    -0.983     0.110
     0.259    -0.939     0.225
    -0.026    -0.979     0.204
     0.068    -0.975     0.212
     0.178    -0.954     0.242
    -0.014    -0.993     0.115
     0.053    -0.994     0.095
     0.118    -0.992     0.043
     0.086    -0.996     0.013
     0.161    -0.974     0.162
     0.096    -0.989     0.109
     0.215    -0.966     0.143
     0.072    -0.994    -0.085
     0.304    -0.951    -0.049
     0.162    -0.981    -0.103
     0.316    -0.947    -0.060
     0.230    -0.960     0.158
     0.042    -0.996     0.084
    -0.025    -0.993    -0.116
     0.252    -0.946     0.203
     0.061    -0.976     0.208
     0.087    -0.991    -0.101
     0.079    -0.997    -0.020
     0.128    -0.991     0.049
     0.097    -0.987     0.132
     0.063    -0.978     0.200
     0.281    -0.959     0.037
     0.153    -0.980     0.124
     0.275    -0.958    -0.082
     0.250    -0.963     0.098
    -0.063    -0.993     0.101
     0.015    -0.995     0.099
     0.021    -0.997    -0.070
     0.241    -0.970     0.017
     0.115    -0.992     0.042
     0.249    -0.968     0.022
     0.075    -0.980     0.185
     0.002    -0.998    -0.066
     0.108    -0.994    -0.005
     0.221    -0.967     0.128
     0.253    -0.965     0.061
     0.158    -0.985     0.062
     0.080    -0.997    -0.022
     0.175    -0.961     0.212
     0.160    -0.982     0.099
     0.206    -0.978     0.031
     0.179    -0.981     0.069
     0.174    -0.984     0.042
     0.171    -0.979     0.111
    -0.034    -0.996     0.082
     0.009    -0.984     0.176
     0.113    -0.989     0.094
     0.145    -0.988    -0.061
     0.072    -0.996     0.060
     0.175    -0.975     0.140
     0.138    -0.944     0.300
     0.201    -0.980     0.010
     0.154    -0.988    -0.020
     0.164    -0.983     0.078
     0.141    -0.990    -0.026
     0.317    -0.948     0.030
     0.354    -0.935    -0.020
     0.080    -0.996    -0.043
     0.334    -0.935     0.117
     0.269    -0.940     0.211
     0.076    -0.932     0.353
     0.054    -0.990    -0.133
     0.286    -0.941     0.180
     0.148    -0.987     0.059
    -0.014    -1.000     0.003
     0.289    -0.948     0.133
     0.180    -0.983    -0.049
     0.041    -0.999     0.014
     0.394    -0.885     0.249
     0.163    -0.975     0.149
     0.260    -0.965    -0.017
     0.215    -0.962     0.170
     0.107    -0.993    -0.055
     0.166    -0.953     0.254
     0.057    -0.967     0.247
     0.214    -0.972     0.098
     0.046    -0.996    -0.071
     0.212    -0.937     0.277
     0.253    -0.966    -0.044
     0.236    -0.949     0.208
     0.121    -0.989     0.086
     0.245    -0.964     0.108
     0.179    -0.983     0.039
    -0.019    -1.000    -0.017
     0.161    -0.986    -0.041
     0.010    -0.990     0.141
     0.144    -0.983    -0.112
     0.281    -0.919     0.275
     0.179    -0.975     0.130
     0.199    -0.977     0.071
     0.147    -0.984     0.100
     0.259    -0.966     0.004
     0.115    -0.976     0.183
     0.095    -0.995     0.014
     0.151    -0.988     0.008
     0.068    -0.970     0.231
     0.153    -0.988     0.029
     0.121    -0.983     0.142
     0.113    -0.980    -0.161
     0.213    -0.954     0.212
     0.136    -0.986     0.096
     0.270    -0.960    -0.074
     0.231    -0.969     0.087
     0.042    -0.990     0.134
     0.224    -0.959     0.171
     0.119    -0.983     0.141
     0.359    -0.928     0.099
     0.083    -0.993     0.084
     0.213    -0.968     0.129
     0.161    -0.969     0.189
     0.134    -0.989    -0.055
     0.291    -0.953    -0.084
     0.148    -0.986     0.072
     0.157    -0.988     0.016
     0.197    -0.977     0.079
     0.073    -0.997    -0.004
     0.148    -0.980     0.131
     0.139    -0.985     0.104
     0.169    -0.971     0.172
     0.237    -0.950     0.205
     0.214    -0.971     0.108
     0.119    -0.972    -0.200
     0.043    -0.995     0.091
     0.218    -0.965     0.143
     0.234    -0.923     0.305
     0.192    -0.970     0.148
     0.097    -0.995    -0.021
     0.241    -0.953     0.182
     0.212    -0.973     0.089
     0.017    -0.997     0.074
     0.023    -0.998     0.066
     0.234    -0.961     0.149
     0.036    -0.981     0.189
     0.305    -0.948    -0.095
     0.183    -0.935     0.304
     0.139    -0.990    -0.019
     0.151    -0.973     0.176
     0.189    -0.976     0.105
    -0.003    -0.991     0.135
     0.232    -0.959     0.163
     0.194    -0.937     0.290
     0.126    -0.978     0.168
     0.295    -0.949     0.110
     0.194    -0.976     0.100
     0.271    -0.952     0.142
    -0.034    -0.995    -0.090
    -0.053    -0.984     0.169
     0.229    -0.938     0.259
     0.303    -0.946     0.116
     0.181    -0.961     0.210
     0.176    -0.984     0.023
     0.159    -0.960     0.230
     0.227    -0.956     0.185
     0.093    -0.993     0.068
     0.283    -0.921     0.268
     0.341    -0.934     0.107
     0.140    -0.989     0.047
     0.221    -0.970     0.099
    -0.022    -0.996     0.082
     0.047    -0.988     0.144
     0.101    -0.941     0.324
     0.252    -0.967     0.044
    -0.014    -0.997     0.071
     0.109    -0.975     0.191
     0.340    -0.937    -0.076
    -0.094    -0.995     0.034
     0.181    -0.940     0.288
    -0.000    -0.991     0.136
     0.177    -0.983     0.048
     0.139    -0.990    -0.013
     0.032    -0.991     0.127
     0.316    -0.935     0.162
     0.189    -0.982     0.011
     0.077    -0.997     0.027
     0.184    -0.982     0.040
     0.088    -0.996     0.014
     0.226    -0.974     0.021
    -0.057    -0.998    -0.018
     0.118    -0.985     0.128
     0.103    -0.994    -0.026
     0.182    -0.969     0.166
     0.133    -0.991     0.021
     0.160    -0.985     0.058
     0.069    -0.995     0.078
     0.381    -0.925     0.015
     0.154    -0.972     0.175
     0.155    -0.986     0.056
     0.130    -0.979     0.158
     0.331    -0.902     0.279
     0.056    -0.998     0.017
     0.148    -0.988    -0.032
     0.176    -0.984     0.023
    -0.048    -0.998     0.028
     0.156    -0.987     0.044
     0.283    -0.953     0.112
     0.199    -0.975     0.096
     0.091    -0.984     0.152
     0.021    -0.974     0.227
     0.082    -0.996     0.044
     0.027    -0.990     0.135
     0.376    -0.926    -0.024
     0.109    -0.991    -0.074
     0.194    -0.976    -0.094
     0.266    -0.962     0.060
     0.123    -0.992    -0.033
    -0.048    -0.998    -0.038
     0.126    -0.988     0.089
     0.174    -0.984     0.049
     0.056    -0.993     0.106
     0.243    -0.958    -0.150
     0.073    -0.973    -0.217
     0.001    -0.991     0.133
     0.170    -0.965     0.201
     0.304    -0.947     0.099
     0.006    -0.996     0.092
     0.180    -0.976     0.120
     0.193    -0.978     0.081
     0.235    -0.971    -0.033
     0.011    -1.000    -0.009
     0.056    -0.972     0.227
     0.215    -0.968     0.132
     0.029    -0.995     0.098
     0.335    -0.923     0.189
     0.090    -0.990     0.108
    -0.049    -0.999    -0.022
     0.189    -0.981     0.035
     0.191    -0.981     0.038
     0.201    -0.967     0.155
     0.237    -0.971     0.022
     0.095    -0.995     0.029
     0.127    -0.982     0.140
     0.002    -0.999     0.036
     0.123    -0.979     0.164
     0.151    -0.987     0.052
     0.275    -0.961     0.038
     0.263    -0.961     0.089
     0.177    -0.984    -0.018
     0.145    -0.983     0.111
     0.014    -0.998     0.068
     0.230    -0.948     0.221
     0.241    -0.970     0.042
     0.222    -0.954     0.202
     0.328    -0.938     0.115
     0.093    -0.992     0.084
     0.200    -0.952     0.230
     0.247    -0.962     0.114
     0.038    -0.992    -0.122
    -0.045    -0.999    -0.001
     0.145    -0.989    -0.020
     0.128    -0.991     0.038
     0.293    -0.927     0.234
    -0.011    -0.980     0.199
     0.267    -0.964     0.014
    -0.000    -0.995     0.104
     0.124    -0.985     0.119
     0.098    -0.953     0.286
     0.110    -0.984     0.141
     0.169    -0.983     0.070
     0.113    -0.989     0.098
     0.215    -0.970     0.116
     0.144    -0.949     0.280
     0.265    -0.959     0.099
     0.046    -0.984     0.172
     0.055    -0.992    -0.111
     0.087    -0.996     0.034
     0.103    -0.991     0.084
     0.171    -0.982    -0.074
     0.061    -0.981     0.183
    -0.038    -0.995     0.091
     0.231    -0.973    -0.023
     0.126    -0.965     0.229
     0.255    -0.962     0.098
     0.058    -0.963     0.262
     0.230    -0.972    -0.042
     0.274    -0.962     0.005
     0.119    -0.964     0.238
     0.125    -0.992     0.011
     0.192    -0.981     0.038
     0.081    -0.996     0.032
     0.466    -0.882     0.065
     0.096    -0.994     0.048
     0.103    -0.980    -0.169
     0.163    -0.975     0.153
     0.177    -0.984    -0.002
     0.139    -0.988    -0.073
    -0.027    -0.978     0.207
     0.041    -0.994     0.103
     0.118    -0.986     0.116
     0.304    -0.950     0.065
     0.093    -0.986     0.137
     0.267    -0.964     0.002
     0.169    -0.982    -0.082
     0.153    -0.979    -0.133
    -0.044    -0.979     0.200
     0.190    -0.980     0.053
     0.134    -0.981     0.137
     0.147    -0.987     0.071
     0.060    -0.997     0.049
     0.270    -0.963     0.026
     0.109    -0.985     0.131
     0.115    -0.988    -0.099
     0.028    -0.983     0.182
     0.241    -0.966     0.091
     0.194    -0.980    -0.045
     0.241    -0.971     0.000
     0.079    -0.994     0.070
     0.070    -0.996    -0.047
     0.216    -0.968     0.128
     0.134    -0.989     0.063
     0.149    -0.984     0.098
     0.157    -0.983     0.097
     0.117    -0.992    -0.041
     0.128    -0.991     0.048
     0.230    -0.968     0.105
    -0.016    -0.966     0.258
     0.198    -0.976     0.090
     0.261    -0.961     0.095
     0.209    -0.971     0.117
     0.277    -0.958     0.072
     0.093    -0.995    -0.035
     0.204    -0.978    -0.047
     0.122    -0.978     0.171
     0.149    -0.981     0.127
     0.124    -0.990     0.067
     0.077    -0.997     0.000
     0.184    -0.964     0.192
     0.156    -0.987     0.030
     0.053    -0.981     0.189
     0.200    -0.977     0.081
     0.152    -0.987     0.053
     0.099    -0.992     0.072
     0.256    -0.933     0.252
     0.240    -0.962    -0.126
     0.135    -0.974     0.181
     0.212    -0.976    -0.057
     0.083    -0.976     0.201
     0.361    -0.932     0.032
     0.229    -0.970    -0.079
     0.190    -0.981     0.029
     0.195    -0.977     0.088
     0.145    -0.981     0.127
     0.065    -0.993     0.099
     0.200    -0.980    -0.002
     0.183    -0.954     0.236
     0.321    -0.938     0.134
     0.204    -0.979    -0.023
    -0.007    -0.970     0.242
     0.266    -0.963     0.035
     0.236    -0.970     0.058
     0.139    -0.990     0.017
     0.312    -0.950     0.018
     0.253    -0.956     0.150
     0.016    -0.993     0.113
     0.257    -0.966     0.000
     0.219    -0.967     0.128
     0.006    -0.996     0.093
     0.154    -0.987     0.050
     0.194    -0.958     0.211
    -0.001    -0.995    -0.099
     0.199    -0.974     0.110
     0.299    -0.929     0.218
     0.301    -0.946     0.124
     0.147    -0.985     0.095
     0.039    -0.988     0.152
     0.174    -0.981     0.088
     0.250    -0.965     0.075
     0.303    -0.951     0.057
     0.050    -0.990     0.134
     0.143    -0.987     0.068
     0.096    -0.990     0.103
     0.298    -0.955     0.001
     0.245    -0.969     0.015
     0.160    -0.982    -0.104
     0.255    -0.965     0.056
     0.160    -0.976     0.148
     0.210    -0.978    -0.015
     0.107    -0.992     0.075
     0.035    -0.999     0.016
     0.064    -0.995     0.076
     0.082    -0.979     0.187
     0.191    -0.978     0.082
     0.221    -0.970     0.104
     0.266    -0.946     0.187
     0.184    -0.977     0.112
     0.000    -0.998     0.062
     0.115    -0.935     0.335
     0.146    -0.980     0.133
     0.204    -0.979     0.016
     0.266    -0.960     0.084
     0.206    -0.944     0.256
     0.076    -0.991     0.106
     0.106    -0.973     0.205
     0.075    -0.997     0.028
     0.282    -0.958     0.047
     0.124    -0.992     0.011
     0.122    -0.980     0.158
     0.007    -0.968     0.251
     0.161    -0.974     0.158
     0.138    -0.986     0.092
     0.224    -0.969     0.103
     0.082    -0.996     0.030
     0.142    -0.975     0.169
     0.210    -0.953     0.221
     0.144    -0.990    -0.001
     0.094    -0.995     0.033
     0.247    -0.949     0.195
     0.122    -0.992     0.005
     0.187    -0.979     0.084
     0.209    -0.967     0.143
     0.199    -0.951     0.237
     0.289    -0.957     0.013
     0.284    -0.904     0.319
     0.111    -0.993     0.046
     0.113    -0.989     0.097
     0.073    -0.990     0.121
     0.432    -0.888     0.159
     0.057    -0.996     0.068
     0.158    -0.987     0.035
     0.224    -0.940     0.257
     0.144    -0.986     0.081
     0.247    -0.943     0.223
     0.082    -0.995    -0.047
     0.303    -0.951     0.068
     0.324    -0.945    -0.045
     0.187    -0.962     0.201
     0.088    -0.996     0.022
     0.086    -0.982     0.171
     0.254    -0.942     0.222
     0.269    -0.961     0.061
     0.342    -0.939     0.034
     0.197    -0.977     0.077
     0.166    -0.961     0.221
     0.185    -0.977     0.109
     0.271    -0.961     0.054
     0.178    -0.968     0.176
     0.220    -0.968    -0.122
     0.204    -0.970     0.133
     0.183    -0.979     0.090
     0.199    -0.980    -0.002
     0.278    -0.961     0.007
     0.102    -0.995    -0.004
     0.344    -0.934    -0.094
     0.256    -0.955     0.150
     0.195    -0.981    -0.012
     0.057    -0.986     0.157
     0.224    -0.941     0.252
     0.097    -0.990     0.107
     0.118    -0.989     0.088
     0.302    -0.902     0.309
     0.140    -0.985     0.097
     0.181    -0.982     0.047
     0.095    -0.989     0.115
     0.026    -0.997     0.072
     0.154    -0.987     0.054
     0.217    -0.972     0.094
     0.313    -0.923     0.224
     0.320    -0.947    -0.010
     0.041    -0.989     0.139
     0.157    -0.987    -0.024
     0.162    -0.987     0.021
     0.156    -0.988     0.007
     0.160    -0.960     0.230
     0.222    -0.964     0.148
    -0.003    -0.996     0.087
     0.233    -0.966     0.109
     0.083    -0.979     0.187
     0.279    -0.943     0.183
     0.005    -0.995     0.099
     0.358    -0.931     0.070
     0.143    -0.989     0.020
     0.061    -0.998     0.019
     0.053    -0.976     0.211
    -0.115    -0.993    -0.003
     0.154    -0.955     0.253
     0.184    -0.982     0.037
     0.180    -0.960     0.215
     0.069    -0.989    -0.129
     0.130    -0.987     0.094
     0.315    -0.944     0.096
     0.191    -0.982    -0.009
     0.211    -0.977    -0.005
     0.085    -0.995     0.043
     0.143    -0.989    -0.035
     0.127    -0.972     0.198
     0.310    -0.932     0.186
     0.053    -0.987     0.153
     0.002    -1.000    -0.000
     0.310    -0.949     0.057
     0.098    -0.980     0.174
     0.184    -0.966     0.179
     0.247    -0.966     0.077
     0.116    -0.988     0.107
     0.019    -0.999    -0.041
     0.195    -0.958     0.211
     0.222    -0.970    -0.100
     0.063    -0.982     0.176
     0.322    -0.946    -0.026
     0.123    -0.969     0.215
     0.272    -0.960    -0.072
     0.340    -0.916     0.216
     0.075    -0.976     0.204
    -0.051    -0.948     0.316
     0.278    -0.950     0.142
     0.192    -0.980     0.045
     0.149    -0.979     0.143
     0.104    -0.974     0.200
     0.182    -0.968     0.173
     0.064    -0.998    -0.028
     0.015    -0.999     0.047
     0.205    -0.949     0.239
     0.110    -0.991     0.071
     0.129    -0.984    -0.126
     0.149    -0.982     0.116
     0.234    -0.972     0.011
     0.098    -0.981     0.168
     0.233    -0.972    -0.005
     0.192    -0.943     0.271
     0.088    -0.986     0.144
     0.138    -0.976     0.171
     0.088    -0.987     0.133
     0.378    -0.915     0.141
     0.006    -1.000     0.027
     0.130    -0.976     0.176
     0.185    -0.982     0.020
     0.212    -0.977    -0.037
     0.274    -0.959     0.071
     0.134    -0.981     0.142
     0.030    -0.999    -0.034
    -0.034    -0.990     0.139
     0.146    -0.985     0.092
     0.208    -0.948     0.240
     0.147    -0.980     0.137
     0.122    -0.984     0.127
    -0.006    -0.984     0.180
     0.102    -0.992    -0.079
     0.302    -0.947     0.112
     0.046    -0.971     0.234
     0.102    -0.987    -0.121
    -0.027    -0.999     0.036
     0.113    -0.911     0.396
     0.155    -0.976     0.155
     0.078    -0.992     0.097
     0.054    -0.993    -0.100
     0.255    -0.962     0.098
     0.091    -0.981     0.169
     0.111    -0.986    -0.126
     0.173    -0.975    -0.142
     0.136    -0.991    -0.017
     0.067    -0.991     0.119
     0.081    -0.996     0.044
     0.157    -0.988     0.007
     0.032    -0.997    -0.073
     0.254    -0.965     0.065
     0.102    -0.990     0.095
     0.153    -0.984     0.094
     0.033    -0.999    -0.004
     0.169    -0.985    -0.043
     0.178    -0.964     0.197
     0.196    -0.976     0.098
     0.120    -0.977     0.175
     0.106    -0.991     0.085
     0.109    -0.994    -0.002
     0.180    -0.983     0.035
     0.169    -0.975     0.146
     0.140    -0.975     0.172
     0.217    -0.946     0.241
     0.211    -0.957     0.198
     0.272    -0.962     0.000
     0.251    -0.966     0.062
     0.128    -0.983     0.135
     0.372    -0.928    -0.005
     0.204    -0.955     0.214
     0.249    -0.966    -0.062
     0.192    -0.979     0.066
     0.057    -0.975     0.214
     0.238    -0.969     0.068
     0.292    -0.952     0.086
     0.357    -0.933     0.041
     0.170    -0.983    -0.062
     0.188    -0.982     0.012
     0.141    -0.990    -0.011
     0.219    -0.976    -0.007
     0.032    -0.999     0.041
     0.166    -0.983    -0.079
     0.366    -0.921    -0.131
     0.200    -0.980     0.008
     0.241    -0.970    -0.035
     0.161    -0.963     0.218
     0.260    -0.931     0.255
     0.157    -0.967     0.199
     0.412    -0.887     0.209
     0.198    -0.964     0.177
     0.054    -0.997     0.061
     0.074    -0.996     0.049
     0.220    -0.968     0.117
     0.195    -0.972     0.133
     0.272    -0.938     0.213
     0.048    -0.985     0.167
    -0.006    -0.982     0.188
     0.245    -0.967     0.070
     0.226    -0.967     0.115
     0.247    -0.968    -0.041
     0.017    -0.997     0.080
     0.127    -0.972     0.200
     0.336    -0.941     0.042
     0.390    -0.921     0.007
     0.042    -0.993     0.112
     0.199    -0.980     0.007
     0.270    -0.958     0.094
     0.195    -0.973     0.128
     0.048    -0.996     0.073
     0.081    -0.994     0.071
     0.325    -0.946     0.002
     0.257    -0.951     0.172
     0.204    -0.977     0.059
     0.077    -0.981     0.177
     0.036    -0.998     0.045
     0.079    -0.994     0.077
     0.256    -0.958     0.133
     0.009    -0.996     0.088
     0.236    -0.954     0.187
     0.163    -0.984     0.069
     0.063    -0.955     0.289
    -0.028    -0.973     0.227
     0.154    -0.987     0.034
     0.408    -0.867     0.286
     0.086    -0.990     0.111
     0.079    -0.994    -0.081
     0.124    -0.983     0.134
    -0.003    -0.993     0.119
     0.092    -0.994     0.062
     0.287    -0.957     0.032
     0.201    -0.979     0.014
     0.184    -0.978     0.097
     0.288    -0.946     0.149
     0.150    -0.984     0.091
     0.131    -0.991     0.016
     0.114    -0.990     0.084
     0.149    -0.989    -0.018
     0.268    -0.950     0.160
     0.164    -0.979     0.122
     0.069    -0.993     0.100
    -0.002    -1.000     0.002
     0.200    -0.980     0.020
     0.131    -0.991    -0.025
     0.223    -0.971     0.084
     0.217    -0.974     0.063
     0.206    -0.952     0.229
     0.288    -0.935     0.207
     0.099    -0.981     0.169
     0.078    -0.986     0.146
     0.252    -0.952     0.173
     0.221    -0.959     0.176
     0.299    -0.954    -0.036
     0.064    -0.976     0.208
     0.258    -0.950     0.173
     0.334    -0.941    -0.053
     0.372    -0.923     0.103
     0.136    -0.986     0.095
     0.216    -0.947     0.236
     0.218    -0.975     0.048
     0.134    -0.972     0.192
     0.194    -0.979    -0.056
     0.153    -0.981     0.121
     0.044    -0.983     0.180
     0.231    -0.969    -0.088
     0.040    -0.979     0.201
     0.100    -0.995    -0.023
     0.028    -0.938     0.344
     0.292    -0.911     0.291
     0.132    -0.950     0.284
     0.235    -0.967     0.101
     0.082    -0.996     0.046
     0.069    -0.981     0.179
     0.075    -0.996     0.047
     0.326    -0.910     0.256
     0.136    -0.985     0.105
     0.203    -0.973     0.106
     0.107    -0.993     0.042
     0.210    -0.976     0.058
     0.127    -0.992    -0.011
     0.009    -1.000    -0.006
     0.087    -0.980     0.177
     0.110    -0.982     0.154
    -0.003    -1.000     0.005
     0.363    -0.882     0.301
     0.011    -0.996     0.088
     0.164    -0.986     0.000
     0.233    -0.972     0.030
     0.253    -0.964     0.088
     0.134    -0.985     0.107
     0.124    -0.992     0.002
     0.153    -0.960     0.234
     0.307    -0.952     0.005
     0.183    -0.982    -0.040
     0.081    -0.996    -0.038
     0.158    -0.980     0.119
     0.124    -0.978     0.167
     0.103    -0.948     0.300
     0.327    -0.930     0.165
     0.292    -0.955     0.053
     0.070    -0.991     0.115
     0.186    -0.976     0.109
     0.125    -0.977     0.173
     0.250    -0.950     0.189
     0.196    -0.968     0.156
     0.292    -0.915     0.279
     0.164    -0.955     0.246
     0.139    -0.980     0.143
     0.249    -0.961     0.118
     0.131    -0.991    -0.001
     0.071    -0.963     0.260
     0.130    -0.991    -0.025
     0.056    -0.961     0.271
     0.259    -0.953     0.159
     0.123    -0.990     0.065
     0.108    -0.973     0.203
     0.162    -0.966     0.203
     0.205    -0.971     0.123
     0.377    -0.908     0.183
     0.090    -0.995     0.047
     0.075    -0.993     0.089
     0.218    -0.974    -0.061
     0.289    -0.957    -0.004
     0.107    -0.994     0.015
     0.286    -0.956     0.070
     0.119    -0.983     0.137
     0.219    -0.967     0.132
     0.120    -0.993     0.002
     0.183    -0.981     0.062
     0.002    -0.999     0.049
     0.132    -0.987     0.090
     0.106    -0.966     0.234
     0.314    -0.945     0.090
     0.199    -0.971     0.130
     0.107    -0.974     0.199
     0.335    -0.936     0.110
     0.199    -0.950     0.241
     0.064    -0.973     0.223
     0.122    -0.993     0.003
     0.178    -0.984    -0.017
     0.287    -0.928     0.239
     0.128    -0.992     0.010
     0.242    -0.966     0.096
     0.124    -0.983     0.138
     0.282    -0.959     0.014
     0.285    -0.949     0.136
     0.129    -0.987     0.094
     0.216    -0.971     0.100
    -0.120    -0.984     0.134
     0.111    -0.975     0.191
     0.010    -0.999     0.045
     0.110    -0.984     0.138
     0.293    -0.956     0.001
     0.023    -1.000    -0.005
    -0.065    -0.994     0.090
     0.210    -0.973     0.099
     0.111    -0.948     0.297
     0.003    -1.000    -0.000
     0.193    -0.981     0.035
     0.239    -0.971    -0.000
     0.031    -0.999    -0.019
     0.285    -0.957     0.049
     0.252    -0.963     0.101
     0.042    -0.986     0.159
     0.164    -0.983     0.080
     0.321    -0.938     0.131
     0.187    -0.981     0.048
     0.183    -0.981     0.067
     0.307    -0.952     0.011
     0.185    -0.976     0.113
     0.124    -0.989     0.078
     0.196    -0.981    -0.002
     0.015    -0.996     0.085
     0.196    -0.978     0.070
     0.205    -0.969     0.134
     0.236    -0.970    -0.051
     0.007    -0.981     0.196
     0.036    -0.999    -0.012
     0.116    -0.987     0.111
     0.088    -0.996     0.011
     0.084    -0.993     0.082
     0.041    -0.967     0.251
     0.190    -0.980     0.054
     0.207    -0.978     0.029
     0.014    -0.983     0.185
     0.280    -0.959     0.045
     0.152    -0.988    -0.021
     0.033    -0.999    -0.018
     0.216    -0.975     0.049
    -0.023    -0.941     0.337
     0.278    -0.954     0.112
     0.072    -0.989     0.126
     0.145    -0.988     0.062
     0.066    -0.997     0.044
     0.218    -0.976     0.026
     0.203    -0.965     0.167
     0.130    -0.990     0.061
    -0.174    -0.982     0.077
     0.147    -0.984     0.103
     0.215    -0.971     0.101
     0.297    -0.947     0.119
     0.065    -0.998     0.009
     0.006    -0.986     0.169
     0.168    -0.986     0.021
     0.094    -0.991     0.098
     0.252    -0.959     0.131
     0.423    -0.891     0.165
     0.039    -0.974    -0.225
     0.078    -0.964     0.254
     0.111    -0.993     0.046
     0.154    -0.970     0.189
     0.082    -0.967     0.242
     0.288    -0.948     0.135
     0.248    -0.944     0.217
     0.473    -0.880    -0.043
     0.223    -0.960     0.166
     0.225    -0.974    -0.009
    -0.011    -0.992     0.128
     0.152    -0.988     0.026
     0.117    -0.979     0.168
     0.220    -0.964     0.148
     0.108    -0.989     0.097
     0.098    -0.995     0.026
     0.099    -0.994     0.038
     0.171    -0.959     0.224
     0.217    -0.975     0.052
     0.164    -0.983     0.082
     0.212    -0.964     0.161
     0.204    -0.978    -0.044
     0.218    -0.966     0.138
     0.230    -0.940     0.253
     0.079    -0.989     0.127
     0.130    -0.991    -0.015
     0.287    -0.949     0.127
     0.187    -0.979     0.080
     0.109    -0.987     0.122
     0.040    -0.995     0.096
     0.266    -0.964     0.026
     0.232    -0.972     0.038
     0.316    -0.942    -0.114
     0.063    -0.995     0.074
     0.051    -0.971     0.233
     0.145    -0.989     0.040
     0.172    -0.981     0.093
    -0.144    -0.987     0.063
     0.274    -0.957     0.098
     0.337    -0.939     0.073
     0.125    -0.986     0.108
     0.294    -0.930     0.218
     0.168    -0.982     0.091
     0.070    -0.997     0.024
     0.172    -0.985     0.035
     0.257    -0.961     0.100
     0.340    -0.934     0.107
     0.293    -0.953     0.072
     0.171    -0.984    -0.046
    -0.043    -0.943     0.331
     0.077    -0.996     0.042
     0.090    -0.979     0.183
     0.010    -0.941     0.339
     0.124    -0.963     0.238
     0.132    -0.979     0.156
     0.085    -0.993     0.087
     0.109    -0.992    -0.057
     0.354    -0.927     0.121
    -0.035    -0.974     0.222
     0.034    -0.997    -0.065
     0.070    -0.992     0.102
     0.019    -0.999    -0.043
     0.060    -0.906     0.418
     0.315    -0.917     0.244
     0.227    -0.974     0.012
     0.179    -0.980     0.089
     0.149    -0.980     0.130
     0.148    -0.989     0.028
     0.324    -0.946    -0.021
     0.130    -0.991    -0.016
     0.239    -0.965     0.111
     0.157    -0.987     0.019
     0.032    -0.999    -0.024
     0.310    -0.938     0.155
     0.226    -0.955     0.190
     0.333    -0.941     0.060
     0.316    -0.924     0.214
     0.330    -0.943    -0.039
     0.204    -0.976     0.080
     0.197    -0.958     0.209
     0.169    -0.952     0.257
     0.257    -0.961     0.097
     0.314    -0.899     0.305
     0.305    -0.952     0.002
     0.047    -0.992     0.113
     0.362    -0.925     0.117
    -0.131    -0.984    -0.121
     0.320    -0.945     0.072
     0.143    -0.973     0.180
     0.271    -0.957     0.101
     0.117    -0.988     0.104
     0.206    -0.978    -0.017
     0.065    -0.949     0.308
     0.123    -0.989    -0.079
     0.083    -0.990     0.115
     0.195    -0.980    -0.032
     0.187    -0.979    -0.082
     0.315    -0.946     0.081
     0.147    -0.961     0.233
     0.128    -0.991    -0.037
     0.143    -0.952     0.270
     0.329    -0.940     0.088
     0.164    -0.956     0.243
     0.224    -0.975    -0.009
     0.148    -0.969    -0.195
     0.102    -0.994    -0.039
     0.083    -0.994     0.069
     0.153    -0.983     0.098
     0.294    -0.954     0.058
     0.209    -0.977     0.046
     0.196    -0.977     0.083
     0.292    -0.956    -0.040
     0.205    -0.941     0.270
     0.051    -0.978     0.200
     0.130    -0.986     0.100
     0.257    -0.964     0.068
     0.007    -1.000     0.027
     0.068    -0.979     0.194
     0.074    -0.997    -0.032
     0.232    -0.963     0.138
     0.172    -0.984     0.055
     0.034    -0.977     0.212
     0.214    -0.971     0.103
     0.286    -0.955     0.081
     0.278    -0.958     0.067
     0.250    -0.945     0.210
     0.143    -0.961     0.237
     0.085    -0.978     0.193
     0.139    -0.987     0.082
     0.083    -0.995    -0.058
     0.069    -0.996     0.055
     0.008    -0.999    -0.042
     0.115    -0.976     0.185
     0.124    -0.992    -0.018
     0.273    -0.960     0.056
     0.263    -0.940     0.219
     0.110    -0.958     0.264
     0.323    -0.934    -0.151
     0.179    -0.970     0.164
     0.307    -0.945     0.115
     0.075    -0.987     0.143
     0.188    -0.982     0.010
     0.316    -0.949     0.003
     0.235    -0.971     0.045
    -0.019    -0.994    -0.104
    -0.025    -0.971     0.238
     0.240    -0.968     0.078
     0.250    -0.953     0.168
     0.160    -0.987     0.028
     0.312    -0.944     0.109
     0.064    -0.964     0.258
     0.194    -0.963     0.187
    -0.019    -0.977     0.213
     0.107    -0.994    -0.003
    -0.013    -0.999    -0.034
    -0.027    -0.996     0.085
     0.064    -0.997     0.034
     0.094    -0.989     0.114
     0.211    -0.896     0.392
     0.173    -0.984     0.046
     0.110    -0.993    -0.040
     0.191    -0.982     0.016
     0.340    -0.940     0.035
     0.107    -0.994    -0.027
    -0.021    -0.990     0.141
     0.266    -0.933     0.241
     0.026    -1.000     0.011
     0.189    -0.970     0.154
     0.249    -0.953     0.174
     0.065    -0.974     0.218
     0.119    -0.954     0.274
     0.013    -0.994     0.109
     0.284    -0.958     0.034
     0.238    -0.951     0.196
     0.244    -0.960     0.138
     0.152    -0.988    -0.034
     0.266    -0.964    -0.027
     0.270    -0.911     0.313
     0.194    -0.949     0.248
     0.145    -0.959     0.244
     0.088    -0.957     0.277
     0.168    -0.975     0.144
     0.021    -0.993     0.116
     0.128    -0.990     0.058
     0.373    -0.926     0.054
     0.270    -0.953     0.135
     0.101    -0.994     0.048
     0.340    -0.936    -0.086
     0.168    -0.921     0.352
     0.051    -0.988     0.148
     0.136    -0.990     0.037
     0.197    -0.980     0.017
    -0.084    -0.987     0.139
     0.246    -0.952     0.181
     0.002    -1.000    -0.007
     0.199    -0.971     0.130
     0.023    -0.997     0.073
     0.097    -0.992     0.080
     0.047    -0.989     0.140
     0.107    -0.980     0.170
     0.199    -0.976     0.085
     0.118    -0.985     0.124
     0.060    -0.991    -0.122
     0.200    -0.979     0.043
     0.282    -0.949     0.142
     0.228    -0.970     0.089
     0.201    -0.944     0.262
     0.305    -0.941     0.149
    -0.028    -0.998     0.060
     0.228    -0.961     0.156
     0.128    -0.973     0.194
     0.173    -0.985     0.016
     0.133    -0.959     0.249
     0.105    -0.992     0.066
     0.133    -0.952     0.275
     0.253    -0.967     0.008
     0.230    -0.963     0.140
     0.090    -0.992     0.089
     0.074    -0.967     0.243
     0.110    -0.987     0.120
     0.116    -0.985     0.127
     0.190    -0.979     0.069
     0.359    -0.933     0.041
     0.284    -0.950     0.130
     0.167    -0.982     0.087
     0.094    -0.981     0.171
     0.232    -0.960     0.157
     0.143    -0.990     0.004
     0.169    -0.974     0.151
     0.195    -0.980     0.044
     0.178    -0.979     0.099
    -0.010    -0.987     0.157
     0.167    -0.986    -0.008
     0.054    -0.998     0.031
     0.242    -0.957     0.158
     0.172    -0.962     0.213
     0.269    -0.870     0.412
     0.226    -0.974     0.023
     0.181    -0.984     0.007
     0.053    -0.981     0.189
     0.219    -0.971    -0.096
    -0.008    -0.998     0.064
     0.072    -0.997    -0.008
     0.232    -0.966     0.112
     0.097    -0.968     0.233
     0.278    -0.945     0.172
     0.122    -0.980     0.156
     0.323    -0.899     0.297
     0.156    -0.967     0.202
     0.320    -0.947     0.037
     0.100    -0.990     0.098
     0.085    -0.995     0.046
     0.335    -0.933     0.128
     0.136    -0.987     0.085
     0.269    -0.942     0.203
     0.194    -0.957     0.216
     0.024    -0.993     0.117
     0.000    -1.000     0.025
     0.151    -0.989    -0.000
     0.122    -0.985    -0.119
     0.180    -0.962     0.207
     0.273    -0.941     0.199
     0.357    -0.906     0.227
     0.094    -0.985     0.144
     0.150    -0.988     0.040
     0.104    -0.987     0.122
     0.148    -0.973     0.180
     0.107    -0.994    -0.002
     0.157    -0.973     0.169
     0.205    -0.978     0.041
     0.212    -0.972     0.097
     0.264    -0.957     0.122
     0.135    -0.986     0.094
     0.036    -0.959     0.280
     0.227    -0.971     0.076
     0.253    -0.956     0.148
     0.093    -0.995     0.035
     0.072    -0.990     0.118
     0.226    -0.938     0.261
     0.205    -0.978    -0.038
     0.290    -0.955     0.070
     0.218    -0.975     0.047
     0.236    -0.965     0.111
     0.110    -0.936     0.333
     0.094    -0.993     0.066
     0.082    -0.984     0.161
     0.370    -0.929     0.007
     0.169    -0.984     0.060
     0.163    -0.984     0.076
     0.061    -0.993     0.101
     0.321    -0.946     0.038
     0.006    -0.997    -0.079
    -0.079    -0.993     0.086
     0.257    -0.959     0.118
     0.125    -0.989    -0.084
     0.068    -0.973     0.222
     0.237    -0.969    -0.071
     0.121    -0.992     0.029
     0.016    -0.998     0.057
     0.245    -0.970     0.003
     0.206    -0.978     0.012
     0.088    -0.988     0.127
     0.006    -0.986     0.167
     0.238    -0.967     0.095
     0.222    -0.963     0.153
     0.152    -0.985     0.085
     0.199    -0.980    -0.004
     0.113    -0.983     0.146
     0.187    -0.970     0.157
     0.161    -0.986     0.053
     0.294    -0.952     0.082
     0.107    -0.976     0.189
     0.287    -0.940     0.182
     0.062    -0.983     0.172
     0.093    -0.991    -0.095
     0.084    -0.992     0.097
     0.114    -0.924     0.365
     0.280    -0.951     0.134
     0.317    -0.948     0.015
     0.099    -0.995     0.002
     0.139    -0.967     0.212
     0.190    -0.980     0.049
     0.067    -0.986     0.153
     0.205    -0.964     0.168
     0.008    -0.963     0.268
     0.172    -0.957     0.234
     0.164    -0.986     0.040
     0.344    -0.938    -0.052
     0.101    -0.967     0.235
     0.163    -0.972     0.169
     0.118    -0.970     0.211
     0.117    -0.957     0.265
    -0.060    -0.981     0.186
     0.219    -0.970     0.109
     0.199    -0.970     0.136
     0.265    -0.932     0.247
     0.168    -0.984     0.051
     0.176    -0.960     0.219
     0.240    -0.968     0.071
     0.107    -0.990     0.089
     0.222    -0.968     0.113
     0.020    -0.981     0.195
     0.298    -0.940     0.166
     0.102    -0.985     0.140
     0.131    -0.981     0.144
     0.284    -0.925     0.251
     0.291    -0.925     0.244
     0.198    -0.976     0.089
    -0.080    -0.992     0.096
     0.106    -0.994    -0.012
    -0.028    -0.979     0.202
     0.163    -0.985    -0.054
     0.079    -0.995     0.067
     0.234    -0.953     0.194
     0.396    -0.875     0.279
    -0.016    -1.000     0.019
     0.197    -0.962     0.187
     0.106    -0.994    -0.015
     0.234    -0.966     0.107
     0.079    -0.982     0.172
     0.102    -0.989     0.112
     0.133    -0.972    -0.191
     0.076    -0.991    -0.107
     0.312    -0.950     0.000
     0.079    -0.987     0.138
    -0.053    -0.998     0.022
     0.231    -0.946     0.226
     0.176    -0.984     0.035
     0.325    -0.936     0.137
     0.288    -0.954     0.085
     0.100    -0.979     0.177
     0.396    -0.909     0.129
     0.116    -0.925     0.361
    -0.021    -0.998     0.063
     0.089    -0.992     0.086
     0.055    -0.981     0.189
     0.208    -0.956     0.207
     0.103    -0.978     0.182
     0.027    -0.999     0.040
     0.186    -0.982     0.027
     0.058    -0.998     0.033
     0.112    -0.991     0.070
     0.009    -0.984     0.179
     0.164    -0.975     0.151
     0.186    -0.976     0.111
     0.111    -0.979     0.169
     0.115    -0.989     0.096
     0.139    -0.989     0.048
     0.223    -0.974    -0.050
     0.192    -0.981     0.024
     0.202    -0.978     0.060
     0.228    -0.963     0.147
     0.254    -0.956     0.148
     0.143    -0.988     0.066
    -0.031    -0.984     0.174
     0.145    -0.983     0.111
     0.065    -0.997     0.034
     0.037    -0.997     0.072
     0.248    -0.954     0.170
     0.182    -0.948     0.262
     0.146    -0.989     0.008
     0.045    -0.950     0.308
     0.126    -0.992     0.028
     0.176    -0.984    -0.017
     0.168    -0.981     0.099
    -0.029    -0.999    -0.025
     0.020    -0.998     0.062
     0.082    -0.994    -0.072
     0.302    -0.952    -0.056
     0.214    -0.972     0.101
     0.104    -0.993     0.062
     0.199    -0.972     0.125
     0.222    -0.962     0.157
     0.355    -0.934     0.043
     0.210    -0.964     0.162
     0.216    -0.962     0.166
     0.013    -0.995     0.102
     0.177    -0.981     0.076
     0.172    -0.967     0.188
    -0.027    -0.981     0.194
     0.240    -0.967     0.082
     0.216    -0.976    -0.004
    -0.146    -0.971     0.191
     0.360    -0.925    -0.118
     0.113    -0.992     0.055
     0.052    -0.979     0.196
     0.239    -0.965     0.109
     0.172    -0.978     0.121
     0.212    -0.977     0.018
     0.236    -0.959     0.159
     0.273    -0.952     0.136
     0.093    -0.994     0.054
    -0.082    -0.980     0.183
     0.127    -0.986     0.105
     0.248    -0.966    -0.072
     0.062    -0.998    -0.001
     0.073    -0.997    -0.035
     0.186    -0.976     0.109
     0.141    -0.990    -0.001
     0.211    -0.953     0.219
     0.103    -0.991     0.080
     0.059    -0.946     0.318
     0.200    -0.971    -0.131
     0.135    -0.985     0.106
     0.040    -0.961     0.272
     0.007    -0.957     0.289
     0.112    -0.990     0.085
     0.109    -0.994    -0.020
     0.227    -0.954     0.197
     0.080    -0.985     0.151
     0.200    -0.980    -0.018
     0.045    -0.995     0.083
     0.159    -0.979     0.128
     0.051    -0.951     0.304
     0.155    -0.962     0.225
     0.470    -0.857     0.212
     0.219    -0.975    -0.046
     0.195    -0.971     0.138
    -0.028    -0.999    -0.023
     0.374    -0.926     0.048
     0.261    -0.965     0.017
     0.215    -0.968     0.128
     0.194    -0.976     0.103
     0.225    -0.942     0.249
     0.115    -0.993     0.019
     0.331    -0.943    -0.043
     0.142    -0.983     0.117
     0.142    -0.988     0.060
     0.144    -0.983    -0.115
     0.104    -0.973     0.205
     0.147    -0.964     0.220
     0.109    -0.990     0.085
     0.051    -0.994     0.102
    -0.010    -0.981     0.193
     0.262    -0.960     0.102
     0.165    -0.985     0.049
     0.026    -0.990     0.141
     0.281    -0.943     0.177
     0.142    -0.982     0.121
     0.103    -0.983     0.149
     0.067    -0.997     0.029
     0.159    -0.972     0.172
     0.042    -0.989     0.145
     0.090    -0.973     0.213
     0.126    -0.992     0.016
     0.327    -0.945     0.002
     0.185    -0.982    -0.027
     0.163    -0.984     0.072
     0.212    -0.976     0.052
     0.222    -0.962     0.157
     0.094    -0.970     0.224
     0.022    -0.998     0.065
    -0.005    -0.993     0.120
     0.359    -0.929     0.083
     0.066    -0.998    -0.020
     0.117    -0.991     0.066
     0.096    -0.984     0.147
     0.301    -0.951     0.070
     0.011    -0.998     0.068
     0.165    -0.986     0.032
     0.137    -0.990     0.020
     0.321    -0.947     0.010
     0.171    -0.981     0.090
    -0.025    -0.997     0.078
     0.053    -0.998    -0.025
    -0.024    -0.980     0.196
     0.140    -0.964     0.225
     0.032    -0.993     0.113
     0.068    -0.967     0.244
     0.146    -0.982     0.121
     0.055    -0.998     0.032
     0.286    -0.955     0.079
     0.040    -0.997     0.071
     0.042    -0.998     0.043
     0.265    -0.959     0.097
     0.217    -0.969     0.115
     0.177    -0.981    -0.083
     0.275    -0.960     0.054
    -0.008    -0.979     0.202
     0.169    -0.977     0.127
     0.220    -0.976     0.005
     0.165    -0.979    -0.115
     0.114    -0.975     0.191
     0.098    -0.994     0.049
    -0.034    -0.988     0.149
     0.060    -0.981     0.187
     0.081    -0.997     0.020
     0.172    -0.984     0.044
     0.244    -0.961     0.129
     0.214    -0.972     0.093
     0.053    -0.989     0.139
     0.042    -0.994     0.097
     0.152    -0.988     0.015
     0.134    -0.988     0.076
     0.105    -0.994     0.021
     0.302    -0.952     0.044
     0.163    -0.981     0.108
     0.040    -0.970     0.241
     0.153    -0.985     0.086
     0.256    -0.966     0.020
     0.106    -0.994     0.020
     0.226    -0.971     0.074
     0.105    -0.983     0.148
     0.211    -0.942     0.262
     0.178    -0.982     0.067
     0.166    -0.968     0.188
     0.227    -0.971     0.078
     0.167    -0.948     0.270
     0.323    -0.946     0.018
     0.034    -0.999     0.023
    -0.042    -0.977     0.210
     0.284    -0.949    -0.141
     0.375    -0.925     0.065
     0.200    -0.980     0.021
     0.314    -0.949    -0.013
    -0.008    -0.999     0.036
     0.148    -0.978    -0.144
    -0.191    -0.973    -0.131
     0.255    -0.963     0.087
     0.096    -0.964     0.248
     0.126    -0.991    -0.052
     0.300    -0.947    -0.113
     0.342    -0.930     0.131
     0.239    -0.957     0.165
     0.113    -0.993    -0.020
     0.107    -0.955     0.276
     0.257    -0.963     0.081
     0.064    -0.989     0.133
     0.276    -0.950     0.143
     0.110    -0.982     0.155
     0.151    -0.988    -0.028
     0.140    -0.963     0.232
     0.167    -0.979     0.116
     0.064    -0.975     0.212
     0.082    -0.984     0.157
     0.119    -0.989    -0.090
     0.255    -0.964     0.074
    -0.078    -0.996     0.053
     0.060    -0.983     0.172
     0.091    -0.991    -0.094
     0.248    -0.957     0.149
     0.272    -0.961     0.057
     0.227    -0.974     0.011
     0.159    -0.986     0.050
     0.043    -0.984     0.172
     0.086    -0.996     0.030
     0.178    -0.984     0.006
     0.053    -0.980     0.193
     0.030    -0.994     0.102
     0.260    -0.965    -0.040
     0.230    -0.949     0.216
     0.164    -0.977    -0.138
     0.232    -0.972     0.032
     0.203    -0.978     0.044
     0.124    -0.992     0.036
     0.331    -0.907     0.260
     0.111    -0.959     0.262
     0.054    -0.996     0.066
     0.185    -0.964     0.190
     0.183    -0.982     0.036
     0.263    -0.924     0.279
     0.119    -0.988     0.097
     0.274    -0.950     0.151
     0.075    -0.997    -0.012
    -0.023    -0.966     0.258
     0.160    -0.981     0.106
     0.260    -0.956    -0.138
     0.049    -0.985     0.166
     0.337    -0.937     0.089
     0.149    -0.989     0.026
    -0.016    -1.000     0.012
     0.234    -0.946     0.223
     0.078    -0.997    -0.022
     0.170    -0.982    -0.082
     0.165    -0.985    -0.048
     0.201    -0.924     0.326
     0.156    -0.987    -0.036
     0.025    -1.000    -0.016
     0.053    -0.975     0.215
     0.210    -0.966     0.153
    -0.012    -0.996     0.092
     0.218    -0.969     0.114
     0.219    -0.969     0.115
     0.163    -0.984     0.067
     0.046    -0.991     0.122
     0.153    -0.983     0.102
     0.250    -0.955     0.161
     0.035    -0.996    -0.081
     0.312    -0.937     0.160
     0.132    -0.982     0.134
     0.141    -0.988    -0.055
    -0.077    -0.990     0.121
     0.179    -0.978     0.105
     0.257    -0.958     0.125
     0.193    -0.973     0.127
     0.234    -0.971     0.047
     0.157    -0.938     0.310
     0.105    -0.994    -0.020
     0.202    -0.967     0.154
     0.187    -0.976     0.112
     0.093    -0.990    -0.107
    -0.102    -0.954     0.282
     0.258    -0.966    -0.025
     0.127    -0.970     0.206
     0.184    -0.956     0.230
    -0.042    -0.992     0.118
     0.283    -0.957     0.071
     0.212    -0.954     0.211
     0.205    -0.979    -0.010
     0.198    -0.965     0.171
     0.245    -0.949     0.198
     0.138    -0.969     0.205
     0.164    -0.985     0.048
     0.048    -0.985     0.165
     0.227    -0.950     0.215
     0.156    -0.980     0.121
     0.147    -0.988    -0.046
    -0.006    -0.978     0.206
    -0.059    -0.987     0.147
     0.138    -0.950     0.280
     0.310    -0.929     0.201
     0.034    -0.975     0.218
     0.051    -0.991     0.123
     0.255    -0.958    -0.130
     0.087    -0.992     0.091
     0.273    -0.960     0.057
     0.224    -0.971    -0.089
     0.173    -0.985     0.018
     0.366    -0.930    -0.003
     0.171    -0.968     0.186
     0.066    -0.986     0.150
     0.154    -0.985     0.083
     0.233    -0.971     0.043
     0.057    -0.993     0.099
     0.106    -0.991     0.080
     0.200    -0.978    -0.063
     0.139    -0.945     0.296
     0.070    -0.990     0.125
    -0.015    -0.991     0.134
     0.160    -0.987     0.026
     0.279    -0.955     0.101
     0.018    -0.975     0.220
     0.083    -0.996    -0.038
     0.222    -0.961     0.165
     0.326    -0.918     0.228
     0.104    -0.987     0.121
    -0.086    -0.995    -0.047
     0.072    -0.987     0.142
     0.177    -0.979     0.100
     0.048    -0.999     0.025
    -0.071    -0.980     0.187
     0.207    -0.975     0.085
     0.098    -0.957     0.272
     0.178    -0.974     0.139
     0.007    -0.985     0.170
     0.025    -0.995     0.099
     0.131    -0.983     0.127
     0.296    -0.951     0.088
     0.191    -0.982    -0.009
     0.079    -0.984     0.162
     0.187    -0.954     0.233
     0.228    -0.946     0.230
     0.134    -0.989    -0.058
     0.369    -0.919     0.137
     0.131    -0.953     0.272
     0.356    -0.924     0.139
     0.165    -0.983    -0.082
     0.221    -0.954     0.202
     0.223    -0.957     0.186
     0.104    -0.992     0.073
     0.383    -0.917     0.115
     0.163    -0.987    -0.009
     0.145    -0.988     0.052
     0.225    -0.941     0.253
    -0.170    -0.971    -0.167
     0.288    -0.915     0.283
     0.241    -0.944     0.225
     0.115    -0.982     0.148
     0.085    -0.996    -0.022
     0.128    -0.982     0.137
     0.173    -0.984    -0.032
     0.119    -0.984     0.131
     0.346    -0.892     0.292
     0.037    -0.948     0.315
     0.111    -0.993     0.043
     0.043    -0.999     0.022
     0.117    -0.988    -0.096
     0.172    -0.984     0.042
     0.181    -0.981     0.065
     0.100    -0.995    -0.012
     0.150    -0.980     0.131
     0.308    -0.944     0.117
     0.185    -0.980     0.077
     0.203    -0.972     0.122
    -0.089    -0.995     0.051
     0.162    -0.977     0.139
     0.096    -0.993     0.071
    -0.031    -0.999     0.012
     0.321    -0.947     0.014
     0.124    -0.992    -0.036
    -0.075    -0.997     0.036
     0.223    -0.971     0.083
     0.096    -0.985     0.144
     0.003    -0.985     0.172
     0.082    -0.990     0.118
     0.061    -0.989     0.135
     0.077    -0.996    -0.049
     0.185    -0.979     0.090
    -0.042    -0.998    -0.043
     0.229    -0.973     0.006
     0.188    -0.963     0.192
     0.205    -0.960     0.192
    -0.004    -0.990     0.141
     0.203    -0.943     0.262
     0.120    -0.984     0.133
     0.114    -0.993    -0.029
     0.286    -0.956     0.069
     0.334    -0.943     0.017
     0.189    -0.971     0.144
     0.123    -0.982     0.143
     0.203    -0.931     0.302
     0.272    -0.941     0.203
     0.297    -0.949     0.109
     0.199    -0.959     0.199
     0.259    -0.962    -0.090
     0.045    -0.993     0.109
     0.239    -0.971     0.017
    -0.032    -0.998     0.051
     0.194    -0.970     0.148
    -0.011    -0.991     0.133
    -0.068    -0.967     0.247
     0.182    -0.965     0.188
     0.110    -0.991     0.077
     0.062    -0.992     0.109
     0.154    -0.949     0.275
     0.283    -0.943     0.175
     0.135    -0.984     0.118
     0.230    -0.963     0.144
     0.204    -0.974     0.103
     0.165    -0.986     0.026
     0.293    -0.944     0.155
     0.102    -0.994     0.047
     0.085    -0.996    -0.010
     0.250    -0.962     0.110
     0.064    -0.998    -0.028
     0.173    -0.979     0.108
     0.068    -0.984     0.165
     0.191    -0.968     0.161
     0.211    -0.954     0.211
    -0.026    -0.985     0.173
     0.159    -0.977     0.140
    -0.028    -0.993    -0.111
    -0.044    -0.990     0.131
     0.201    -0.977    -0.073
     0.158    -0.984     0.083
     0.368    -0.905     0.212
     0.009    -0.999     0.052
    -0.026    -0.994     0.108
     0.090    -0.995     0.049
     0.163    -0.964    -0.210
     0.157    -0.987     0.022
     0.298    -0.944     0.144
     0.225    -0.974     0.031
     0.212    -0.977     0.036
     0.079    -0.997     0.021
     0.168    -0.972     0.167
     0.029    -0.999     0.036
     0.152    -0.958     0.244
     0.102    -0.975     0.197
     0.134    -0.969     0.210
     0.098    -0.977     0.189
     0.121    -0.991     0.058
     0.205    -0.978    -0.033
     0.213    -0.977     0.016
     0.124    -0.984     0.130
    -0.025    -0.974     0.223
     0.196    -0.962     0.189
     0.190    -0.976     0.104
     0.061    -0.987     0.152
     0.245    -0.969    -0.012
     0.260    -0.964     0.052
     0.103    -0.995     0.009
     0.028    -0.975    -0.219
     0.114    -0.967     0.228
     0.126    -0.992    -0.013
     0.282    -0.955    -0.093
     0.118    -0.993    -0.005
     0.150    -0.986     0.078
     0.152    -0.982     0.109
    -0.003    -0.993    -0.119
     0.282    -0.959    -0.024
     0.071    -0.997     0.031
     0.155    -0.966     0.209
     0.294    -0.954    -0.056
     0.140    -0.947     0.288
    -0.015    -0.991     0.135
     0.076    -0.995     0.070
     0.065    -0.989     0.132
     0.179    -0.984     0.023
     0.325    -0.939     0.110
     0.168    -0.980     0.105
     0.118    -0.963     0.240
     0.300    -0.938     0.175
     0.280    -0.954     0.106
     0.156    -0.978     0.140
     0.314    -0.949    -0.017
     0.064    -0.990     0.125
     0.455    -0.890    -0.021
     0.290    -0.957    -0.023
     0.260    -0.942     0.212
     0.137    -0.972     0.193
     0.339    -0.917     0.209
     0.009    -0.992     0.123
     0.281    -0.950    -0.138
     0.231    -0.966     0.112
     0.008    -0.996     0.091
     0.062    -0.989     0.135
     0.042    -0.999    -0.009
    -0.124    -0.991     0.051
     0.086    -0.992    -0.095
     0.313    -0.941     0.132
     0.045    -0.995    -0.093
     0.167    -0.982     0.088
     0.358    -0.933     0.030
     0.240    -0.938     0.249
     0.083    -0.996     0.025
     0.129    -0.985     0.114
     0.329    -0.934     0.138
     0.293    -0.952     0.091
     0.281    -0.959     0.024
     0.046    -0.990     0.133
     0.187    -0.980     0.069
     0.292    -0.954     0.072
     0.166    -0.980     0.113
     0.166    -0.982     0.091
     0.299    -0.946     0.122
     0.196    -0.953     0.230
     0.271    -0.932     0.240
     0.263    -0.956     0.131
     0.056    -0.995     0.080
     0.231    -0.971     0.058
     0.077    -0.986     0.148
     0.114    -0.992     0.061
     0.191    -0.977     0.099
     0.352    -0.919     0.181
     0.063    -0.978     0.198
     0.401    -0.885     0.236
     0.198    -0.966     0.167
     0.048    -0.992     0.114
     0.140    -0.977     0.160
     0.213    -0.974     0.076
     0.222    -0.970     0.096
     0.165    -0.986     0.003
     0.247    -0.967     0.061
     0.309    -0.948     0.070
     0.162    -0.984     0.072
     0.062    -0.977     0.202
     0.246    -0.965     0.091
     0.065    -0.981     0.182
     0.097    -0.974     0.207
     0.138    -0.988     0.073
     0.116    -0.990    -0.079
     0.094    -0.993    -0.066
     0.017    -0.997     0.079
     0.245    -0.967     0.072
     0.143    -0.957     0.252
     0.264    -0.965     0.007
     0.171    -0.985     0.024
     0.282    -0.927     0.248
     0.204    -0.941     0.270
     0.248    -0.967     0.053
     0.158    -0.987    -0.025
     0.217    -0.974     0.062
     0.326    -0.938     0.119
     0.090    -0.989     0.114
     0.100    -0.990     0.103
     0.190    -0.982     0.002
     0.084    -0.995     0.059
     0.166    -0.982     0.086
     0.072    -0.985     0.156
     0.078    -0.996    -0.043
    -0.010    -0.981     0.195
     0.045    -0.992    -0.120
     0.241    -0.968     0.073
     0.068    -0.997    -0.028
     0.113    -0.993     0.017
     0.323    -0.944    -0.061
     0.127    -0.989     0.071
     0.287    -0.958     0.005
     0.257    -0.963    -0.079
     0.154    -0.987     0.045
     0.168    -0.972     0.162
     0.111    -0.928     0.356
     0.182    -0.982    -0.057
     0.100    -0.995     0.015
     0.096    -0.995     0.036
     0.107    -0.992     0.062
     0.079    -0.997     0.020
     0.230    -0.969     0.091
     0.271    -0.957    -0.104
    -0.047    -0.991     0.124
     0.513    -0.858    -0.012
     0.131    -0.990     0.051
     0.341    -0.939    -0.041
     0.380    -0.924     0.037
     0.089    -0.994    -0.061
     0.218    -0.973    -0.076
     0.291    -0.953     0.081
     0.054    -0.990     0.127
     0.306    -0.952     0.021
     0.118    -0.993     0.007
     0.254    -0.912     0.321
     0.119    -0.980     0.160
     0.102    -0.964     0.246
     0.201    -0.969     0.145
     0.131    -0.991     0.006
    -0.009    -0.972     0.237
     0.119    -0.989    -0.093
     0.267    -0.960     0.087
     0.007    -0.969     0.249
     0.262    -0.949     0.173
     0.074    -0.982     0.171
     0.128    -0.991    -0.036
     0.151    -0.988     0.045
     0.220    -0.975     0.032
     0.347    -0.928     0.139
     0.387    -0.922     0.018
     0.086    -0.995     0.058
     0.167    -0.986     0.030
     0.065    -0.976     0.206
     0.179    -0.983    -0.039
     0.154    -0.966     0.208
     0.067    -0.991     0.114
     0.279    -0.958     0.071
     0.142    -0.982     0.126
     0.194    -0.970     0.148
     0.181    -0.975     0.129
     0.377    -0.898     0.227
     0.073    -0.997    -0.019
     0.188    -0.981    -0.055
     0.224    -0.901     0.372
     0.223    -0.974    -0.043
     0.174    -0.985     0.007
     0.173    -0.974     0.143
     0.397    -0.905     0.155
     0.241    -0.916     0.322
     0.048    -0.976     0.211
     0.152    -0.986     0.065
     0.232    -0.946     0.225
     0.330    -0.931     0.157
     0.159    -0.983     0.094
     0.124    -0.992     0.021
     0.024    -0.993     0.113
    -0.006    -0.997     0.075
     0.114    -0.976     0.187
     0.103    -0.985     0.139
     0.331    -0.938    -0.106
     0.082    -0.988     0.132
     0.018    -0.969     0.245
     0.342    -0.939     0.015
     0.200    -0.976     0.082
     0.254    -0.964     0.078
     0.131    -0.978     0.161
     0.309    -0.951    -0.009
     0.174    -0.978     0.115
     0.139    -0.990    -0.028
     0.271    -0.962     0.019
     0.117    -0.990     0.084
     0.203    -0.976     0.076
     0.144    -0.968     0.205
     0.210    -0.965     0.156
