     0.066    -0.962    -0.266
    -0.098    -0.945    -0.311
    -0.004    -0.990    -0.138
     0.136    -0.990     0.044
     0.043    -0.977    -0.208
     0.113    -0.975    -0.192
    -0.051    -0.992    -0.116
     0.044    -0.966    -0.253
     0.039    -0.961    -0.275
     0.013    -0.961    -0.276
     0.234    -0.955    -0.182
     0.103    -0.938    -0.331
     0.026    -0.999    -0.039
     0.019    -0.991    -0.133
     0.331    -0.941    -0.062
    -0.004    -0.951    -0.308
     0.025    -0.994    -0.106
    -0.004    -0.973    -0.233
    -0.100    -0.974    -0.204
     0.155    -0.928    -0.337
     0.084    -0.937    -0.340
     0.027    -0.992    -0.125
     0.123    -0.978    -0.170
     0.091    -0.989    -0.120
     0.177    -0.939    -0.296
     0.119    -0.987    -0.110
    -0.045    -0.974    -0.223
     0.046    -0.991    -0.125
     0.038    -0.934    -0.356
     0.244    -0.953    -0.182
     0.019    -0.995    -0.102
    -0.061    -0.990    -0.126
    -0.040    -0.929    -0.368
     0.180    -0.961    -0.209
     0.002    -0.985    -0.174
     0.075    -0.937    -0.342
    -0.003    -0.965    -0.262
     0.147    -0.972    -0.183
     0.094    -0.924    -0.370
     0.065    -0.984    -0.167
     0.180    -0.928    -0.326
     0.042    -0.978    -0.205
     0.086    -0.979    -0.187
     0.205    -0.931    -0.303
     0.182    -0.962    -0.205
    -0.039    -0.980    -0.193
     0.028    -0.981    -0.190
     0.021    -0.940    -0.340
    -0.032    -0.972    -0.231
     0.196    -0.935    -0.294
     0.001    -0.992    -0.129
     0.131    -0.923    -0.363
    -0.048    -0.972    -0.231
    -0.021    -0.989    -0.146
     0.120    -0.962    -0.246
     0.044    -0.920    -0.390
     0.122    -0.933    -0.337
     0.147    -0.958    -0.248
    -0.035    -0.968    -0.247
    -0.010    -0.947    -0.320
    -0.121    -0.945    -0.305
     0.012    -0.956    -0.293
     0.029    -0.945    -0.326
     0.059    -0.960    -0.274
     0.092    -0.953    -0.290
     0.172    -0.922    -0.346
     0.134    -0.974    -0.184
     0.144    -0.923    -0.357
    -0.025    -0.998    -0.063
     0.020    -0.960    -0.279
     0.015    -0.965    -0.262
     0.090    -0.961    -0.261
     0.067    -0.979    -0.193
     0.125    -0.987    -0.104
    -0.054    -0.986    -0.156
     0.173    -0.973    -0.151
     0.019    -0.949    -0.316
     0.006    -0.935    -0.354
     0.088    -0.961    -0.262
     0.047    -0.980    -0.196
     0.137    -0.919    -0.370
    -0.003    -0.968    -0.250
    -0.012    -0.951    -0.309
     0.063    -0.981    -0.185
    -0.002    -0.990    -0.144
     0.182    -0.956    -0.231
     0.171    -0.964    -0.204
     0.146    -0.981    -0.125
     0.021    -0.983    -0.184
     0.084    -0.958    -0.275
     0.173    -0.938    -0.301
    -0.049    -0.967    -0.249
    -0.091    -0.990    -0.107
     0.046    -0.956    -0.291
     0.014    -0.983    -0.183
     0.002    -0.955    -0.295
     0.137    -0.965    -0.226
     0.117    -0.954    -0.276
    -0.026    -0.997    -0.078
     0.017    -0.987    -0.160
     0.101    -0.924    -0.370
     0.022    -0.980    -0.200
     0.181    -0.942    -0.282
     0.177    -0.905    -0.387
     0.026    -0.964    -0.266
     0.164    -0.921    -0.353
    -0.013    -1.000    -0.011
     0.092    -0.962    -0.257
    -0.031    -0.994    -0.106
    -0.010    -0.914    -0.405
    -0.027    -0.993    -0.116
     0.052    -0.960    -0.275
     0.058    -0.982    -0.179
     0.054    -0.911    -0.408
    -0.112    -0.975    -0.192
     0.147    -0.971    -0.190
     0.091    -0.982    -0.167
     0.074    -0.968    -0.240
     0.085    -0.948    -0.306
     0.149    -0.985    -0.087
     0.097    -0.973    -0.209
     0.034    -0.948    -0.317
