     0.438     0.639    -0.632
     0.294     0.777    -0.556
     0.676     0.255    -0.692
     0.055     0.625    -0.779
     0.283     0.821    -0.496
     0.659     0.435    -0.614
     0.290     0.543    -0.788
     0.390     0.375    -0.841
     0.535     0.685    -0.495
    -0.006     0.653    -0.757
     0.499     0.540    -0.678
     0.039     0.689    -0.724
     0.395     0.477    -0.785
     0.292     0.680    -0.672
     0.406     0.695    -0.593
     0.534     0.466    -0.705
     0.164     0.412    -0.896
     0.040     0.635    -0.771
     0.325     0.723    -0.610
     0.098     0.680    -0.727
     0.406     0.724    -0.558
     0.357     0.694    -0.625
     0.168     0.662    -0.731
     0.354     0.411    -0.840
     0.362     0.738    -0.569
     0.385     0.856    -0.345
     0.114     0.820    -0.562
     0.517     0.531    -0.672
     0.509     0.765    -0.395
    -0.138     0.364    -0.921
     0.380     0.903    -0.202
     0.295     0.638    -0.712
     0.232     0.540    -0.809
     0.170     0.813    -0.557
     0.559     0.661    -0.501
     0.168     0.655    -0.736
     0.306     0.890    -0.337
     0.516     0.677    -0.526
     0.443     0.481    -0.757
     0.260     0.782    -0.567
     0.617     0.602    -0.506
     0.415     0.707    -0.572
     0.380     0.686    -0.621
     0.087     0.633    -0.769
     0.340     0.664    -0.666
     0.274     0.412    -0.869
     0.247     0.621    -0.744
     0.006     0.725    -0.689
     0.314     0.859    -0.405
     0.530     0.667    -0.523
     0.092     0.297    -0.951
     0.266     0.608    -0.748
     0.213     0.786    -0.581
     0.282     0.561    -0.779
     0.045     0.714    -0.699
     0.435     0.775    -0.458
     0.276     0.663    -0.696
     0.404     0.617    -0.675
     0.217     0.716    -0.664
     0.432     0.647    -0.629
     0.169     0.663    -0.730
     0.200     0.711    -0.675
     0.627     0.499    -0.598
     0.405     0.780    -0.478
     0.296     0.348    -0.889
    -0.053     0.623    -0.781
     0.396     0.619    -0.678
     0.351     0.832    -0.429
     0.363     0.322    -0.874
     0.227     0.783    -0.579
     0.506     0.316    -0.803
     0.342     0.560    -0.755
     0.666     0.287    -0.689
     0.499     0.599    -0.626
     0.764     0.403    -0.505
     0.527     0.730    -0.434
     0.405     0.564    -0.720
     0.252     0.658    -0.709
     0.201     0.700    -0.686
     0.526     0.543    -0.654
     0.670     0.495    -0.554
     0.298     0.652    -0.697
     0.176     0.646    -0.743
     0.539     0.612    -0.578
     0.051     0.490    -0.870
     0.339     0.657    -0.673
     0.424     0.600    -0.678
     0.243     0.422    -0.874
     0.312     0.509    -0.802
     0.505     0.646    -0.571
     0.332     0.533    -0.778
     0.610     0.684    -0.399
     0.378     0.565    -0.733
     0.406     0.722    -0.561
     0.268     0.870    -0.413
     0.182     0.842    -0.508
     0.012     0.568    -0.823
     0.549     0.641    -0.536
     0.114     0.588    -0.801
     0.245     0.839    -0.485
     0.070     0.765    -0.640
     0.202     0.645    -0.737
     0.633     0.215    -0.743
     0.637     0.647    -0.419
     0.435     0.544    -0.717
     0.495     0.773    -0.396
     0.337     0.721    -0.605
     0.711     0.450    -0.540
     0.494     0.400    -0.772
     0.417     0.824    -0.384
     0.310     0.841    -0.444
     0.318     0.726    -0.610
     0.240     0.773    -0.588
     0.406     0.607    -0.683
     0.159     0.736    -0.658
     0.656     0.584    -0.478
     0.534     0.479    -0.696
     0.429     0.699    -0.572
     0.353     0.501    -0.791
     0.325     0.871    -0.368
     0.310     0.725    -0.615
     0.433     0.635    -0.639
     0.290     0.568    -0.770
     0.218     0.499    -0.839
     0.423     0.674    -0.605
     0.174     0.643    -0.746
     0.340     0.680    -0.650
     0.428     0.757    -0.493
     0.413     0.740    -0.530
     0.154     0.543    -0.825
     0.421     0.721    -0.551
     0.238     0.685    -0.689
     0.507     0.749    -0.427
     0.407     0.518    -0.752
     0.477     0.454    -0.752
     0.160     0.793    -0.587
     0.089     0.799    -0.594
     0.386     0.586    -0.713
     0.149     0.789    -0.596
     0.328     0.659    -0.678
     0.395     0.712    -0.581
     0.573     0.460    -0.678
     0.421     0.535    -0.733
     0.349     0.831    -0.433
     0.543     0.698    -0.466
     0.215     0.570    -0.793
    -0.031     0.791    -0.611
     0.218     0.830    -0.514
     0.314     0.567    -0.762
     0.106     0.781    -0.616
     0.446     0.661    -0.604
     0.234     0.564    -0.792
     0.409     0.698    -0.588
     0.352     0.644    -0.680
     0.370     0.540    -0.756
     0.571     0.652    -0.499
     0.575     0.487    -0.658
     0.128     0.703    -0.699
     0.531     0.619    -0.579
     0.319     0.523    -0.791
     0.064     0.638    -0.767
     0.015     0.833    -0.553
     0.264     0.810    -0.523
     0.206     0.668    -0.715
     0.452     0.421    -0.786
     0.172     0.754    -0.634
     0.283     0.491    -0.824
     0.184     0.806    -0.563
     0.233     0.780    -0.581
     0.195     0.759    -0.621
     0.471     0.379    -0.797
     0.461     0.614    -0.641
     0.227     0.732    -0.642
     0.303     0.687    -0.660
     0.416     0.673    -0.611
     0.097     0.604    -0.791
     0.281     0.749    -0.601
     0.178     0.568    -0.803
     0.288     0.563    -0.775
     0.135     0.549    -0.825
     0.447     0.607    -0.657
     0.275     0.821    -0.501
     0.513     0.591    -0.623
     0.229     0.696    -0.681
    -0.158     0.666    -0.729
     0.203     0.760    -0.617
     0.222     0.910    -0.350
     0.419     0.626    -0.657
     0.444     0.500    -0.743
     0.417     0.652    -0.633
     0.135     0.715    -0.686
     0.261     0.594    -0.761
     0.198     0.614    -0.764
     0.062     0.780    -0.622
     0.375     0.846    -0.379
     0.169     0.548    -0.820
     0.676     0.486    -0.554
     0.430     0.444    -0.786
     0.136     0.648    -0.749
     0.289     0.880    -0.378
     0.593     0.631    -0.500
     0.338     0.752    -0.566
     0.803     0.455    -0.385
     0.717     0.502    -0.484
     0.247     0.543    -0.803
     0.375     0.384    -0.844
     0.308     0.410    -0.858
     0.652     0.179    -0.737
    -0.024     0.695    -0.718
    -0.011     0.801    -0.598
     0.353     0.761    -0.545
     0.546     0.425    -0.722
     0.617     0.342    -0.708
     0.444     0.710    -0.547
     0.411     0.600    -0.687
     0.328     0.684    -0.651
     0.572     0.624    -0.532
     0.392     0.738    -0.549
     0.571     0.424    -0.703
     0.556     0.325    -0.765
     0.349     0.718    -0.602
     0.263     0.619    -0.740
     0.567     0.453    -0.688
     0.385     0.685    -0.619
     0.362     0.616    -0.699
     0.502     0.642    -0.579
     0.221     0.528    -0.820
     0.513     0.710    -0.481
     0.284     0.637    -0.717
     0.618     0.291    -0.730
     0.357     0.609    -0.708
     0.274     0.881    -0.385
     0.483     0.504    -0.716
     0.375     0.563    -0.736
     0.305     0.525    -0.795
     0.393     0.723    -0.568
     0.511     0.720    -0.470
     0.531     0.515    -0.673
     0.474     0.763    -0.439
     0.142     0.823    -0.550
     0.366     0.471    -0.803
     0.373     0.586    -0.719
     0.370     0.652    -0.661
     0.478     0.459    -0.749
     0.524     0.683    -0.509
     0.392     0.746    -0.539
     0.522     0.509    -0.685
     0.285     0.677    -0.678
     0.540     0.545    -0.642
     0.036     0.735    -0.678
     0.369     0.527    -0.765
     0.230     0.631    -0.741
     0.183     0.744    -0.643
     0.429     0.576    -0.696
     0.258     0.630    -0.732
     0.075     0.830    -0.553
     0.074     0.438    -0.896
     0.150     0.509    -0.848
     0.581     0.502    -0.641
     0.385     0.579    -0.719
     0.564     0.685    -0.461
     0.417     0.420    -0.806
     0.135     0.749    -0.649
     0.300     0.341    -0.891
     0.350     0.664    -0.661
     0.667     0.475    -0.573
     0.490     0.369    -0.790
     0.471     0.587    -0.659
     0.670     0.396    -0.628
     0.421     0.471    -0.775
     0.462     0.611    -0.643
     0.321     0.368    -0.873
     0.364     0.737    -0.570
    -0.123     0.656    -0.744
     0.347     0.349    -0.871
     0.458     0.828    -0.323
     0.420     0.758    -0.499
     0.443     0.422    -0.791
     0.443     0.705    -0.553
     0.474     0.599    -0.645
     0.315     0.580    -0.751
     0.209     0.537    -0.818
     0.307     0.687    -0.658
     0.317     0.571    -0.757
     0.101     0.928    -0.359
     0.390     0.579    -0.716
    -0.025     0.512    -0.859
     0.447     0.569    -0.690
     0.425     0.464    -0.777
     0.413     0.626    -0.661
     0.297     0.605    -0.739
     0.211     0.857    -0.469
     0.519     0.672    -0.529
     0.128     0.804    -0.581
     0.048     0.524    -0.851
     0.379     0.629    -0.679
     0.307     0.872    -0.382
     0.367     0.628    -0.686
     0.494     0.528    -0.691
     0.742     0.405    -0.535
     0.281     0.360    -0.890
     0.205     0.678    -0.706
     0.476     0.825    -0.306
     0.393     0.640    -0.660
     0.314     0.452    -0.835
     0.111     0.732    -0.672
     0.523     0.807    -0.274
     0.529     0.646    -0.550
     0.563     0.296    -0.772
     0.299     0.667    -0.683
     0.392     0.586    -0.709
     0.104     0.486    -0.868
     0.119     0.613    -0.781
     0.189     0.376    -0.907
     0.310     0.645    -0.699
     0.273     0.587    -0.762
     0.180     0.875    -0.449
     0.083     0.717    -0.692
     0.287     0.692    -0.662
     0.275     0.690    -0.669
     0.076     0.628    -0.775
     0.195     0.766    -0.613
     0.264     0.571    -0.777
     0.447     0.589    -0.673
     0.436     0.579    -0.689
     0.401     0.607    -0.686
     0.244     0.617    -0.748
     0.338     0.598    -0.727
     0.234     0.443    -0.865
    -0.093     0.656    -0.749
     0.639     0.399    -0.657
     0.135     0.811    -0.569
     0.497     0.797    -0.343
     0.321     0.485    -0.814
     0.299     0.733    -0.611
     0.245     0.422    -0.873
     0.576     0.562    -0.594
     0.100     0.631    -0.770
     0.244     0.670    -0.701
     0.449     0.629    -0.634
     0.383     0.627    -0.679
     0.573     0.552    -0.606
     0.179     0.970    -0.167
     0.248     0.710    -0.659
     0.567     0.478    -0.671
     0.544     0.678    -0.495
     0.562     0.584    -0.586
     0.462     0.623    -0.631
     0.261     0.862    -0.435
     0.358     0.506    -0.785
     0.438     0.518    -0.735
     0.326     0.659    -0.678
     0.194     0.726    -0.660
     0.185     0.797    -0.575
     0.176     0.763    -0.622
     0.376     0.676    -0.634
     0.389     0.842    -0.375
     0.015     0.648    -0.762
     0.418     0.557    -0.717
     0.173     0.767    -0.618
     0.460     0.495    -0.737
     0.282     0.654    -0.702
     0.554     0.521    -0.649
     0.479     0.595    -0.646
     0.431     0.831    -0.352
     0.445     0.501    -0.743
     0.593     0.633    -0.498
     0.449     0.263    -0.854
     0.377     0.708    -0.597
     0.127     0.824    -0.552
     0.233     0.656    -0.718
     0.425     0.520    -0.741
     0.439     0.489    -0.753
     0.459     0.850    -0.258
     0.394     0.730    -0.558
     0.326     0.738    -0.591
     0.605     0.623    -0.496
     0.482     0.475    -0.736
     0.285     0.818    -0.500
     0.447     0.738    -0.504
     0.283     0.673    -0.683
     0.123     0.701    -0.702
     0.381     0.714    -0.587
     0.712     0.462    -0.529
     0.314     0.697    -0.644
     0.768     0.604    -0.212
     0.568     0.512    -0.645
     0.193     0.584    -0.789
     0.460     0.717    -0.524
     0.283     0.773    -0.567
     0.365     0.659    -0.658
     0.271     0.730    -0.627
     0.347     0.664    -0.663
     0.168     0.868    -0.467
     0.527     0.585    -0.616
     0.431     0.682    -0.590
     0.302     0.671    -0.677
     0.502     0.563    -0.657
     0.463     0.507    -0.727
     0.522     0.699    -0.488
     0.373     0.851    -0.369
     0.645     0.626    -0.438
     0.658     0.573    -0.488
     0.477     0.527    -0.704
     0.115     0.830    -0.547
     0.034     0.656    -0.754
     0.408     0.497    -0.765
     0.565     0.628    -0.536
     0.632     0.637    -0.441
     0.395     0.608    -0.688
     0.527     0.403    -0.748
     0.134     0.707    -0.694
    -0.041     0.582    -0.812
     0.430     0.611    -0.664
     0.368     0.669    -0.646
     0.118     0.595    -0.795
     0.393     0.708    -0.587
     0.296     0.569    -0.767
     0.391     0.852    -0.347
     0.299     0.706    -0.642
     0.315     0.561    -0.766
     0.334     0.796    -0.506
     0.377     0.582    -0.721
    -0.034     0.515    -0.857
     0.277     0.524    -0.806
     0.398     0.605    -0.690
     0.335     0.716    -0.613
     0.405     0.256    -0.878
     0.273     0.513    -0.814
     0.419     0.737    -0.531
     0.358     0.443    -0.822
     0.216     0.729    -0.649
     0.244     0.805    -0.541
     0.507     0.746    -0.431
     0.266     0.641    -0.719
     0.453     0.669    -0.589
     0.100     0.828    -0.552
     0.354     0.631    -0.691
     0.205     0.457    -0.866
     0.609     0.391    -0.690
    -0.070     0.642    -0.764
     0.407     0.495    -0.768
     0.560     0.551    -0.618
     0.308     0.587    -0.749
     0.399     0.730    -0.555
     0.183     0.636    -0.750
     0.148     0.627    -0.765
     0.517     0.439    -0.735
     0.573     0.550    -0.608
     0.175     0.793    -0.583
     0.278     0.662    -0.696
     0.334     0.585    -0.739
     0.473     0.453    -0.756
     0.705     0.432    -0.562
     0.309     0.697    -0.647
     0.375     0.465    -0.802
     0.160     0.642    -0.750
     0.337     0.572    -0.748
     0.468     0.622    -0.627
     0.683     0.656    -0.322
     0.617     0.688    -0.381
     0.457     0.692    -0.560
     0.239     0.641    -0.730
     0.126     0.713    -0.690
     0.471     0.590    -0.656
     0.567     0.553    -0.610
     0.353     0.697    -0.624
     0.340     0.747    -0.571
     0.552     0.385    -0.740
     0.026     0.579    -0.815
     0.677     0.600    -0.427
     0.653     0.682    -0.328
     0.401     0.533    -0.745
     0.544     0.615    -0.571
     0.543     0.628    -0.557
     0.648     0.515    -0.562
     0.276     0.401    -0.874
     0.367     0.379    -0.849
     0.657     0.630    -0.415
     0.262     0.372    -0.891
     0.612     0.575    -0.543
     0.239     0.719    -0.653
     0.267     0.909    -0.320
     0.249     0.740    -0.625
     0.601     0.411    -0.685
     0.252     0.804    -0.539
     0.433     0.771    -0.466
     0.315     0.657    -0.685
     0.483     0.744    -0.461
     0.364     0.560    -0.744
     0.089     0.517    -0.851
     0.304     0.761    -0.573
     0.441     0.257    -0.860
     0.098     0.703    -0.704
     0.388     0.774    -0.501
     0.510     0.344    -0.788
     0.486     0.301    -0.820
     0.000     0.661    -0.750
     0.589     0.432    -0.683
     0.475     0.735    -0.484
     0.424     0.473    -0.772
     0.355     0.575    -0.737
     0.532     0.436    -0.726
     0.632     0.399    -0.664
     0.240     0.477    -0.845
     0.421     0.719    -0.553
     0.233     0.887    -0.399
     0.283     0.658    -0.698
     0.092     0.660    -0.746
     0.548     0.446    -0.708
     0.494     0.683    -0.537
     0.521     0.545    -0.657
     0.553     0.478    -0.683
     0.445     0.602    -0.663
     0.312     0.780    -0.542
     0.101     0.594    -0.798
     0.103     0.614    -0.783
     0.704     0.537    -0.465
     0.333     0.673    -0.661
     0.191     0.776    -0.601
     0.100     0.654    -0.750
     0.354     0.731    -0.583
     0.554     0.606    -0.571
     0.475     0.486    -0.734
     0.352     0.559    -0.751
     0.383     0.753    -0.535
     0.225     0.762    -0.607
     0.257     0.402    -0.879
     0.004     0.544    -0.839
     0.506     0.627    -0.592
     0.312     0.488    -0.815
     0.478     0.547    -0.687
     0.497     0.303    -0.813
     0.202     0.556    -0.806
     0.469     0.321    -0.823
     0.387     0.799    -0.460
    -0.071     0.630    -0.774
     0.455     0.652    -0.607
     0.388     0.716    -0.580
     0.578     0.612    -0.540
     0.191     0.563    -0.804
     0.254     0.331    -0.909
     0.172     0.780    -0.602
     0.385     0.668    -0.637
     0.598     0.543    -0.590
     0.417     0.294    -0.860
     0.434     0.505    -0.746
     0.483     0.523    -0.703
     0.247     0.639    -0.728
     0.399     0.565    -0.722
    -0.080     0.816    -0.573
     0.175     0.542    -0.822
     0.142     0.714    -0.686
     0.227     0.705    -0.672
     0.234     0.619    -0.750
     0.299     0.625    -0.722
     0.299     0.386    -0.873
     0.651     0.666    -0.364
     0.163     0.506    -0.847
     0.737     0.515    -0.437
     0.248     0.655    -0.714
     0.378     0.767    -0.519
    -0.037     0.832    -0.554
     0.592     0.414    -0.691
     0.150     0.622    -0.768
     0.376     0.747    -0.548
     0.232     0.504    -0.832
     0.512     0.477    -0.714
     0.076     0.700    -0.710
     0.362     0.236    -0.902
     0.389     0.404    -0.828
     0.556     0.790    -0.257
     0.300     0.635    -0.712
     0.007     0.625    -0.781
     0.047     0.672    -0.739
     0.364     0.552    -0.750
     0.287     0.823    -0.490
     0.293     0.812    -0.505
     0.527     0.612    -0.590
     0.117     0.501    -0.857
     0.431     0.537    -0.726
     0.171     0.677    -0.716
     0.331     0.598    -0.730
     0.367     0.640    -0.675
     0.182     0.475    -0.861
     0.598     0.733    -0.326
     0.337     0.636    -0.694
     0.523     0.270    -0.809
     0.077     0.704    -0.706
     0.353     0.913    -0.205
     0.514     0.429    -0.743
     0.591     0.513    -0.622
     0.576     0.386    -0.720
     0.474     0.297    -0.829
     0.198     0.771    -0.606
     0.331     0.668    -0.667
     0.423     0.829    -0.365
     0.224     0.531    -0.817
     0.372     0.779    -0.504
     0.643     0.440    -0.627
     0.199     0.764    -0.614
     0.386     0.812    -0.437
     0.288     0.810    -0.511
     0.621     0.569    -0.539
     0.259     0.767    -0.586
     0.292     0.335    -0.896
     0.517     0.772    -0.370
     0.326     0.754    -0.570
     0.550     0.425    -0.719
     0.578     0.413    -0.703
    -0.005     0.754    -0.657
    -0.033     0.810    -0.586
     0.426     0.722    -0.545
     0.102     0.714    -0.692
     0.405     0.672    -0.620
     0.374     0.679    -0.633
     0.272     0.702    -0.659
     0.290     0.671    -0.682
     0.211     0.681    -0.701
     0.292     0.677    -0.675
     0.299     0.503    -0.811
     0.665     0.507    -0.548
     0.430     0.461    -0.776
     0.538     0.274    -0.797
     0.299     0.750    -0.590
     0.495     0.514    -0.701
     0.550     0.562    -0.618
     0.006     0.844    -0.536
     0.227     0.856    -0.465
     0.172     0.635    -0.753
     0.384     0.701    -0.601
     0.553     0.576    -0.602
     0.386     0.738    -0.553
     0.339     0.701    -0.628
     0.504     0.521    -0.688
     0.194     0.670    -0.716
     0.473     0.551    -0.687
     0.311     0.701    -0.642
     0.353     0.518    -0.780
     0.228     0.868    -0.440
     0.548     0.417    -0.725
     0.438     0.337    -0.834
     0.181     0.723    -0.667
     0.664     0.460    -0.590
     0.544     0.590    -0.597
     0.406     0.695    -0.593
     0.358     0.860    -0.364
     0.532     0.346    -0.773
     0.313     0.616    -0.723
     0.551     0.732    -0.400
     0.448     0.571    -0.688
     0.508     0.617    -0.601
     0.528     0.650    -0.546
     0.335     0.667    -0.666
     0.202     0.617    -0.760
     0.426     0.493    -0.759
     0.420     0.591    -0.689
     0.389     0.723    -0.571
     0.273     0.280    -0.921
     0.666     0.554    -0.500
     0.265     0.563    -0.782
     0.637     0.387    -0.667
     0.247     0.785    -0.568
     0.325     0.768    -0.552
     0.515     0.444    -0.733
     0.330     0.678    -0.656
     0.540     0.592    -0.599
     0.321     0.659    -0.681
     0.413     0.388    -0.824
     0.474     0.448    -0.758
    -0.048     0.506    -0.861
     0.346     0.538    -0.769
     0.412     0.672    -0.615
     0.307     0.469    -0.828
     0.553     0.642    -0.532
     0.220     0.632    -0.744
     0.490     0.518    -0.702
     0.303     0.650    -0.697
     0.538     0.763    -0.359
     0.500     0.693    -0.520
     0.467     0.762    -0.448
     0.351     0.569    -0.743
     0.595     0.374    -0.712
     0.416     0.824    -0.384
     0.514     0.613    -0.600
     0.604     0.475    -0.640
     0.282     0.592    -0.755
     0.514     0.588    -0.625
     0.200     0.646    -0.737
     0.248     0.597    -0.763
     0.293     0.730    -0.618
     0.366     0.833    -0.414
     0.022     0.607    -0.794
     0.223     0.736    -0.640
     0.220     0.663    -0.715
     0.318     0.584    -0.747
     0.524     0.588    -0.617
     0.527     0.145    -0.837
     0.164     0.695    -0.700
     0.113     0.705    -0.701
     0.470     0.619    -0.630
     0.428     0.639    -0.639
     0.508     0.604    -0.614
     0.209     0.818    -0.536
     0.333     0.571    -0.750
     0.558     0.657    -0.506
     0.614     0.580    -0.535
     0.400     0.876    -0.271
     0.488     0.619    -0.615
     0.407     0.726    -0.555
     0.452     0.669    -0.591
     0.467     0.732    -0.496
     0.509     0.753    -0.416
     0.583     0.485    -0.652
     0.506     0.566    -0.651
     0.419     0.648    -0.636
     0.407     0.428    -0.807
     0.077     0.614    -0.785
     0.488     0.699    -0.522
     0.338     0.793    -0.507
     0.407     0.473    -0.781
     0.460     0.159    -0.874
     0.240     0.562    -0.792
     0.263     0.820    -0.508
     0.260     0.602    -0.755
     0.444     0.672    -0.593
     0.301     0.759    -0.577
     0.383     0.277    -0.881
     0.394     0.694    -0.602
     0.514     0.637    -0.575
     0.644     0.600    -0.474
     0.618     0.645    -0.449
     0.381     0.770    -0.512
     0.250     0.633    -0.733
    -0.253     0.764    -0.594
     0.502     0.694    -0.517
     0.602     0.704    -0.377
     0.583     0.544    -0.603
     0.489     0.505    -0.711
     0.164     0.897    -0.411
     0.382     0.576    -0.723
     0.428     0.660    -0.618
     0.253     0.450    -0.856
     0.164     0.679    -0.716
     0.161     0.663    -0.731
     0.487     0.604    -0.631
     0.311     0.579    -0.753
     0.230     0.831    -0.506
     0.240     0.531    -0.813
     0.428     0.760    -0.489
     0.190     0.488    -0.852
     0.259     0.911    -0.320
     0.441     0.730    -0.523
     0.023     0.792    -0.610
     0.104     0.689    -0.717
     0.207     0.707    -0.677
     0.556     0.754    -0.349
     0.358     0.728    -0.584
     0.219     0.758    -0.615
     0.281     0.537    -0.795
     0.339     0.795    -0.503
     0.251     0.722    -0.644
     0.274     0.495    -0.825
     0.374     0.499    -0.782
    -0.034     0.557    -0.830
     0.223     0.796    -0.563
     0.426     0.824    -0.375
     0.483     0.539    -0.690
     0.395     0.612    -0.685
     0.020     0.874    -0.485
     0.751     0.510    -0.420
     0.178     0.658    -0.732
     0.164     0.843    -0.512
     0.538     0.529    -0.656
     0.204     0.674    -0.710
     0.274     0.605    -0.747
     0.424     0.741    -0.520
     0.197     0.525    -0.828
     0.296     0.496    -0.817
     0.383     0.642    -0.664
     0.317     0.872    -0.373
     0.310     0.697    -0.647
     0.450     0.640    -0.622
     0.478     0.274    -0.834
     0.171     0.622    -0.764
     0.514     0.768    -0.381
     0.490     0.585    -0.646
     0.320     0.537    -0.781
    -0.017     0.838    -0.546
     0.506     0.605    -0.615
     0.473     0.737    -0.482
     0.282     0.592    -0.755
    -0.147     0.531    -0.835
     0.501     0.793    -0.347
     0.031     0.585    -0.811
    -0.017     0.804    -0.595
     0.352     0.485    -0.801
     0.388     0.767    -0.512
     0.544     0.619    -0.567
     0.191     0.518    -0.834
     0.436     0.699    -0.567
     0.505     0.682    -0.529
     0.110     0.792    -0.600
     0.224     0.753    -0.619
     0.241     0.769    -0.591
     0.357     0.612    -0.705
     0.474     0.586    -0.657
     0.541     0.276    -0.795
     0.284     0.674    -0.682
     0.281     0.460    -0.842
     0.354     0.814    -0.461
     0.428     0.372    -0.823
     0.542     0.445    -0.713
     0.319     0.438    -0.840
     0.586     0.557    -0.589
    -0.107     0.763    -0.638
     0.622     0.641    -0.449
     0.387     0.720    -0.576
     0.342     0.707    -0.619
     0.372     0.736    -0.566
     0.519     0.571    -0.635
     0.491     0.726    -0.481
     0.492     0.726    -0.480
     0.196     0.795    -0.575
     0.494     0.558    -0.666
     0.141     0.563    -0.814
     0.570     0.719    -0.397
     0.763     0.646    -0.004
     0.242     0.816    -0.525
     0.505     0.482    -0.716
     0.647     0.701    -0.300
    -0.044     0.824    -0.565
     0.535     0.348    -0.769
     0.271     0.586    -0.764
     0.412     0.820    -0.398
     0.405     0.459    -0.791
     0.319     0.367    -0.874
     0.572     0.624    -0.532
     0.493     0.461    -0.738
     0.323     0.669    -0.669
     0.208     0.727    -0.654
     0.577     0.451    -0.681
     0.314     0.724    -0.614
     0.117     0.672    -0.731
     0.409     0.511    -0.756
     0.395     0.628    -0.670
     0.248     0.520    -0.817
     0.797     0.485    -0.360
     0.461     0.593    -0.661
     0.259     0.604    -0.753
     0.065     0.755    -0.653
     0.149     0.960    -0.238
     0.385     0.835    -0.393
     0.794     0.419    -0.440
     0.319     0.415    -0.852
     0.399     0.586    -0.705
     0.109     0.805    -0.584
     0.286     0.551    -0.784
     0.296     0.534    -0.792
     0.169     0.842    -0.513
     0.304     0.663    -0.684
     0.227     0.897    -0.378
     0.116     0.553    -0.825
    -0.041     0.540    -0.841
     0.465     0.567    -0.680
     0.183     0.464    -0.867
    -0.157     0.761    -0.630
     0.144     0.704    -0.696
     0.381     0.747    -0.545
     0.361     0.580    -0.731
     0.505     0.437    -0.744
     0.467     0.637    -0.613
     0.507     0.792    -0.340
     0.518     0.543    -0.661
     0.447     0.463    -0.766
     0.358     0.875    -0.325
    -0.033     0.646    -0.763
     0.305     0.715    -0.629
     0.459     0.377    -0.804
     0.181     0.581    -0.793
     0.528     0.608    -0.593
     0.689     0.528    -0.497
     0.438     0.665    -0.605
     0.438     0.666    -0.603
     0.729     0.225    -0.646
     0.356     0.779    -0.516
     0.320     0.769    -0.553
     0.724     0.374    -0.579
     0.453     0.602    -0.657
     0.361     0.786    -0.501
     0.500     0.684    -0.531
     0.464     0.616    -0.637
     0.508     0.579    -0.638
     0.067     0.146    -0.987
     0.377     0.763    -0.525
     0.017     0.795    -0.607
     0.008     0.779    -0.627
     0.356     0.594    -0.722
     0.457     0.551    -0.698
     0.492     0.481    -0.726
     0.225     0.590    -0.775
     0.078     0.714    -0.696
     0.222     0.779    -0.587
     0.360     0.685    -0.633
     0.321     0.906    -0.277
     0.478     0.633    -0.609
     0.837     0.343    -0.426
     0.608     0.475    -0.636
     0.210     0.793    -0.572
     0.316     0.556    -0.769
     0.440     0.529    -0.725
     0.479     0.379    -0.792
    -0.019     0.702    -0.712
     0.394     0.558    -0.730
     0.243     0.952    -0.186
     0.488     0.658    -0.574
     0.306     0.494    -0.814
     0.334     0.563    -0.756
     0.606     0.463    -0.647
     0.232     0.808    -0.541
     0.046     0.722    -0.690
     0.345     0.648    -0.678
     0.320     0.689    -0.650
     0.338     0.686    -0.645
     0.541     0.582    -0.607
     0.277     0.824    -0.494
     0.538     0.649    -0.538
     0.630     0.601    -0.492
     0.274     0.623    -0.733
     0.504     0.483    -0.716
     0.210     0.755    -0.621
     0.222     0.520    -0.825
     0.091     0.727    -0.681
     0.664     0.682    -0.307
     0.377     0.670    -0.640
     0.311     0.647    -0.696
     0.403     0.497    -0.769
     0.535     0.707    -0.462
     0.120     0.818    -0.563
     0.430     0.572    -0.699
     0.349     0.653    -0.672
     0.514     0.761    -0.395
     0.393     0.708    -0.588
     0.670     0.566    -0.481
     0.548     0.554    -0.627
     0.178     0.602    -0.779
     0.502     0.006    -0.865
     0.078     0.810    -0.581
    -0.013     0.728    -0.685
     0.305     0.607    -0.734
     0.504     0.519    -0.691
     0.128     0.810    -0.572
     0.495     0.661    -0.564
     0.395     0.556    -0.731
     0.454     0.591    -0.666
     0.426     0.520    -0.741
     0.376     0.614    -0.694
     0.514     0.437    -0.738
     0.534     0.693    -0.484
     0.293     0.492    -0.820
     0.339     0.406    -0.849
     0.062     0.833    -0.550
     0.288     0.703    -0.650
     0.374     0.481    -0.793
     0.353     0.787    -0.505
    -0.152     0.551    -0.821
     0.079     0.769    -0.634
     0.402     0.438    -0.804
     0.294     0.704    -0.647
     0.479     0.580    -0.659
     0.632     0.727    -0.269
     0.290     0.534    -0.794
     0.273     0.513    -0.814
     0.384     0.556    -0.737
     0.262     0.767    -0.586
     0.403     0.581    -0.708
     0.200     0.486    -0.851
     0.060     0.577    -0.814
     0.612     0.488    -0.622
     0.627     0.272    -0.730
     0.115     0.492    -0.863
     0.357     0.682    -0.638
     0.278     0.829    -0.486
     0.096     0.655    -0.750
     0.236     0.615    -0.752
     0.454     0.606    -0.653
     0.446     0.715    -0.539
     0.237     0.669    -0.705
     0.519     0.677    -0.521
     0.020     0.580    -0.815
     0.334     0.603    -0.724
    -0.207     0.708    -0.676
    -0.033     0.660    -0.751
     0.305     0.826    -0.473
     0.351     0.700    -0.622
     0.140     0.506    -0.851
     0.152     0.662    -0.734
     0.555     0.481    -0.679
     0.547     0.529    -0.648
     0.319     0.667    -0.673
     0.430     0.558    -0.710
     0.410     0.666    -0.623
     0.609     0.562    -0.560
     0.406     0.516    -0.754
     0.531     0.385    -0.755
    -0.108     0.654    -0.749
     0.324     0.594    -0.736
     0.338     0.438    -0.833
     0.658     0.500    -0.563
     0.142     0.599    -0.788
     0.635     0.689    -0.348
     0.542     0.745    -0.390
     0.499     0.629    -0.596
     0.173     0.806    -0.566
     0.148     0.756    -0.637
     0.189     0.722    -0.666
     0.460     0.825    -0.327
     0.397     0.722    -0.567
     0.467     0.804    -0.369
     0.346     0.811    -0.472
     0.304     0.825    -0.476
     0.199     0.693    -0.693
     0.311     0.470    -0.826
     0.670     0.564    -0.482
     0.453     0.707    -0.542
     0.482     0.556    -0.677
     0.287     0.331    -0.899
     0.488     0.397    -0.777
     0.532     0.632    -0.563
     0.258     0.386    -0.885
     0.460     0.602    -0.652
     0.263     0.414    -0.871
     0.241     0.416    -0.877
     0.280     0.800    -0.531
     0.498     0.464    -0.733
     0.448     0.543    -0.710
     0.293     0.847    -0.443
     0.761     0.476    -0.440
     0.129     0.705    -0.697
     0.178     0.529    -0.830
     0.257     0.613    -0.748
     0.432     0.552    -0.713
    -0.033     0.618    -0.785
     0.517     0.596    -0.614
     0.421     0.533    -0.734
     0.527     0.600    -0.602
     0.417     0.481    -0.771
     0.495     0.519    -0.697
     0.304     0.632    -0.713
     0.272     0.865    -0.421
     0.367     0.600    -0.711
     0.065     0.687    -0.724
     0.154     0.767    -0.622
     0.461     0.581    -0.671
     0.159     0.687    -0.709
     0.271     0.677    -0.684
     0.626     0.564    -0.539
     0.187     0.908    -0.375
     0.471     0.567    -0.676
     0.689     0.634    -0.350
     0.529     0.554    -0.643
     0.100     0.750    -0.654
     0.370     0.498    -0.784
     0.560     0.790    -0.250
    -0.051     0.722    -0.690
     0.344     0.600    -0.722
     0.045     0.634    -0.772
     0.555     0.727    -0.404
     0.199     0.549    -0.812
     0.422     0.397    -0.815
     0.095     0.620    -0.779
     0.608     0.705    -0.365
     0.264     0.661    -0.703
     0.431     0.638    -0.639
     0.355     0.604    -0.714
     0.600     0.665    -0.446
     0.439     0.707    -0.555
     0.327     0.720    -0.612
     0.456     0.444    -0.772
     0.420     0.680    -0.601
     0.614     0.294    -0.733
     0.198     0.736    -0.648
     0.416     0.614    -0.671
     0.345     0.727    -0.594
     0.279     0.629    -0.726
     0.137     0.563    -0.815
     0.325     0.836    -0.443
     0.254     0.586    -0.770
     0.529     0.642    -0.555
     0.464     0.692    -0.553
     0.356     0.502    -0.788
     0.194     0.871    -0.451
     0.314     0.478    -0.820
     0.377     0.522    -0.765
     0.463     0.646    -0.607
     0.376     0.452    -0.809
     0.269     0.489    -0.829
     0.279     0.859    -0.429
     0.325     0.556    -0.765
     0.474     0.655    -0.589
     0.062     0.526    -0.848
     0.333     0.752    -0.568
     0.285     0.788    -0.545
     0.179     0.602    -0.778
     0.352     0.646    -0.678
     0.511     0.646    -0.566
     0.594     0.345    -0.727
     0.413     0.642    -0.647
     0.493     0.595    -0.635
     0.551     0.613    -0.566
     0.239     0.467    -0.851
     0.541     0.533    -0.650
     0.718     0.277    -0.639
     0.614     0.355    -0.705
     0.375     0.537    -0.756
     0.415     0.426    -0.804
    -0.029     0.481    -0.876
     0.536     0.720    -0.440
     0.550     0.484    -0.681
     0.389     0.746    -0.541
     0.350     0.675    -0.650
     0.001     0.527    -0.850
     0.146     0.450    -0.881
     0.372     0.524    -0.766
     0.263     0.721    -0.641
     0.250     0.559    -0.790
     0.098     0.661    -0.744
     0.302     0.724    -0.620
     0.376     0.592    -0.713
     0.689     0.445    -0.571
     0.422     0.681    -0.599
     0.392     0.493    -0.777
     0.383     0.494    -0.780
     0.195     0.577    -0.793
     0.235     0.638    -0.733
     0.558     0.590    -0.584
     0.558     0.638    -0.531
     0.488     0.637    -0.597
     0.438     0.722    -0.536
     0.340     0.776    -0.532
     0.258     0.650    -0.715
     0.195     0.575    -0.794
     0.142     0.777    -0.613
     0.172     0.764    -0.622
     0.552     0.728    -0.407
     0.364     0.636    -0.680
     0.692     0.607    -0.391
     0.787     0.388    -0.479
     0.436     0.745    -0.505
     0.269     0.701    -0.660
     0.284     0.761    -0.583
     0.316     0.633    -0.707
     0.421     0.622    -0.660
     0.498     0.631    -0.594
     0.158     0.835    -0.527
     0.163     0.326    -0.931
     0.470     0.736    -0.488
     0.605     0.313    -0.732
     0.434     0.696    -0.571
     0.180     0.370    -0.911
     0.039     0.483    -0.875
     0.003     0.630    -0.777
     0.237     0.634    -0.736
     0.291     0.691    -0.662
     0.534     0.606    -0.589
     0.199     0.752    -0.629
     0.334     0.925    -0.178
     0.309     0.457    -0.834
     0.034     0.622    -0.782
     0.302     0.769    -0.563
     0.577     0.590    -0.566
     0.340     0.438    -0.832
     0.440     0.814    -0.380
     0.343     0.548    -0.763
     0.558     0.097    -0.824
     0.363     0.634    -0.683
     0.327     0.630    -0.704
     0.642     0.576    -0.506
     0.116     0.558    -0.821
     0.403     0.576    -0.711
     0.368     0.734    -0.571
     0.638     0.390    -0.664
     0.436     0.671    -0.600
     0.303     0.567    -0.766
     0.310     0.750    -0.584
     0.135     0.671    -0.729
     0.695     0.261    -0.670
     0.015     0.734    -0.679
     0.417     0.381    -0.825
     0.093     0.802    -0.591
     0.249     0.670    -0.700
     0.607     0.515    -0.605
     0.587     0.660    -0.469
     0.519     0.719    -0.462
     0.254     0.730    -0.635
     0.401     0.783    -0.476
     0.488     0.663    -0.567
     0.601     0.664    -0.444
     0.252     0.375    -0.892
     0.458     0.493    -0.740
     0.227     0.493    -0.840
     0.188     0.929    -0.319
     0.267     0.653    -0.709
     0.231     0.587    -0.776
     0.638     0.301    -0.708
     0.504     0.420    -0.755
     0.397     0.630    -0.668
     0.224     0.757    -0.614
     0.376     0.409    -0.832
     0.323     0.583    -0.746
     0.103     0.798    -0.593
     0.371     0.461    -0.806
     0.466     0.593    -0.657
     0.281     0.515    -0.810
     0.234     0.652    -0.721
     0.308     0.607    -0.733
     0.432     0.347    -0.832
     0.268     0.501    -0.823
     0.065     0.437    -0.897
     0.005     0.601    -0.799
     0.396     0.701    -0.593
     0.392     0.614    -0.685
     0.546     0.739    -0.395
     0.523     0.770    -0.365
     0.290     0.492    -0.821
     0.558     0.566    -0.606
     0.193     0.488    -0.851
     0.213     0.638    -0.739
     0.251     0.655    -0.712
     0.455     0.812    -0.366
     0.226     0.485    -0.845
     0.469     0.721    -0.510
     0.345     0.602    -0.720
     0.302     0.506    -0.808
     0.711     0.549    -0.439
     0.325     0.338    -0.883
     0.032     0.575    -0.818
     0.302     0.721    -0.624
     0.346     0.518    -0.782
     0.281     0.642    -0.713
     0.368     0.674    -0.640
     0.281     0.689    -0.668
     0.421     0.771    -0.478
     0.135     0.720    -0.680
     0.478     0.694    -0.538
     0.337     0.534    -0.775
     0.217     0.742    -0.634
     0.461     0.737    -0.494
     0.184     0.506    -0.843
     0.302     0.789    -0.534
     0.514     0.617    -0.596
     0.520     0.414    -0.747
     0.256     0.643    -0.722
     0.373     0.848    -0.377
     0.198     0.385    -0.901
     0.231     0.584    -0.778
     0.369     0.797    -0.478
     0.481     0.404    -0.778
     0.446     0.606    -0.659
     0.620     0.708    -0.339
     0.573     0.415    -0.707
     0.456     0.470    -0.756
     0.077     0.437    -0.896
     0.268     0.816    -0.513
     0.449     0.298    -0.843
     0.460     0.533    -0.710
     0.213     0.588    -0.781
     0.270     0.752    -0.601
     0.558     0.389    -0.733
     0.319     0.735    -0.599
     0.333     0.723    -0.606
     0.162     0.735    -0.658
     0.467     0.560    -0.684
     0.692     0.410    -0.594
     0.169     0.685    -0.709
     0.577     0.431    -0.694
     0.388     0.623    -0.680
     0.257     0.576    -0.776
     0.337     0.602    -0.724
     0.243     0.514    -0.823
     0.310     0.659    -0.685
     0.398     0.702    -0.591
     0.491     0.759    -0.428
     0.444     0.686    -0.576
     0.560     0.684    -0.467
     0.301     0.649    -0.698
     0.352     0.681    -0.642
     0.567     0.475    -0.673
     0.512     0.782    -0.356
     0.564     0.606    -0.561
     0.475     0.524    -0.707
     0.587     0.540    -0.603
     0.245     0.598    -0.763
     0.475     0.661    -0.581
     0.010     0.734    -0.679
     0.259     0.563    -0.785
     0.433     0.771    -0.467
     0.561     0.548    -0.620
     0.002     0.943    -0.332
     0.201     0.836    -0.510
     0.307     0.648    -0.697
     0.448     0.458    -0.768
     0.390     0.466    -0.794
     0.532     0.603    -0.594
     0.152     0.643    -0.751
     0.109     0.640    -0.760
     0.418     0.613    -0.671
     0.466     0.633    -0.618
     0.469     0.634    -0.615
     0.283     0.406    -0.869
     0.424     0.555    -0.715
    -0.041     0.836    -0.548
     0.550     0.694    -0.464
     0.362     0.663    -0.655
     0.306     0.675    -0.671
     0.466     0.515    -0.719
     0.137     0.706    -0.694
     0.383     0.516    -0.766
     0.174     0.873    -0.456
     0.504     0.681    -0.532
     0.404     0.459    -0.791
     0.405     0.728    -0.554
     0.499     0.664    -0.557
     0.526     0.780    -0.339
     0.198     0.844    -0.498
     0.211     0.569    -0.795
     0.541     0.741    -0.398
     0.526     0.718    -0.457
     0.138     0.872    -0.470
     0.336     0.596    -0.729
     0.525     0.656    -0.542
     0.349     0.571    -0.743
     0.455     0.673    -0.583
     0.374     0.580    -0.723
     0.407     0.679    -0.611
     0.353     0.782    -0.513
     0.157     0.747    -0.646
     0.313     0.619    -0.720
     0.327     0.580    -0.746
     0.245     0.575    -0.781
     0.145     0.597    -0.789
     0.601     0.698    -0.391
     0.439     0.722    -0.535
     0.645     0.367    -0.671
     0.321     0.585    -0.745
     0.365     0.725    -0.583
     0.535     0.603    -0.592
     0.380     0.794    -0.474
     0.166     0.834    -0.527
     0.139     0.637    -0.758
     0.389     0.550    -0.739
     0.206     0.731    -0.650
     0.435     0.820    -0.373
     0.248     0.475    -0.844
     0.338     0.475    -0.813
     0.509     0.276    -0.815
    -0.010     0.784    -0.620
     0.573     0.502    -0.647
     0.470     0.675    -0.569
     0.536     0.659    -0.528
     0.262     0.764    -0.590
    -0.099     0.786    -0.610
     0.378     0.651    -0.658
     0.228     0.698    -0.678
     0.274     0.601    -0.751
     0.569     0.659    -0.492
     0.258     0.110    -0.960
     0.281     0.656    -0.701
     0.146     0.702    -0.697
     0.367     0.356    -0.859
     0.087     0.813    -0.575
     0.270     0.700    -0.661
     0.186     0.728    -0.660
    -0.165     0.882    -0.442
     0.434     0.691    -0.578
     0.365     0.706    -0.607
     0.393     0.557    -0.731
     0.452     0.500    -0.739
     0.226     0.816    -0.531
     0.006     0.545    -0.838
     0.395     0.785    -0.477
     0.371     0.743    -0.558
     0.538     0.689    -0.486
     0.464     0.489    -0.738
     0.465     0.544    -0.698
     0.364     0.542    -0.758
     0.641     0.680    -0.356
     0.630     0.630    -0.455
     0.271     0.677    -0.685
     0.453     0.632    -0.629
     0.485     0.542    -0.687
     0.680     0.644    -0.351
     0.517     0.567    -0.641
     0.233     0.527    -0.817
     0.575     0.760    -0.303
     0.477     0.799    -0.366
     0.510    -0.014    -0.860
     0.368     0.688    -0.626
     0.508     0.711    -0.487
     0.093     0.749    -0.657
     0.211     0.508    -0.835
     0.372     0.840    -0.395
     0.333     0.765    -0.550
     0.398     0.868    -0.298
     0.342     0.505    -0.792
     0.173     0.883    -0.436
     0.245     0.658    -0.712
     0.381     0.675    -0.632
     0.366     0.703    -0.610
     0.337     0.474    -0.813
     0.426     0.632    -0.648
     0.339     0.465    -0.818
     0.327     0.783    -0.529
     0.285     0.462    -0.840
     0.427     0.636    -0.642
     0.150     0.826    -0.543
     0.357     0.751    -0.555
     0.287     0.730    -0.620
     0.445     0.551    -0.706
     0.376     0.728    -0.573
     0.410     0.537    -0.737
     0.449     0.683    -0.577
     0.699     0.341    -0.628
     0.378     0.637    -0.672
     0.466     0.801    -0.376
     0.311     0.639    -0.703
     0.252     0.870    -0.423
     0.711     0.475    -0.518
     0.404     0.715    -0.571
     0.512     0.548    -0.661
     0.392     0.307    -0.867
     0.634     0.285    -0.719
     0.528     0.419    -0.739
     0.008     0.654    -0.757
     0.401     0.499    -0.768
     0.386     0.758    -0.527
     0.355     0.728    -0.587
     0.549     0.045    -0.835
     0.231     0.403    -0.886
     0.320     0.722    -0.614
     0.557     0.510    -0.655
     0.569     0.601    -0.562
     0.633     0.662    -0.401
     0.371     0.419    -0.829
     0.115     0.402    -0.908
     0.223     0.677    -0.701
     0.423     0.611    -0.669
    -0.110     0.915    -0.388
     0.202     0.624    -0.755
     0.165     0.724    -0.670
     0.003     0.460    -0.888
     0.456     0.509    -0.730
     0.573     0.566    -0.593
     0.515     0.606    -0.606
     0.461     0.700    -0.546
    -0.137     0.688    -0.712
     0.486     0.763    -0.425
     0.371     0.714    -0.593
    -0.006     0.706    -0.708
     0.121     0.683    -0.720
     0.168     0.490    -0.855
     0.128     0.698    -0.704
     0.338     0.729    -0.595
     0.298     0.791    -0.534
     0.319     0.489    -0.812
     0.491     0.689    -0.533
     0.043     0.864    -0.502
     0.526     0.703    -0.478
     0.359     0.637    -0.682
     0.652     0.530    -0.542
     0.228     0.717    -0.658
     0.368     0.569    -0.735
     0.497     0.577    -0.648
     0.451     0.420    -0.787
     0.440     0.598    -0.670
    -0.044     0.640    -0.767
     0.385     0.719    -0.578
     0.581     0.643    -0.499
     0.417     0.550    -0.723
     0.371     0.650    -0.663
     0.462     0.646    -0.607
     0.385     0.581    -0.717
     0.332     0.694    -0.639
     0.409     0.451    -0.793
     0.581     0.536    -0.612
     0.212     0.613    -0.761
     0.387     0.671    -0.633
     0.716     0.392    -0.577
     0.395     0.831    -0.392
     0.217     0.616    -0.757
     0.658     0.528    -0.537
     0.225     0.466    -0.856
     0.682     0.563    -0.467
     0.333     0.515    -0.790
     0.554     0.625    -0.551
     0.273     0.825    -0.495
     0.102     0.779    -0.619
     0.100     0.652    -0.751
     0.517     0.509    -0.689
     0.092     0.420    -0.903
     0.571     0.589    -0.573
     0.403     0.834    -0.377
     0.033     0.774    -0.632
     0.169     0.847    -0.505
     0.477     0.523    -0.707
     0.395     0.446    -0.803
     0.562     0.516    -0.647
     0.433     0.638    -0.637
     0.548     0.682    -0.484
     0.391     0.490    -0.780
     0.335     0.377    -0.864
     0.401     0.806    -0.435
     0.618     0.649    -0.444
     0.494     0.505    -0.708
     0.601     0.539    -0.590
     0.406     0.557    -0.725
     0.230     0.496    -0.837
     0.466     0.764    -0.447
     0.538     0.724    -0.431
     0.348     0.567    -0.747
     0.177     0.792    -0.585
     0.414     0.572    -0.708
     0.570     0.227    -0.790
     0.368     0.783    -0.501
     0.170     0.591    -0.789
     0.600     0.605    -0.524
     0.736     0.513    -0.442
     0.040     0.821    -0.570
     0.627     0.474    -0.618
     0.716     0.529    -0.455
     0.355     0.450    -0.819
     0.513     0.489    -0.705
     0.385     0.611    -0.692
     0.125     0.768    -0.628
     0.158     0.642    -0.750
     0.553     0.386    -0.738
     0.159     0.635    -0.756
     0.427     0.725    -0.540
     0.359     0.643    -0.676
     0.370     0.688    -0.624
     0.154     0.804    -0.575
     0.139     0.900    -0.413
     0.332     0.647    -0.686
     0.213     0.711    -0.670
     0.452     0.605    -0.655
     0.331     0.701    -0.632
     0.384     0.748    -0.541
     0.676     0.574    -0.462
     0.389     0.801    -0.455
     0.431     0.579    -0.692
     0.204     0.643    -0.738
     0.257     0.570    -0.781
     0.182     0.817    -0.548
     0.223     0.755    -0.616
     0.443     0.750    -0.492
     0.485     0.532    -0.694
     0.472     0.557    -0.683
     0.650     0.396    -0.649
     0.422     0.603    -0.677
     0.572    -0.031    -0.820
     0.419     0.454    -0.786
     0.056     0.647    -0.760
     0.231     0.817    -0.528
     0.487     0.592    -0.642
     0.487     0.587    -0.646
     0.340     0.784    -0.519
     0.286     0.649    -0.705
     0.161     0.659    -0.735
     0.244     0.527    -0.814
     0.304     0.480    -0.823
     0.179     0.668    -0.723
     0.304     0.730    -0.612
     0.379     0.599    -0.706
     0.406     0.292    -0.866
     0.251     0.609    -0.752
     0.253     0.681    -0.687
     0.172     0.153    -0.973
     0.245     0.814    -0.527
     0.108     0.680    -0.726
    -0.031     0.582    -0.813
     0.441     0.655    -0.614
     0.535     0.507    -0.676
     0.303     0.567    -0.766
     0.319     0.668    -0.673
     0.251     0.900    -0.356
     0.622     0.635    -0.457
     0.295     0.520    -0.802
     0.408     0.662    -0.628
     0.337     0.615    -0.713
     0.580     0.595    -0.557
     0.040     0.750    -0.661
     0.286     0.653    -0.702
     0.073     0.765    -0.639
     0.485     0.715    -0.503
     0.551     0.668    -0.500
     0.278     0.750    -0.600
     0.051     0.748    -0.661
     0.357     0.302    -0.884
     0.191     0.482    -0.855
     0.161     0.854    -0.495
     0.309     0.803    -0.510
     0.350     0.609    -0.712
     0.413     0.428    -0.804
     0.271     0.776    -0.569
     0.357     0.613    -0.705
    -0.170     0.524    -0.834
     0.467     0.369    -0.804
     0.390     0.811    -0.437
     0.572     0.320    -0.756
     0.387     0.644    -0.660
     0.592     0.573    -0.567
     0.450     0.648    -0.614
     0.352     0.586    -0.730
     0.181     0.658    -0.731
     0.764     0.387    -0.516
     0.419     0.763    -0.493
     0.385     0.856    -0.344
     0.466     0.735    -0.493
     0.190     0.532    -0.826
     0.318     0.708    -0.631
     0.491     0.269    -0.829
     0.231     0.789    -0.570
     0.489     0.553    -0.675
     0.419     0.533    -0.735
     0.518     0.510    -0.687
     0.259     0.499    -0.827
     0.224     0.788    -0.574
     0.294     0.766    -0.572
     0.104     0.662    -0.743
     0.266     0.783    -0.563
     0.329     0.595    -0.734
     0.337     0.569    -0.750
     0.241     0.785    -0.571
     0.470     0.463    -0.752
     0.291     0.812    -0.506
     0.441     0.813    -0.380
     0.632     0.586    -0.507
     0.321     0.573    -0.754
     0.558     0.662    -0.501
     0.341     0.592    -0.731
     0.222     0.807    -0.547
     0.589     0.217    -0.778
     0.528     0.606    -0.595
     0.285     0.391    -0.875
     0.476     0.584    -0.657
     0.615     0.504    -0.606
     0.251     0.649    -0.718
     0.247     0.714    -0.655
     0.173     0.727    -0.664
     0.454     0.296    -0.841
     0.244     0.748    -0.617
     0.435     0.417    -0.798
     0.323     0.653    -0.685
     0.345     0.698    -0.628
     0.459     0.543    -0.703
     0.129     0.660    -0.740
     0.311     0.865    -0.394
     0.674     0.153    -0.723
    -0.030     0.731    -0.682
     0.391     0.538    -0.747
     0.325     0.634    -0.702
     0.534     0.563    -0.631
     0.228     0.835    -0.501
     0.412     0.614    -0.674
     0.230     0.587    -0.777
     0.221     0.700    -0.679
     0.225     0.509    -0.831
     0.147     0.873    -0.466
     0.196     0.460    -0.866
     0.306     0.551    -0.776
     0.294     0.615    -0.732
     0.237     0.408    -0.882
     0.170     0.687    -0.706
     0.468     0.656    -0.593
     0.568     0.648    -0.507
     0.270     0.787    -0.556
     0.241     0.646    -0.725
     0.170     0.355    -0.919
     0.245     0.537    -0.807
     0.269     0.619    -0.738
     0.376     0.853    -0.363
     0.496     0.746    -0.445
     0.393     0.776    -0.494
     0.466     0.596    -0.654
     0.527     0.680    -0.509
     0.296     0.739    -0.605
     0.385     0.507    -0.771
     0.112     0.685    -0.720
     0.009     0.637    -0.771
     0.442     0.692    -0.570
     0.279     0.723    -0.632
     0.409     0.688    -0.600
     0.338     0.462    -0.820
     0.332     0.482    -0.811
    -0.077     0.901    -0.428
    -0.020     0.603    -0.797
     0.359     0.738    -0.571
     0.228     0.712    -0.664
     0.429     0.676    -0.599
     0.359     0.675    -0.645
     0.697     0.462    -0.548
     0.485     0.530    -0.695
     0.263     0.563    -0.784
     0.404     0.621    -0.671
     0.619     0.414    -0.668
     0.288     0.431    -0.855
    -0.043     0.682    -0.731
     0.480     0.727    -0.490
     0.225     0.391    -0.893
     0.170     0.646    -0.744
     0.570     0.683    -0.457
     0.184     0.508    -0.842
     0.190     0.134    -0.973
     0.453     0.391    -0.801
     0.195     0.748    -0.634
     0.628     0.603    -0.491
     0.371     0.612    -0.698
     0.565     0.644    -0.516
     0.273     0.927    -0.255
     0.134     0.737    -0.662
     0.664     0.546    -0.511
     0.096     0.789    -0.607
     0.472     0.599    -0.646
     0.330     0.563    -0.758
     0.263     0.733    -0.627
     0.204     0.412    -0.888
     0.388     0.700    -0.599
     0.470     0.257    -0.844
     0.278     0.804    -0.525
     0.365     0.538    -0.760
     0.288     0.545    -0.788
     0.533     0.638    -0.555
     0.370     0.630    -0.683
     0.221     0.445    -0.868
     0.560     0.647    -0.516
     0.630     0.601    -0.492
     0.425     0.801    -0.423
     0.305     0.637    -0.708
     0.668     0.487    -0.563
     0.441     0.314    -0.841
    -0.095     0.903    -0.420
     0.400     0.575    -0.713
     0.339     0.547    -0.766
     0.251     0.673    -0.696
     0.518     0.723    -0.457
     0.222     0.394    -0.892
     0.544     0.534    -0.648
     0.494     0.684    -0.537
     0.433     0.528    -0.730
     0.194     0.695    -0.692
     0.488     0.453    -0.746
     0.466     0.579    -0.669
     0.599     0.462    -0.654
     0.410     0.686    -0.601
     0.251     0.515    -0.820
     0.412     0.783    -0.465
     0.185     0.807    -0.560
     0.162     0.565    -0.809
     0.111     0.614    -0.782
     0.627     0.573    -0.527
     0.375     0.748    -0.548
     0.230     0.720    -0.655
     0.103     0.820    -0.562
     0.371     0.552    -0.747
     0.301     0.866    -0.399
     0.660     0.604    -0.447
     0.242     0.441    -0.864
     0.547     0.686    -0.480
     0.268     0.716    -0.645
    -0.019     0.764    -0.645
     0.442     0.786    -0.432
     0.513     0.624    -0.590
     0.295     0.594    -0.749
     0.257     0.613    -0.747
     0.191     0.448    -0.874
     0.418     0.529    -0.739
     0.363     0.789    -0.496
     0.682     0.560    -0.471
     0.350     0.533    -0.771
     0.430     0.483    -0.763
     0.581     0.477    -0.659
     0.559     0.618    -0.554
     0.404     0.529    -0.747
     0.526     0.750    -0.401
     0.117     0.830    -0.546
     0.416     0.714    -0.563
     0.399     0.718    -0.571
     0.637     0.658    -0.401
     0.445     0.465    -0.766
     0.512     0.559    -0.653
     0.394     0.690    -0.607
     0.310     0.768    -0.560
     0.444     0.592    -0.673
     0.750     0.549    -0.369
     0.504     0.631    -0.591
     0.196     0.603    -0.773
     0.225     0.511    -0.830
     0.246     0.653    -0.717
     0.365     0.597    -0.715
     0.238     0.625    -0.743
     0.409     0.808    -0.424
     0.248     0.573    -0.781
     0.433     0.602    -0.671
     0.408     0.738    -0.537
     0.307     0.765    -0.566
     0.539     0.741    -0.401
     0.436     0.557    -0.706
     0.439     0.595    -0.673
     0.352     0.496    -0.794
     0.217     0.799    -0.561
     0.382     0.486    -0.786
     0.299     0.476    -0.827
     0.337     0.651    -0.680
     0.398     0.329    -0.856
     0.518     0.337    -0.786
     0.359     0.891    -0.278
     0.619     0.570    -0.540
     0.192     0.742    -0.642
     0.142     0.681    -0.719
     0.281     0.582    -0.763
     0.356     0.486    -0.798
     0.343     0.769    -0.539
     0.438     0.696    -0.570
     0.247     0.864    -0.438
     0.530     0.679    -0.508
     0.265     0.590    -0.763
     0.174     0.645    -0.744
     0.452     0.842    -0.294
     0.121     0.725    -0.678
     0.481     0.744    -0.464
     0.366     0.874    -0.319
     0.368     0.673    -0.642
     0.459     0.823    -0.336
     0.467     0.701    -0.539
     0.338     0.756    -0.560
     0.207     0.716    -0.666
     0.118     0.708    -0.696
     0.220     0.636    -0.740
     0.459     0.525    -0.716
     0.178     0.708    -0.683
     0.149     0.736    -0.661
     0.386     0.397    -0.833
     0.264     0.812    -0.520
     0.581     0.495    -0.646
     0.497     0.495    -0.713
     0.637     0.556    -0.534
     0.094     0.753    -0.651
     0.199     0.902    -0.383
     0.505     0.563    -0.655
     0.363     0.695    -0.621
     0.526     0.772    -0.357
     0.428     0.731    -0.531
     0.271     0.731    -0.627
     0.404     0.745    -0.530
     0.014     0.649    -0.761
     0.468     0.694    -0.548
     0.292     0.468    -0.834
     0.530     0.471    -0.706
     0.447     0.411    -0.795
     0.354     0.482    -0.801
     0.475     0.520    -0.710
     0.348     0.505    -0.790
     0.743     0.443    -0.502
     0.568     0.442    -0.694
     0.169     0.753    -0.636
     0.593     0.690    -0.415
     0.441     0.537    -0.719
     0.538     0.787    -0.303
     0.681     0.464    -0.566
     0.363     0.651    -0.667
     0.464     0.613    -0.640
     0.290     0.705    -0.647
     0.262     0.743    -0.615
     0.128     0.406    -0.905
     0.647     0.602    -0.468
     0.384     0.620    -0.684
     0.562     0.641    -0.522
     0.418     0.691    -0.590
     0.103     0.701    -0.706
     0.606     0.461    -0.648
     0.446     0.755    -0.481
     0.129     0.758    -0.640
     0.317     0.821    -0.476
     0.419     0.711    -0.565
     0.653     0.372    -0.659
     0.327     0.560    -0.761
     0.563     0.638    -0.526
     0.107     0.614    -0.782
     0.352     0.692    -0.630
     0.060     0.588    -0.807
    -0.167     0.623    -0.764
     0.404     0.887    -0.222
     0.417     0.533    -0.736
     0.347     0.632    -0.693
     0.026     0.832    -0.555
     0.437     0.677    -0.592
     0.253     0.668    -0.700
     0.269     0.629    -0.729
     0.506     0.677    -0.535
     0.536     0.554    -0.637
     0.316     0.820    -0.478
     0.474     0.530    -0.703
     0.116     0.312    -0.943
     0.370     0.595    -0.713
     0.153     0.603    -0.783
     0.276     0.892    -0.358
     0.123     0.578    -0.807
     0.310     0.608    -0.731
     0.387     0.624    -0.679
     0.110     0.508    -0.854
     0.168     0.420    -0.892
     0.398     0.492    -0.774
     0.339     0.843    -0.418
     0.627     0.242    -0.740
     0.820     0.451    -0.353
     0.279     0.782    -0.558
     0.008     0.825    -0.564
     0.079     0.547    -0.833
     0.119     0.588    -0.800
     0.739     0.466    -0.486
     0.078     0.631    -0.772
     0.542     0.774    -0.327
     0.298     0.412    -0.861
     0.212     0.728    -0.652
     0.466     0.566    -0.680
     0.323     0.429    -0.843
     0.359     0.551    -0.754
     0.331     0.590    -0.736
     0.393     0.427    -0.814
     0.352     0.718    -0.601
     0.317     0.775    -0.546
     0.500     0.615    -0.610
     0.379     0.505    -0.775
     0.362     0.538    -0.762
     0.604     0.250    -0.756
     0.242     0.741    -0.626
     0.411     0.619    -0.669
     0.272     0.691    -0.670
     0.359     0.745    -0.563
     0.500     0.708    -0.498
     0.548     0.361    -0.755
     0.289     0.505    -0.813
     0.343     0.731    -0.590
    -0.106     0.681    -0.724
     0.457     0.397    -0.796
     0.410     0.480    -0.775
     0.214     0.835    -0.508
     0.375     0.481    -0.793
     0.190     0.825    -0.533
     0.326     0.702    -0.633
     0.543     0.753    -0.372
     0.213     0.632    -0.745
     0.374     0.820    -0.433
     0.272     0.471    -0.839
     0.411     0.560    -0.720
     0.234     0.564    -0.792
     0.268     0.585    -0.765
     0.500     0.812    -0.301
     0.182     0.594    -0.783
     0.495     0.531    -0.688
     0.358     0.654    -0.666
     0.239     0.720    -0.652
     0.221     0.724    -0.654
     0.399     0.352    -0.847
     0.226     0.587    -0.777
     0.625     0.453    -0.636
     0.433     0.490    -0.756
     0.391     0.567    -0.725
     0.137     0.773    -0.619
     0.304     0.660    -0.687
     0.418     0.834    -0.361
     0.498     0.381    -0.779
     0.261     0.778    -0.571
     0.260     0.473    -0.842
     0.220     0.538    -0.814
     0.378     0.724    -0.576
     0.436     0.783    -0.443
     0.341     0.530    -0.776
     0.402     0.522    -0.752
     0.325     0.701    -0.635
     0.366     0.640    -0.676
     0.697     0.598    -0.396
     0.251     0.232    -0.940
     0.271     0.782    -0.562
     0.387     0.825    -0.412
     0.305     0.782    -0.543
     0.424     0.586    -0.691
     0.411     0.815    -0.409
     0.636     0.647    -0.420
     0.554     0.645    -0.526
     0.238     0.730    -0.640
     0.178     0.332    -0.927
     0.488     0.555    -0.673
     0.391     0.659    -0.643
     0.434     0.502    -0.748
     0.479     0.617    -0.625
     0.400     0.176    -0.899
     0.191     0.497    -0.846
     0.430     0.568    -0.702
     0.156     0.600    -0.785
     0.338     0.407    -0.849
     0.169     0.705    -0.689
     0.492     0.567    -0.660
     0.380     0.510    -0.771
     0.118     0.652    -0.749
     0.285     0.516    -0.808
     0.557     0.655    -0.510
    -0.144     0.706    -0.694
     0.274     0.466    -0.841
     0.288     0.564    -0.774
     0.428     0.678    -0.598
     0.410     0.512    -0.755
     0.282     0.490    -0.825
     0.343     0.683    -0.645
     0.322     0.719    -0.617
     0.168     0.613    -0.772
     0.331     0.416    -0.847
     0.173     0.541    -0.823
     0.298     0.555    -0.777
    -0.014     0.324    -0.946
     0.563     0.725    -0.396
     0.709     0.589    -0.388
     0.095     0.515    -0.852
     0.432     0.689    -0.582
     0.554     0.770    -0.317
     0.344     0.492    -0.800
     0.015     0.835    -0.550
     0.425     0.685    -0.592
     0.560     0.409    -0.721
     0.291     0.630    -0.720
     0.131     0.847    -0.515
     0.409     0.814    -0.413
     0.587     0.668    -0.457
     0.320     0.495    -0.807
     0.483     0.696    -0.531
     0.649     0.237    -0.723
     0.046     0.524    -0.850
     0.174     0.758    -0.629
     0.081     0.797    -0.598
     0.274     0.707    -0.652
     0.326     0.729    -0.602
     0.472     0.364    -0.803
     0.238     0.598    -0.766
     0.375     0.435    -0.819
     0.309     0.684    -0.661
     0.045     0.439    -0.897
     0.239     0.758    -0.607
     0.455     0.466    -0.759
     0.315     0.615    -0.723
     0.425     0.689    -0.587
     0.430     0.492    -0.757
     0.603     0.479    -0.637
     0.405     0.618    -0.673
    -0.162     0.629    -0.761
     0.638     0.254    -0.727
     0.487     0.442    -0.753
     0.670     0.534    -0.516
     0.461     0.523    -0.717
     0.259     0.629    -0.733
     0.501     0.603    -0.620
     0.524     0.439    -0.730
     0.338     0.544    -0.768
     0.066     0.826    -0.560
     0.324     0.585    -0.744
     0.608     0.534    -0.588
     0.298     0.510    -0.807
     0.432     0.478    -0.765
     0.470     0.677    -0.567
     0.515     0.536    -0.669
     0.509     0.584    -0.632
     0.189     0.666    -0.721
     0.542     0.517    -0.663
     0.293     0.699    -0.653
     0.535     0.635    -0.557
     0.247     0.807    -0.536
     0.562     0.420    -0.712
     0.144     0.472    -0.870
     0.285     0.720    -0.632
     0.604     0.607    -0.516
     0.617     0.520    -0.591
     0.448     0.405    -0.797
     0.385     0.516    -0.765
     0.389     0.726    -0.567
     0.356     0.786    -0.505
     0.069     0.746    -0.662
     0.623     0.355    -0.697
     0.597     0.557    -0.577
     0.200     0.737    -0.645
     0.333     0.639    -0.693
     0.341     0.706    -0.620
     0.164     0.684    -0.711
     0.671     0.542    -0.505
     0.316     0.398    -0.861
     0.410     0.648    -0.642
     0.244     0.755    -0.609
     0.350     0.406    -0.844
     0.229     0.417    -0.880
     0.363     0.570    -0.737
     0.275     0.798    -0.536
     0.601     0.558    -0.572
     0.464     0.717    -0.520
     0.281     0.498    -0.821
     0.199     0.450    -0.871
     0.083     0.674    -0.734
     0.039     0.636    -0.771
     0.556     0.598    -0.577
     0.607     0.501    -0.617
     0.577     0.664    -0.476
     0.262     0.739    -0.620
     0.109     0.822    -0.558
     0.417     0.744    -0.522
     0.572     0.395    -0.719
     0.184     0.604    -0.776
     0.363     0.539    -0.760
     0.163     0.656    -0.737
     0.243     0.587    -0.772
     0.241     0.617    -0.749
     0.416     0.281    -0.865
     0.196     0.871    -0.450
     0.082     0.865    -0.495
     0.558     0.617    -0.555
     0.394     0.607    -0.690
     0.187     0.796    -0.576
     0.221     0.542    -0.811
     0.538     0.612    -0.580
     0.125     0.730    -0.672
     0.640     0.655    -0.401
     0.732     0.587    -0.346
     0.478     0.527    -0.703
     0.191     0.689    -0.700
     0.339     0.655    -0.675
     0.630     0.563    -0.535
     0.271     0.825    -0.495
     0.419     0.749    -0.513
     0.506     0.609    -0.611
     0.270     0.704    -0.657
     0.590     0.445    -0.674
     0.694     0.514    -0.505
     0.663     0.655    -0.363
     0.508     0.589    -0.628
     0.121     0.552    -0.825
     0.354     0.693    -0.627
     0.352     0.523    -0.776
     0.238     0.947    -0.215
     0.476     0.662    -0.579
     0.531     0.537    -0.655
     0.400     0.541    -0.740
     0.146     0.632    -0.761
     0.271     0.435    -0.858
     0.284     0.543    -0.791
     0.358     0.756    -0.548
     0.306     0.420    -0.854
     0.325     0.851    -0.413
     0.239     0.735    -0.634
     0.193     0.938    -0.287
     0.347     0.660    -0.666
     0.412     0.453    -0.791
     0.214     0.673    -0.708
     0.467     0.620    -0.630
     0.537     0.622    -0.570
     0.083     0.728    -0.680
     0.195     0.537    -0.821
     0.616     0.341    -0.710
     0.302     0.851    -0.429
     0.443     0.540    -0.716
     0.392     0.785    -0.479
     0.630     0.477    -0.612
     0.404     0.782    -0.475
     0.094     0.510    -0.855
     0.243     0.660    -0.711
     0.572     0.525    -0.630
     0.329     0.463    -0.823
     0.230     0.603    -0.764
     0.484     0.797    -0.362
     0.488     0.560    -0.670
     0.172     0.425    -0.888
     0.397     0.656    -0.642
     0.032     0.528    -0.848
     0.180     0.804    -0.567
     0.184     0.619    -0.763
     0.323     0.347    -0.880
     0.350     0.771    -0.532
     0.301     0.547    -0.781
     0.426     0.568    -0.704
     0.690     0.585    -0.425
     0.695     0.680    -0.233
     0.401     0.795    -0.455
     0.300     0.507    -0.808
     0.554     0.562    -0.615
     0.251     0.785    -0.567
     0.575     0.604    -0.551
     0.369     0.805    -0.465
     0.412     0.827    -0.382
     0.460     0.731    -0.504
     0.290     0.588    -0.755
     0.379     0.501    -0.778
    -0.138     0.786    -0.603
     0.612     0.532    -0.585
     0.091     0.754    -0.651
     0.277     0.782    -0.558
     0.436     0.671    -0.600
     0.319     0.669    -0.671
     0.465     0.862    -0.203
     0.591     0.676    -0.439
     0.648     0.435    -0.625
     0.442     0.630    -0.638
     0.185     0.786    -0.590
     0.631     0.689    -0.357
     0.495     0.627    -0.601
     0.578     0.744    -0.335
     0.509     0.553    -0.660
     0.573     0.533    -0.622
     0.397     0.614    -0.682
     0.152     0.736    -0.660
     0.289     0.299    -0.910
     0.356     0.496    -0.792
     0.486     0.716    -0.501
     0.538     0.747    -0.391
     0.323     0.912    -0.252
     0.011     0.738    -0.674
     0.145     0.477    -0.867
     0.446     0.661    -0.604
     0.316     0.440    -0.841
     0.054     0.580    -0.812
     0.217     0.728    -0.651
     0.268     0.748    -0.608
    -0.207     0.578    -0.790
     0.203     0.288    -0.936
     0.382     0.657    -0.650
     0.150     0.503    -0.851
     0.509     0.443    -0.738
     0.310     0.187    -0.932
     0.126     0.714    -0.689
     0.316     0.794    -0.518
     0.514     0.648    -0.562
     0.475     0.494    -0.728
     0.424     0.730    -0.536
     0.249     0.499    -0.830
     0.529     0.686    -0.500
     0.097     0.503    -0.859
     0.445     0.555    -0.703
     0.502     0.432    -0.750
     0.378     0.667    -0.642
     0.358     0.559    -0.748
     0.323     0.608    -0.725
     0.053     0.906    -0.420
     0.323     0.603    -0.730
     0.116     0.778    -0.617
     0.613     0.445    -0.653
     0.393     0.503    -0.770
     0.165     0.779    -0.605
     0.297     0.573    -0.764
     0.253     0.656    -0.711
    -0.029     0.784    -0.620
     0.244     0.687    -0.684
     0.564     0.684    -0.463
     0.752     0.381    -0.538
     0.258     0.495    -0.830
     0.056     0.782    -0.620
     0.357     0.629    -0.690
     0.237     0.470    -0.850
     0.134     0.708    -0.693
     0.730     0.500    -0.465
     0.245     0.790    -0.563
     0.154     0.630    -0.762
     0.569     0.401    -0.718
     0.266     0.491    -0.829
     0.277     0.671    -0.688
     0.401     0.345    -0.849
     0.379     0.447    -0.810
     0.648     0.378    -0.661
     0.170     0.667    -0.725
     0.373     0.462    -0.804
     0.660     0.561    -0.499
     0.045     0.679    -0.733
     0.431     0.714    -0.552
     0.074     0.593    -0.802
     0.253     0.722    -0.644
     0.260     0.670    -0.695
     0.209     0.713    -0.669
     0.466     0.405    -0.787
     0.710     0.311    -0.632
     0.401     0.566    -0.721
     0.348     0.625    -0.699
     0.363     0.725    -0.586
     0.280     0.082    -0.956
     0.500     0.776    -0.384
     0.699     0.493    -0.518
     0.219     0.787    -0.578
     0.603     0.604    -0.521
     0.213     0.567    -0.796
     0.683     0.478    -0.552
     0.486     0.353    -0.800
     0.363     0.618    -0.697
     0.669     0.658    -0.345
     0.299     0.843    -0.447
     0.199     0.770    -0.606
     0.194     0.861    -0.469
     0.054     0.619    -0.784
     0.287     0.478    -0.830
     0.361     0.772    -0.522
     0.430     0.602    -0.672
     0.337     0.618    -0.710
     0.315     0.801    -0.509
     0.545     0.446    -0.710
     0.468     0.219    -0.856
     0.290     0.663    -0.690
     0.228     0.588    -0.776
     0.639     0.697    -0.324
     0.008     0.584    -0.811
     0.185     0.860    -0.475
     0.553     0.620    -0.557
     0.533     0.566    -0.629
     0.387     0.627    -0.676
     0.367     0.713    -0.598
     0.366     0.720    -0.590
     0.460     0.574    -0.678
     0.590     0.373    -0.716
     0.473     0.632    -0.614
     0.061     0.742    -0.667
     0.163     0.743    -0.649
     0.117     0.864    -0.490
     0.584     0.536    -0.609
     0.469     0.749    -0.467
     0.492     0.760    -0.425
     0.391     0.749    -0.535
     0.285     0.660    -0.695
     0.516     0.794    -0.323
     0.310     0.620    -0.721
     0.594     0.473    -0.651
     0.172     0.667    -0.725
     0.232     0.863    -0.449
     0.353     0.683    -0.639
     0.609     0.382    -0.695
     0.145     0.961    -0.234
     0.355     0.909    -0.217
     0.218     0.630    -0.746
     0.276     0.603    -0.749
     0.276     0.665    -0.694
     0.207     0.627    -0.751
     0.241     0.709    -0.663
     0.511     0.673    -0.535
     0.590     0.557    -0.585
     0.119     0.874    -0.472
     0.381     0.726    -0.573
     0.063     0.857    -0.512
     0.223     0.731    -0.645
     0.488     0.676    -0.553
     0.450     0.493    -0.745
     0.597     0.608    -0.523
     0.265     0.845    -0.464
     0.463     0.276    -0.842
     0.456     0.462    -0.761
     0.361     0.670    -0.648
     0.645     0.694    -0.318
     0.544     0.495    -0.677
     0.286     0.613    -0.736
     0.141     0.761    -0.634
     0.388     0.723    -0.572
     0.502     0.684    -0.530
     0.454     0.619    -0.641
     0.424     0.681    -0.597
     0.416     0.660    -0.625
     0.626     0.690    -0.364
     0.415     0.780    -0.469
     0.653     0.554    -0.516
     0.308     0.707    -0.637
     0.304     0.781    -0.545
     0.529     0.758    -0.381
     0.250     0.699    -0.670
     0.021     0.794    -0.607
     0.336     0.152    -0.929
     0.259     0.821    -0.509
     0.062     0.610    -0.790
     0.463     0.563    -0.685
     0.511     0.562    -0.650
     0.539     0.673    -0.506
     0.308     0.839    -0.449
     0.209     0.873    -0.440
     0.395     0.648    -0.652
     0.276     0.674    -0.685
     0.651     0.503    -0.568
     0.531     0.491    -0.691
     0.720     0.451    -0.527
     0.519     0.407    -0.752
     0.373     0.684    -0.626
     0.305     0.309    -0.901
     0.374     0.805    -0.461
     0.536     0.713    -0.451
     0.196     0.646    -0.738
     0.167     0.793    -0.586
     0.439     0.574    -0.691
     0.293     0.644    -0.707
     0.199     0.451    -0.870
     0.174     0.697    -0.696
     0.292     0.773    -0.563
     0.521     0.445    -0.728
     0.332     0.276    -0.902
     0.203     0.646    -0.736
     0.386     0.500    -0.775
     0.395     0.643    -0.656
     0.167     0.554    -0.815
     0.556     0.547    -0.626
     0.442     0.464    -0.768
     0.113     0.586    -0.803
     0.729     0.597    -0.335
     0.391     0.435    -0.812
     0.193     0.780    -0.595
     0.715     0.559    -0.420
     0.578     0.664    -0.475
     0.388     0.556    -0.735
     0.336     0.668    -0.663
     0.300     0.565    -0.768
     0.196     0.847    -0.494
     0.495     0.343    -0.798
     0.086     0.677    -0.731
     0.569     0.625    -0.535
     0.241     0.447    -0.862
     0.555     0.436    -0.708
     0.454     0.640    -0.620
     0.384     0.580    -0.719
     0.182     0.834    -0.521
     0.475     0.615    -0.629
     0.390     0.495    -0.776
     0.326     0.423    -0.845
     0.173     0.664    -0.727
     0.400     0.695    -0.598
     0.567     0.634    -0.526
     0.566     0.593    -0.573
     0.419     0.624    -0.660
     0.188     0.731    -0.656
     0.350     0.580    -0.735
     0.291     0.645    -0.707
    -0.272     0.770    -0.578
     0.393     0.595    -0.701
     0.414     0.555    -0.721
     0.281     0.616    -0.736
     0.656     0.559    -0.507
     0.445     0.534    -0.719
     0.222     0.592    -0.775
     0.277     0.617    -0.737
     0.638     0.534    -0.555
     0.546     0.553    -0.629
     0.137     0.571    -0.809
     0.167     0.777    -0.607
     0.393     0.542    -0.743
     0.563     0.565    -0.602
     0.364     0.700    -0.615
     0.396     0.554    -0.732
     0.493     0.510    -0.704
     0.418     0.706    -0.571
     0.508     0.646    -0.569
     0.424     0.483    -0.766
     0.261     0.838    -0.478
     0.437     0.520    -0.734
     0.491     0.720    -0.490
     0.418     0.614    -0.669
     0.557     0.720    -0.414
     0.492     0.722    -0.487
     0.456     0.502    -0.735
     0.396     0.712    -0.580
     0.311     0.736    -0.601
     0.676     0.537    -0.504
     0.317     0.562    -0.764
     0.340     0.775    -0.533
     0.334     0.725    -0.603
     0.405     0.682    -0.608
     0.388     0.651    -0.652
     0.159     0.764    -0.625
     0.302     0.633    -0.713
     0.215     0.878    -0.428
     0.241     0.603    -0.761
     0.448     0.303    -0.841
     0.502     0.664    -0.554
     0.215     0.790    -0.574
     0.167     0.748    -0.643
     0.257     0.678    -0.689
     0.355     0.500    -0.790
     0.346     0.709    -0.615
     0.383     0.670    -0.637
     0.469     0.552    -0.689
     0.479     0.596    -0.644
     0.537     0.403    -0.741
     0.655     0.525    -0.544
     0.013     0.559    -0.829
     0.268     0.685    -0.677
     0.422     0.762    -0.490
     0.595     0.634    -0.494
     0.293     0.458    -0.839
     0.577     0.380    -0.723
     0.620     0.585    -0.523
     0.011     0.505    -0.863
     0.470     0.613    -0.635
     0.724     0.359    -0.589
     0.137     0.368    -0.920
     0.505     0.352    -0.788
     0.312     0.582    -0.751
     0.208     0.605    -0.769
     0.451     0.571    -0.686
     0.360     0.548    -0.755
     0.443     0.644    -0.623
     0.294     0.858    -0.421
     0.523     0.789    -0.323
     0.425     0.876    -0.229
     0.177     0.725    -0.665
     0.553     0.405    -0.728
     0.333     0.703    -0.628
     0.444     0.594    -0.671
     0.251     0.247    -0.936
     0.200     0.583    -0.787
     0.395     0.633    -0.666
     0.415     0.599    -0.685
     0.442     0.704    -0.557
     0.436     0.647    -0.625
     0.617     0.495    -0.612
     0.192     0.711    -0.677
     0.594     0.470    -0.653
     0.371     0.758    -0.537
     0.633     0.569    -0.525
     0.439     0.587    -0.680
     0.298     0.661    -0.688
     0.509     0.504    -0.698
     0.455     0.734    -0.504
     0.516     0.677    -0.524
     0.231     0.539    -0.810
     0.410     0.736    -0.539
     0.495     0.633    -0.595
     0.461     0.779    -0.425
     0.030     0.734    -0.679
     0.424     0.843    -0.332
     0.436     0.626    -0.647
     0.253     0.729    -0.635
     0.232     0.798    -0.556
     0.512     0.582    -0.632
     0.865     0.469    -0.180
     0.416     0.452    -0.789
     0.292     0.609    -0.737
     0.322     0.752    -0.575
     0.211     0.726    -0.655
     0.340     0.626    -0.702
     0.614     0.604    -0.508
     0.238     0.562    -0.792
     0.501     0.385    -0.775
     0.363     0.772    -0.522
     0.729     0.503    -0.464
     0.341     0.594    -0.729
     0.582     0.650    -0.488
     0.589     0.441    -0.677
     0.347     0.608    -0.715
     0.361     0.462    -0.810
     0.343     0.518    -0.783
     0.413     0.697    -0.587
     0.595     0.748    -0.294
     0.462     0.625    -0.630
     0.439     0.541    -0.717
     0.257     0.615    -0.745
     0.215     0.775    -0.595
     0.641     0.410    -0.648
     0.661     0.427    -0.617
     0.059     0.754    -0.654
     0.173     0.579    -0.796
     0.615     0.437    -0.657
     0.469     0.688    -0.554
     0.557     0.606    -0.568
     0.283     0.530    -0.800
     0.209     0.724    -0.658
     0.379     0.655    -0.654
     0.290     0.578    -0.763
     0.389     0.639    -0.664
     0.484     0.529    -0.697
     0.388     0.780    -0.491
     0.365     0.582    -0.727
     0.273     0.601    -0.751
     0.388     0.520    -0.761
     0.388     0.549    -0.740
     0.047     0.774    -0.631
     0.248     0.931    -0.267
     0.803     0.296    -0.518
     0.406     0.657    -0.635
     0.520     0.715    -0.467
     0.318     0.505    -0.803
     0.456     0.675    -0.580
     0.512     0.711    -0.482
     0.365     0.763    -0.534
     0.151     0.845    -0.514
     0.647     0.561    -0.516
     0.258     0.639    -0.725
     0.473     0.704    -0.531
     0.212     0.846    -0.489
     0.222     0.542    -0.811
     0.614     0.621    -0.486
     0.161     0.803    -0.574
     0.036     0.892    -0.451
     0.154     0.301    -0.941
     0.365     0.710    -0.602
     0.371     0.771    -0.517
     0.258     0.809    -0.529
     0.615     0.086    -0.784
     0.443     0.642    -0.625
     0.128     0.562    -0.817
     0.402     0.671    -0.623
     0.498     0.574    -0.650
     0.328     0.762    -0.559
     0.456     0.379    -0.805
     0.499     0.566    -0.656
     0.346     0.608    -0.715
     0.139     0.752    -0.644
     0.309     0.824    -0.474
     0.289     0.778    -0.558
     0.363     0.799    -0.479
     0.351     0.548    -0.759
     0.288     0.663    -0.691
     0.453     0.403    -0.795
    -0.067     0.801    -0.594
     0.226     0.776    -0.589
     0.381     0.805    -0.455
     0.280     0.624    -0.730
     0.435     0.817    -0.377
     0.384     0.776    -0.501
     0.146     0.763    -0.630
     0.128     0.832    -0.540
     0.543     0.715    -0.439
     0.542     0.634    -0.552
     0.333     0.637    -0.695
     0.370     0.656    -0.658
     0.525     0.505    -0.685
     0.373     0.808    -0.456
     0.416     0.629    -0.656
     0.249     0.467    -0.849
     0.419     0.586    -0.694
     0.148     0.784    -0.603
     0.094     0.640    -0.763
     0.397     0.790    -0.466
     0.404     0.493    -0.770
     0.349     0.591    -0.727
     0.079     0.548    -0.833
     0.405     0.804    -0.436
     0.439     0.499    -0.747
     0.687     0.604    -0.403
    -0.177     0.340    -0.924
     0.732     0.680    -0.046
     0.326     0.711    -0.623
     0.604     0.157    -0.781
     0.077     0.918    -0.390
     0.363     0.564    -0.742
     0.036     0.680    -0.732
     0.390     0.823    -0.414
     0.605     0.607    -0.515
     0.361     0.587    -0.725
     0.490     0.477    -0.730
     0.416     0.622    -0.664
     0.325     0.680    -0.657
     0.617     0.663    -0.424
     0.074     0.812    -0.579
     0.066     0.641    -0.765
     0.125     0.722    -0.680
     0.240     0.696    -0.677
     0.544     0.531    -0.650
     0.674     0.648    -0.355
     0.380     0.280    -0.881
     0.203     0.735    -0.647
     0.618     0.328    -0.715
     0.381     0.740    -0.555
     0.574     0.620    -0.534
     0.291     0.474    -0.831
     0.313     0.798    -0.514
     0.339     0.749    -0.570
     0.409     0.506    -0.760
     0.385     0.630    -0.675
     0.044     0.734    -0.678
     0.382     0.642    -0.665
     0.582     0.520    -0.625
     0.320     0.561    -0.763
     0.488     0.451    -0.747
     0.485     0.696    -0.529
     0.250     0.659    -0.710
     0.417     0.542    -0.730
     0.397     0.656    -0.642
     0.339     0.821    -0.460
     0.655     0.421    -0.628
     0.579     0.622    -0.527
     0.039     0.595    -0.803
     0.606     0.217    -0.766
     0.098     0.346    -0.933
     0.221     0.693    -0.686
     0.644     0.551    -0.532
     0.502     0.595    -0.627
     0.497     0.732    -0.466
     0.436     0.511    -0.741
     0.199     0.799    -0.568
     0.148     0.636    -0.757
     0.173     0.727    -0.665
     0.421     0.877    -0.230
     0.311     0.735    -0.603
     0.378     0.573    -0.727
     0.094     0.861    -0.500
     0.202     0.729    -0.654
     0.554     0.656    -0.512
     0.455     0.834    -0.312
     0.521     0.531    -0.668
     0.422     0.510    -0.749
     0.402     0.782    -0.476
     0.482     0.484    -0.731
    -0.260     0.888    -0.379
     0.320     0.751    -0.577
     0.210     0.622    -0.755
     0.209     0.583    -0.785
     0.528     0.712    -0.463
     0.196     0.629    -0.752
     0.388     0.692    -0.609
     0.167     0.362    -0.917
     0.493     0.627    -0.604
     0.091     0.739    -0.668
     0.214     0.841    -0.496
     0.423     0.514    -0.746
     0.306     0.877    -0.370
     0.455     0.686    -0.568
     0.330     0.705    -0.628
     0.444     0.420    -0.792
     0.238     0.590    -0.772
     0.090     0.741    -0.665
     0.594     0.395    -0.701
     0.568     0.679    -0.466
     0.441     0.408    -0.799
     0.249     0.715    -0.654
     0.557     0.438    -0.706
     0.104     0.606    -0.789
     0.504     0.717    -0.482
     0.610     0.544    -0.576
     0.316     0.614    -0.723
     0.286     0.525    -0.802
     0.254     0.787    -0.562
     0.308     0.779    -0.547
     0.361     0.518    -0.775
     0.175     0.823    -0.540
     0.577     0.772    -0.265
     0.201     0.737    -0.646
     0.459     0.402    -0.793
     0.476     0.611    -0.633
     0.466     0.674    -0.573
     0.324     0.634    -0.702
     0.127     0.721    -0.681
     0.563     0.396    -0.726
     0.487     0.645    -0.588
     0.569     0.587    -0.576
     0.258     0.590    -0.765
     0.223     0.674    -0.704
     0.160     0.748    -0.644
     0.207     0.612    -0.764
     0.525     0.359    -0.772
     0.163     0.743    -0.649
     0.282     0.466    -0.839
     0.567     0.545    -0.618
     0.333     0.709    -0.622
     0.591     0.605    -0.533
     0.338     0.690    -0.640
     0.277     0.723    -0.633
     0.279     0.526    -0.804
     0.122     0.869    -0.480
     0.519     0.644    -0.562
     0.375     0.642    -0.668
     0.520     0.592    -0.616
     0.189     0.615    -0.766
     0.326     0.627    -0.708
     0.080     0.630    -0.773
     0.435     0.622    -0.651
     0.217     0.800    -0.559
     0.398     0.507    -0.765
     0.625     0.729    -0.281
     0.361     0.826    -0.433
     0.053     0.706    -0.706
     0.350     0.547    -0.761
     0.252     0.786    -0.564
     0.394     0.641    -0.659
     0.517     0.631    -0.578
     0.651     0.549    -0.524
     0.381     0.601    -0.703
     0.439     0.778    -0.449
     0.024     0.867    -0.498
     0.232     0.753    -0.615
     0.491     0.726    -0.481
     0.394     0.614    -0.684
     0.469     0.620    -0.630
     0.399     0.529    -0.749
     0.189     0.464    -0.865
     0.352     0.814    -0.463
     0.089     0.599    -0.796
     0.587     0.502    -0.635
     0.315     0.797    -0.515
     0.125     0.628    -0.768
     0.670     0.688    -0.279
     0.336     0.565    -0.754
     0.169     0.665    -0.727
     0.510     0.701    -0.498
     0.210     0.558    -0.803
     0.385     0.558    -0.735
     0.471     0.490    -0.734
     0.403     0.719    -0.566
     0.489     0.715    -0.499
     0.592     0.499    -0.633
     0.544     0.537    -0.644
     0.577     0.354    -0.736
     0.446     0.664    -0.600
     0.258     0.774    -0.578
     0.386     0.605    -0.696
     0.284     0.497    -0.820
     0.207     0.770    -0.603
     0.127     0.160    -0.979
     0.434     0.760    -0.483
     0.360     0.481    -0.799
     0.336     0.777    -0.532
     0.287     0.656    -0.698
     0.637     0.582    -0.506
     0.516     0.535    -0.670
     0.172     0.459    -0.871
     0.545     0.493    -0.678
     0.497     0.611    -0.616
     0.541     0.619    -0.569
     0.080     0.629    -0.774
     0.344     0.653    -0.675
     0.397     0.872    -0.285
     0.535     0.741    -0.405
     0.250     0.691    -0.678
     0.184     0.718    -0.671
     0.261     0.596    -0.759
     0.094     0.812    -0.576
     0.232     0.543    -0.807
     0.568     0.505    -0.650
     0.245     0.618    -0.747
     0.414     0.458    -0.786
     0.214     0.404    -0.889
     0.377     0.510    -0.773
     0.240     0.725    -0.645
     0.391     0.480    -0.785
     0.521     0.706    -0.480
     0.427     0.832    -0.355
     0.110     0.935    -0.337
     0.723     0.231    -0.651
     0.486     0.701    -0.523
    -0.031     0.901    -0.433
     0.208     0.682    -0.701
     0.205     0.627    -0.752
     0.173     0.495    -0.852
     0.363     0.573    -0.735
     0.262     0.866    -0.427
     0.317     0.708    -0.631
     0.510     0.720    -0.470
     0.143     0.532    -0.834
     0.438     0.546    -0.714
    -0.234     0.786    -0.572
     0.144     0.627    -0.766
     0.360     0.746    -0.560
     0.565     0.529    -0.633
     0.106     0.540    -0.835
     0.093     0.729    -0.678
     0.396     0.430    -0.811
     0.288     0.475    -0.831
     0.746     0.487    -0.454
     0.345     0.248    -0.905
     0.212     0.700    -0.682
     0.472     0.765    -0.439
     0.552     0.534    -0.640
     0.623     0.266    -0.735
     0.421     0.542    -0.727
     0.482     0.510    -0.713
     0.098     0.460    -0.883
     0.411     0.600    -0.686
     0.401     0.773    -0.491
     0.559     0.568    -0.604
     0.487     0.479    -0.730
     0.367     0.584    -0.724
     0.295     0.736    -0.609
     0.415     0.601    -0.683
     0.111     0.251    -0.962
     0.504     0.619    -0.602
     0.140     0.515    -0.846
     0.624     0.380    -0.683
     0.264     0.682    -0.683
     0.530     0.639    -0.557
     0.012     0.806    -0.592
     0.147     0.695    -0.704
     0.300     0.827    -0.476
     0.659     0.209    -0.723
     0.446     0.665    -0.600
     0.350     0.786    -0.510
     0.342     0.805    -0.484
     0.133     0.645    -0.752
     0.303     0.736    -0.605
     0.419     0.608    -0.675
     0.611     0.526    -0.592
     0.547     0.675    -0.496
     0.473     0.662    -0.581
     0.559     0.675    -0.481
     0.352     0.554    -0.754
     0.433     0.353    -0.829
     0.642     0.582    -0.499
     0.595     0.726    -0.344
    -0.039     0.548    -0.835
     0.401     0.419    -0.815
     0.429     0.509    -0.747
     0.148     0.573    -0.806
     0.621     0.490    -0.612
     0.165     0.505    -0.847
    -0.036     0.751    -0.659
     0.368     0.718    -0.590
     0.318     0.676    -0.664
     0.800     0.361    -0.478
     0.344     0.717    -0.606
     0.624     0.578    -0.526
     0.468     0.762    -0.449
     0.524     0.665    -0.532
     0.676     0.554    -0.486
     0.025     0.722    -0.691
     0.436     0.698    -0.568
     0.440     0.829    -0.345
     0.406     0.786    -0.466
     0.549     0.563    -0.617
     0.529     0.352    -0.772
     0.263     0.711    -0.652
     0.676     0.646    -0.355
     0.319     0.539    -0.780
     0.469     0.599    -0.649
     0.515     0.574    -0.636
     0.192     0.372    -0.908
     0.394     0.796    -0.459
     0.378     0.467    -0.799
     0.748     0.481    -0.457
     0.195     0.690    -0.697
     0.344     0.706    -0.619
     0.311     0.554    -0.772
     0.286     0.634    -0.718
     0.373     0.784    -0.496
     0.479     0.612    -0.629
     0.594     0.654    -0.469
     0.349     0.685    -0.639
     0.648     0.593    -0.479
     0.185     0.534    -0.825
     0.182     0.535    -0.825
     0.385     0.725    -0.571
    -0.028     0.627    -0.779
     0.439     0.650    -0.619
     0.287     0.313    -0.905
     0.636     0.542    -0.550
     0.037     0.651    -0.759
     0.439     0.243    -0.865
     0.397     0.343    -0.851
     0.766     0.498    -0.406
     0.468     0.413    -0.781
     0.609     0.592    -0.527
     0.194     0.764    -0.616
     0.817     0.418    -0.396
     0.349     0.693    -0.631
     0.264     0.719    -0.643
     0.491     0.728    -0.478
     0.441     0.706    -0.554
     0.516     0.622    -0.589
     0.643     0.359    -0.676
     0.328     0.770    -0.548
     0.547     0.480    -0.686
     0.465     0.724    -0.510
     0.515     0.550    -0.657
     0.584     0.531    -0.613
     0.538     0.450    -0.713
     0.538     0.530    -0.656
     0.218     0.542    -0.811
     0.414     0.877    -0.244
     0.358     0.533    -0.767
     0.410     0.701    -0.584
     0.116     0.799    -0.590
     0.237     0.244    -0.940
     0.488     0.585    -0.648
     0.387     0.492    -0.780
