    -0.062    -0.557    -0.828
     0.068    -0.372    -0.926
     0.152    -0.576    -0.803
     0.100    -0.490    -0.866
    -0.029    -0.543    -0.839
    -0.152    -0.536    -0.831
    -0.036    -0.492    -0.870
     0.140    -0.573    -0.807
     0.135    -0.573    -0.808
     0.020    -0.519    -0.854
    -0.025    -0.503    -0.864
     0.049    -0.486    -0.873
    -0.057    -0.580    -0.813
    -0.060    -0.546    -0.836
     0.107    -0.563    -0.819
    -0.046    -0.475    -0.879
    -0.109    -0.629    -0.770
     0.062    -0.503    -0.862
     0.029    -0.530    -0.848
    -0.064    -0.557    -0.828
     0.073    -0.626    -0.776
    -0.062    -0.470    -0.880
    -0.055    -0.592    -0.804
     0.020    -0.630    -0.776
     0.043    -0.509    -0.860
    -0.112    -0.513    -0.851
     0.033    -0.504    -0.863
     0.069    -0.527    -0.847
     0.088    -0.533    -0.842
     0.216    -0.354    -0.910
     0.018    -0.572    -0.820
     0.017    -0.518    -0.855
    -0.076    -0.422    -0.903
     0.053    -0.495    -0.867
     0.130    -0.537    -0.833
     0.012    -0.555    -0.832
     0.084    -0.503    -0.860
     0.046    -0.424    -0.904
     0.006    -0.549    -0.836
    -0.049    -0.485    -0.873
    -0.027    -0.519    -0.854
    -0.052    -0.516    -0.855
     0.050    -0.552    -0.832
     0.010    -0.661    -0.750
     0.050    -0.467    -0.883
     0.063    -0.565    -0.823
    -0.034    -0.555    -0.831
    -0.126    -0.512    -0.850
     0.047    -0.441    -0.896
     0.009    -0.489    -0.872
    -0.079    -0.543    -0.836
     0.082    -0.447    -0.891
     0.006    -0.499    -0.867
    -0.123    -0.495    -0.860
    -0.060    -0.547    -0.835
     0.105    -0.503    -0.858
     0.117    -0.474    -0.873
     0.040    -0.515    -0.856
     0.049    -0.451    -0.891
     0.071    -0.543    -0.836
     0.092    -0.632    -0.770
    -0.024    -0.526    -0.850
    -0.058    -0.386    -0.921
    -0.038    -0.572    -0.820
     0.044    -0.527    -0.849
     0.108    -0.536    -0.837
     0.049    -0.360    -0.932
     0.030    -0.425    -0.905
     0.018    -0.544    -0.839
     0.070    -0.543    -0.837
     0.113    -0.592    -0.798
    -0.042    -0.544    -0.838
    -0.011    -0.575    -0.818
     0.053    -0.506    -0.861
    -0.042    -0.532    -0.846
    -0.055    -0.514    -0.856
     0.155    -0.574    -0.804
     0.121    -0.507    -0.853
    -0.012    -0.410    -0.912
     0.067    -0.509    -0.858
     0.083    -0.598    -0.797
     0.079    -0.572    -0.817
    -0.003    -0.435    -0.900
     0.111    -0.563    -0.819
     0.112    -0.487    -0.866
    -0.034    -0.515    -0.857
     0.100    -0.539    -0.837
     0.112    -0.469    -0.876
     0.052    -0.536    -0.843
     0.002    -0.604    -0.797
    -0.057    -0.387    -0.920
     0.146    -0.506    -0.850
    -0.096    -0.494    -0.864
     0.013    -0.590    -0.807
     0.071    -0.549    -0.833
     0.049    -0.470    -0.882
     0.076    -0.527    -0.846
     0.122    -0.514    -0.849
    -0.056    -0.432    -0.900
    -0.047    -0.508    -0.860
     0.173    -0.576    -0.799
    -0.051    -0.544    -0.837
     0.015    -0.455    -0.890
     0.013    -0.549    -0.836
     0.136    -0.493    -0.859
     0.077    -0.640    -0.765
     0.108    -0.617    -0.780
     0.063    -0.560    -0.826
     0.159    -0.473    -0.867
     0.018    -0.496    -0.868
    -0.049    -0.534    -0.844
     0.176    -0.643    -0.745
     0.051    -0.687    -0.725
     0.098    -0.522    -0.847
     0.134    -0.518    -0.844
     0.063    -0.662    -0.747
    -0.009    -0.572    -0.820
     0.173    -0.517    -0.839
     0.040    -0.444    -0.895
     0.005    -0.480    -0.877
    -0.021    -0.412    -0.911
     0.090    -0.586    -0.805
     0.085    -0.431    -0.898
     0.011    -0.554    -0.833
    -0.091    -0.503    -0.859
    -0.033    -0.458    -0.888
     0.018    -0.592    -0.806
     0.029    -0.617    -0.787
    -0.074    -0.332    -0.940
     0.063    -0.549    -0.833
    -0.091    -0.452    -0.887
    -0.010    -0.504    -0.864
     0.049    -0.429    -0.902
     0.015    -0.361    -0.933
    -0.069    -0.383    -0.921
     0.056    -0.527    -0.848
     0.068    -0.526    -0.848
     0.086    -0.502    -0.860
    -0.010    -0.597    -0.803
    -0.022    -0.531    -0.847
     0.138    -0.534    -0.834
    -0.044    -0.487    -0.873
    -0.008    -0.488    -0.873
    -0.073    -0.468    -0.881
     0.061    -0.481    -0.875
     0.028    -0.398    -0.917
     0.040    -0.500    -0.865
     0.060    -0.545    -0.836
    -0.066    -0.409    -0.910
     0.130    -0.487    -0.864
     0.075    -0.528    -0.846
    -0.046    -0.550    -0.834
     0.102    -0.525    -0.845
     0.030    -0.484    -0.874
    -0.011    -0.532    -0.847
     0.085    -0.493    -0.866
     0.042    -0.520    -0.853
    -0.180    -0.456    -0.872
     0.145    -0.576    -0.804
     0.020    -0.452    -0.892
    -0.046    -0.463    -0.885
     0.031    -0.520    -0.854
     0.010    -0.509    -0.860
     0.057    -0.482    -0.875
     0.088    -0.498    -0.863
     0.008    -0.610    -0.792
    -0.038    -0.465    -0.885
     0.126    -0.429    -0.894
     0.115    -0.407    -0.906
     0.034    -0.382    -0.924
    -0.011    -0.485    -0.874
    -0.108    -0.501    -0.859
     0.166    -0.485    -0.858
     0.089    -0.558    -0.825
     0.105    -0.493    -0.864
     0.056    -0.421    -0.906
     0.168    -0.593    -0.787
     0.050    -0.435    -0.899
     0.166    -0.543    -0.823
    -0.070    -0.415    -0.907
     0.043    -0.588    -0.807
     0.044    -0.428    -0.903
    -0.053    -0.579    -0.814
     0.023    -0.634    -0.773
     0.082    -0.534    -0.841
     0.011    -0.587    -0.809
    -0.109    -0.530    -0.841
     0.110    -0.583    -0.805
     0.013    -0.502    -0.865
     0.017    -0.563    -0.826
     0.131    -0.396    -0.909
     0.098    -0.480    -0.872
     0.062    -0.437    -0.897
    -0.074    -0.586    -0.807
     0.107    -0.575    -0.811
    -0.032    -0.462    -0.886
     0.017    -0.480    -0.877
     0.059    -0.507    -0.860
     0.065    -0.455    -0.888
     0.080    -0.543    -0.836
     0.131    -0.507    -0.852
     0.006    -0.541    -0.841
     0.041    -0.511    -0.859
     0.024    -0.508    -0.861
    -0.141    -0.521    -0.842
     0.112    -0.479    -0.871
     0.044    -0.481    -0.875
     0.125    -0.554    -0.823
    -0.047    -0.625    -0.779
     0.028    -0.529    -0.848
     0.027    -0.533    -0.846
    -0.069    -0.478    -0.876
     0.116    -0.537    -0.836
     0.124    -0.353    -0.927
    -0.077    -0.515    -0.854
    -0.067    -0.490    -0.869
     0.248    -0.584    -0.773
     0.017    -0.425    -0.905
     0.081    -0.572    -0.816
     0.010    -0.534    -0.845
     0.107    -0.618    -0.779
     0.029    -0.471    -0.882
     0.106    -0.471    -0.876
    -0.049    -0.584    -0.810
     0.081    -0.533    -0.842
    -0.123    -0.540    -0.833
     0.023    -0.554    -0.832
     0.106    -0.541    -0.834
     0.007    -0.551    -0.834
     0.129    -0.494    -0.860
    -0.068    -0.461    -0.885
     0.202    -0.591    -0.781
     0.085    -0.622    -0.778
    -0.079    -0.548    -0.833
     0.073    -0.517    -0.853
     0.019    -0.412    -0.911
     0.072    -0.470    -0.880
     0.245    -0.394    -0.886
     0.130    -0.566    -0.814
     0.041    -0.472    -0.880
    -0.001    -0.461    -0.887
     0.028    -0.562    -0.826
     0.117    -0.542    -0.832
     0.074    -0.524    -0.849
     0.064    -0.512    -0.857
     0.115    -0.501    -0.858
    -0.019    -0.648    -0.761
     0.109    -0.515    -0.850
     0.023    -0.509    -0.860
     0.009    -0.507    -0.862
     0.169    -0.525    -0.834
    -0.008    -0.490    -0.871
    -0.063    -0.470    -0.880
    -0.149    -0.575    -0.804
    -0.091    -0.447    -0.890
    -0.021    -0.485    -0.874
     0.027    -0.561    -0.828
     0.137    -0.506    -0.852
     0.072    -0.499    -0.864
    -0.056    -0.529    -0.847
     0.063    -0.433    -0.899
     0.025    -0.534    -0.845
     0.014    -0.578    -0.816
    -0.004    -0.551    -0.834
    -0.070    -0.517    -0.853
    -0.037    -0.576    -0.816
     0.227    -0.530    -0.817
     0.070    -0.583    -0.809
     0.005    -0.643    -0.766
     0.177    -0.551    -0.816
    -0.057    -0.457    -0.887
     0.149    -0.439    -0.886
     0.011    -0.604    -0.797
     0.124    -0.482    -0.867
     0.009    -0.465    -0.885
     0.053    -0.501    -0.864
    -0.113    -0.372    -0.921
    -0.021    -0.553    -0.833
     0.045    -0.598    -0.801
    -0.068    -0.440    -0.895
    -0.096    -0.551    -0.829
     0.119    -0.515    -0.849
     0.026    -0.504    -0.863
     0.067    -0.468    -0.881
    -0.055    -0.487    -0.872
    -0.040    -0.449    -0.893
    -0.004    -0.566    -0.824
     0.080    -0.354    -0.932
     0.066    -0.641    -0.765
    -0.081    -0.456    -0.886
     0.119    -0.475    -0.872
     0.110    -0.687    -0.718
    -0.136    -0.562    -0.816
     0.031    -0.652    -0.757
     0.150    -0.571    -0.807
     0.088    -0.588    -0.804
    -0.117    -0.400    -0.909
     0.037    -0.456    -0.889
     0.061    -0.539    -0.840
     0.145    -0.592    -0.793
    -0.015    -0.626    -0.780
    -0.070    -0.444    -0.893
     0.170    -0.555    -0.815
     0.060    -0.515    -0.855
     0.075    -0.491    -0.868
     0.185    -0.466    -0.865
     0.094    -0.436    -0.895
     0.057    -0.569    -0.821
    -0.022    -0.517    -0.856
     0.026    -0.493    -0.870
     0.181    -0.562    -0.807
     0.104    -0.452    -0.886
     0.092    -0.403    -0.910
     0.064    -0.389    -0.919
     0.120    -0.537    -0.835
    -0.048    -0.572    -0.819
    -0.009    -0.533    -0.846
     0.026    -0.437    -0.899
     0.032    -0.522    -0.853
    -0.097    -0.498    -0.862
     0.089    -0.554    -0.828
     0.025    -0.507    -0.862
    -0.047    -0.564    -0.825
     0.130    -0.526    -0.840
     0.115    -0.559    -0.821
     0.034    -0.617    -0.786
    -0.034    -0.541    -0.840
    -0.030    -0.477    -0.879
    -0.025    -0.500    -0.865
     0.061    -0.508    -0.859
     0.172    -0.565    -0.807
     0.020    -0.480    -0.877
     0.216    -0.637    -0.740
     0.027    -0.503    -0.864
     0.080    -0.510    -0.857
     0.062    -0.551    -0.832
    -0.049    -0.510    -0.859
     0.074    -0.427    -0.901
    -0.073    -0.509    -0.858
    -0.072    -0.474    -0.878
    -0.090    -0.603    -0.792
    -0.086    -0.497    -0.863
    -0.002    -0.417    -0.909
     0.064    -0.460    -0.885
     0.011    -0.560    -0.828
    -0.051    -0.439    -0.897
     0.062    -0.499    -0.864
    -0.000    -0.490    -0.872
    -0.042    -0.475    -0.879
     0.060    -0.532    -0.845
    -0.113    -0.589    -0.800
    -0.027    -0.534    -0.845
     0.088    -0.444    -0.892
    -0.017    -0.488    -0.873
     0.056    -0.491    -0.869
     0.022    -0.457    -0.889
     0.029    -0.467    -0.884
     0.057    -0.475    -0.878
     0.036    -0.528    -0.849
    -0.112    -0.517    -0.849
     0.028    -0.529    -0.848
    -0.029    -0.477    -0.879
     0.027    -0.572    -0.820
     0.086    -0.506    -0.858
    -0.052    -0.578    -0.814
     0.055    -0.578    -0.814
     0.136    -0.554    -0.822
    -0.121    -0.529    -0.840
    -0.021    -0.440    -0.898
     0.101    -0.537    -0.837
     0.208    -0.523    -0.827
    -0.077    -0.466    -0.881
     0.086    -0.419    -0.904
     0.057    -0.516    -0.855
     0.087    -0.455    -0.886
     0.050    -0.692    -0.720
    -0.032    -0.553    -0.833
     0.133    -0.542    -0.830
     0.111    -0.406    -0.907
     0.018    -0.586    -0.810
     0.068    -0.476    -0.877
     0.031    -0.502    -0.864
     0.095    -0.452    -0.887
    -0.009    -0.481    -0.877
     0.167    -0.609    -0.775
     0.113    -0.418    -0.902
     0.024    -0.576    -0.817
     0.017    -0.496    -0.868
    -0.027    -0.468    -0.883
     0.113    -0.416    -0.902
     0.273    -0.436    -0.858
    -0.026    -0.562    -0.827
     0.016    -0.482    -0.876
     0.033    -0.493    -0.870
     0.054    -0.660    -0.749
    -0.051    -0.495    -0.868
     0.012    -0.579    -0.815
     0.042    -0.478    -0.877
    -0.019    -0.558    -0.829
     0.003    -0.520    -0.854
     0.032    -0.513    -0.858
    -0.007    -0.541    -0.841
    -0.040    -0.504    -0.863
     0.108    -0.518    -0.849
    -0.040    -0.506    -0.861
    -0.065    -0.560    -0.826
     0.027    -0.509    -0.860
    -0.065    -0.449    -0.891
     0.054    -0.513    -0.856
     0.028    -0.485    -0.874
     0.044    -0.565    -0.824
     0.072    -0.535    -0.842
    -0.172    -0.627    -0.760
    -0.064    -0.558    -0.828
     0.133    -0.564    -0.815
     0.131    -0.524    -0.842
     0.119    -0.505    -0.855
     0.053    -0.500    -0.864
     0.026    -0.678    -0.735
    -0.066    -0.544    -0.837
    -0.085    -0.476    -0.875
     0.134    -0.527    -0.839
    -0.017    -0.536    -0.844
    -0.122    -0.518    -0.847
     0.036    -0.490    -0.871
    -0.018    -0.544    -0.839
    -0.006    -0.584    -0.812
     0.027    -0.522    -0.852
     0.116    -0.594    -0.796
     0.026    -0.629    -0.777
    -0.006    -0.558    -0.830
     0.080    -0.506    -0.859
    -0.016    -0.525    -0.851
    -0.050    -0.453    -0.890
    -0.094    -0.466    -0.880
     0.024    -0.583    -0.812
     0.003    -0.456    -0.890
     0.048    -0.555    -0.830
     0.002    -0.455    -0.890
    -0.017    -0.624    -0.781
    -0.070    -0.270    -0.960
     0.019    -0.626    -0.780
     0.112    -0.491    -0.864
    -0.168    -0.518    -0.838
     0.105    -0.504    -0.857
     0.139    -0.562    -0.816
     0.039    -0.477    -0.878
    -0.045    -0.547    -0.836
     0.010    -0.469    -0.883
     0.018    -0.443    -0.896
     0.066    -0.482    -0.874
     0.074    -0.579    -0.812
     0.191    -0.546    -0.816
    -0.012    -0.524    -0.851
     0.069    -0.407    -0.911
     0.151    -0.506    -0.849
     0.046    -0.698    -0.715
     0.019    -0.562    -0.827
    -0.033    -0.498    -0.867
     0.144    -0.544    -0.827
    -0.008    -0.667    -0.745
    -0.023    -0.471    -0.882
     0.105    -0.493    -0.863
     0.097    -0.551    -0.829
     0.124    -0.416    -0.901
    -0.011    -0.421    -0.907
    -0.083    -0.459    -0.885
     0.121    -0.558    -0.821
     0.179    -0.492    -0.852
     0.148    -0.623    -0.768
     0.133    -0.560    -0.818
     0.096    -0.533    -0.841
     0.054    -0.548    -0.835
     0.019    -0.553    -0.833
     0.115    -0.424    -0.898
     0.072    -0.517    -0.853
     0.034    -0.574    -0.818
     0.176    -0.496    -0.850
    -0.034    -0.529    -0.848
    -0.030    -0.469    -0.883
     0.007    -0.481    -0.877
     0.053    -0.480    -0.876
     0.080    -0.497    -0.864
    -0.029    -0.444    -0.896
     0.034    -0.597    -0.801
    -0.090    -0.525    -0.846
     0.011    -0.478    -0.878
    -0.132    -0.595    -0.793
    -0.046    -0.444    -0.895
    -0.038    -0.614    -0.788
     0.094    -0.315    -0.945
    -0.009    -0.534    -0.845
     0.029    -0.441    -0.897
     0.061    -0.515    -0.855
     0.028    -0.567    -0.823
    -0.032    -0.632    -0.774
    -0.001    -0.432    -0.902
     0.093    -0.494    -0.865
     0.113    -0.406    -0.907
    -0.061    -0.624    -0.779
     0.069    -0.570    -0.819
     0.074    -0.600    -0.797
     0.102    -0.580    -0.808
    -0.133    -0.533    -0.836
     0.143    -0.547    -0.825
     0.141    -0.531    -0.835
     0.123    -0.466    -0.876
     0.017    -0.500    -0.866
    -0.075    -0.429    -0.900
    -0.050    -0.408    -0.912
     0.129    -0.540    -0.832
    -0.058    -0.485    -0.873
     0.127    -0.445    -0.886
     0.127    -0.661    -0.739
     0.120    -0.436    -0.892
    -0.131    -0.398    -0.908
     0.091    -0.559    -0.824
    -0.031    -0.424    -0.905
     0.060    -0.555    -0.830
     0.041    -0.455    -0.890
     0.017    -0.463    -0.886
     0.089    -0.428    -0.899
     0.173    -0.535    -0.827
     0.216    -0.596    -0.773
     0.161    -0.458    -0.874
    -0.007    -0.616    -0.788
    -0.063    -0.521    -0.852
    -0.080    -0.508    -0.858
     0.051    -0.538    -0.841
     0.141    -0.441    -0.886
     0.113    -0.498    -0.860
     0.130    -0.348    -0.928
     0.098    -0.543    -0.834
     0.209    -0.610    -0.764
    -0.023    -0.541    -0.841
     0.050    -0.600    -0.798
    -0.042    -0.529    -0.848
    -0.050    -0.494    -0.868
    -0.080    -0.673    -0.735
     0.161    -0.449    -0.879
     0.060    -0.552    -0.832
     0.088    -0.520    -0.849
     0.113    -0.404    -0.908
     0.081    -0.349    -0.934
     0.118    -0.505    -0.855
     0.048    -0.396    -0.917
     0.122    -0.502    -0.856
     0.085    -0.382    -0.920
     0.087    -0.464    -0.881
     0.122    -0.542    -0.831
    -0.019    -0.500    -0.866
     0.044    -0.558    -0.829
     0.097    -0.556    -0.825
    -0.007    -0.615    -0.788
     0.042    -0.534    -0.845
    -0.031    -0.526    -0.850
     0.040    -0.555    -0.831
    -0.025    -0.276    -0.961
     0.049    -0.446    -0.894
     0.108    -0.342    -0.933
     0.148    -0.499    -0.854
    -0.136    -0.507    -0.851
     0.119    -0.496    -0.860
     0.041    -0.476    -0.879
     0.138    -0.507    -0.851
     0.121    -0.462    -0.879
     0.170    -0.412    -0.895
    -0.014    -0.567    -0.824
    -0.030    -0.456    -0.889
     0.073    -0.630    -0.773
    -0.052    -0.439    -0.897
     0.127    -0.422    -0.898
     0.127    -0.469    -0.874
    -0.049    -0.387    -0.921
     0.122    -0.431    -0.894
    -0.005    -0.733    -0.680
     0.090    -0.436    -0.895
    -0.071    -0.452    -0.889
     0.100    -0.434    -0.895
    -0.003    -0.528    -0.849
     0.137    -0.520    -0.843
     0.048    -0.547    -0.836
     0.041    -0.598    -0.800
    -0.056    -0.351    -0.935
     0.125    -0.473    -0.872
    -0.068    -0.551    -0.832
    -0.048    -0.642    -0.765
     0.049    -0.552    -0.832
     0.001    -0.473    -0.881
     0.022    -0.419    -0.908
     0.168    -0.603    -0.780
     0.064    -0.581    -0.811
    -0.062    -0.488    -0.871
    -0.088    -0.486    -0.869
     0.057    -0.506    -0.861
     0.118    -0.528    -0.841
     0.107    -0.556    -0.825
    -0.011    -0.473    -0.881
    -0.018    -0.516    -0.856
     0.072    -0.504    -0.861
     0.053    -0.512    -0.857
     0.032    -0.486    -0.873
    -0.020    -0.524    -0.852
    -0.015    -0.587    -0.809
    -0.037    -0.490    -0.871
    -0.050    -0.532    -0.845
     0.107    -0.410    -0.906
    -0.094    -0.584    -0.806
     0.039    -0.541    -0.840
    -0.055    -0.474    -0.879
     0.003    -0.458    -0.889
     0.135    -0.411    -0.901
    -0.071    -0.456    -0.887
     0.173    -0.380    -0.909
    -0.031    -0.472    -0.881
    -0.005    -0.604    -0.797
     0.191    -0.504    -0.842
    -0.013    -0.455    -0.890
     0.031    -0.503    -0.864
    -0.038    -0.568    -0.822
     0.047    -0.483    -0.874
     0.060    -0.421    -0.905
     0.026    -0.631    -0.775
     0.063    -0.469    -0.881
     0.047    -0.506    -0.861
     0.011    -0.534    -0.846
     0.088    -0.384    -0.919
     0.058    -0.558    -0.828
    -0.003    -0.513    -0.858
     0.015    -0.584    -0.811
    -0.015    -0.464    -0.886
    -0.142    -0.520    -0.842
    -0.096    -0.580    -0.809
     0.081    -0.475    -0.876
     0.083    -0.485    -0.871
     0.007    -0.558    -0.830
     0.119    -0.433    -0.893
     0.059    -0.572    -0.818
     0.091    -0.544    -0.834
    -0.021    -0.575    -0.818
     0.044    -0.588    -0.808
    -0.072    -0.590    -0.804
     0.004    -0.445    -0.896
     0.067    -0.657    -0.751
    -0.012    -0.554    -0.832
     0.216    -0.644    -0.734
     0.071    -0.448    -0.891
    -0.117    -0.565    -0.817
    -0.028    -0.505    -0.862
     0.041    -0.553    -0.832
     0.014    -0.530    -0.848
     0.221    -0.455    -0.863
    -0.019    -0.545    -0.838
     0.075    -0.560    -0.825
     0.035    -0.513    -0.858
     0.028    -0.520    -0.854
     0.095    -0.498    -0.862
     0.173    -0.475    -0.863
     0.165    -0.475    -0.864
    -0.010    -0.468    -0.884
    -0.015    -0.531    -0.847
     0.123    -0.575    -0.809
     0.059    -0.552    -0.832
    -0.009    -0.662    -0.750
    -0.063    -0.422    -0.904
     0.249    -0.357    -0.900
     0.043    -0.438    -0.898
     0.136    -0.514    -0.847
     0.034    -0.458    -0.889
    -0.036    -0.542    -0.840
    -0.080    -0.583    -0.809
    -0.072    -0.428    -0.901
     0.063    -0.532    -0.844
     0.068    -0.370    -0.927
    -0.054    -0.502    -0.863
     0.043    -0.530    -0.847
     0.121    -0.505    -0.854
     0.086    -0.515    -0.853
    -0.039    -0.494    -0.868
    -0.015    -0.491    -0.871
    -0.034    -0.500    -0.865
     0.251    -0.450    -0.857
     0.061    -0.542    -0.838
     0.017    -0.593    -0.805
     0.103    -0.450    -0.887
    -0.059    -0.601    -0.797
     0.060    -0.551    -0.833
    -0.046    -0.560    -0.827
    -0.003    -0.558    -0.830
     0.090    -0.529    -0.844
    -0.061    -0.565    -0.823
    -0.025    -0.481    -0.876
     0.040    -0.542    -0.839
    -0.024    -0.638    -0.770
    -0.037    -0.420    -0.907
     0.005    -0.427    -0.904
     0.059    -0.560    -0.826
    -0.018    -0.625    -0.781
    -0.015    -0.538    -0.843
     0.191    -0.463    -0.866
     0.077    -0.525    -0.848
     0.003    -0.550    -0.835
     0.087    -0.537    -0.839
     0.074    -0.612    -0.787
     0.019    -0.490    -0.872
     0.084    -0.528    -0.845
     0.055    -0.574    -0.817
     0.007    -0.635    -0.773
     0.063    -0.520    -0.852
     0.169    -0.427    -0.888
     0.032    -0.628    -0.778
    -0.045    -0.395    -0.918
     0.056    -0.526    -0.849
    -0.063    -0.528    -0.847
     0.026    -0.520    -0.854
     0.002    -0.509    -0.861
    -0.012    -0.513    -0.858
    -0.013    -0.595    -0.803
    -0.105    -0.597    -0.796
     0.039    -0.321    -0.946
    -0.048    -0.509    -0.860
     0.143    -0.497    -0.856
     0.050    -0.624    -0.780
     0.065    -0.478    -0.876
    -0.018    -0.487    -0.873
    -0.001    -0.411    -0.912
     0.083    -0.593    -0.801
     0.063    -0.520    -0.852
     0.068    -0.551    -0.832
    -0.195    -0.516    -0.834
     0.021    -0.498    -0.867
    -0.047    -0.482    -0.875
     0.007    -0.465    -0.885
    -0.068    -0.481    -0.874
     0.066    -0.571    -0.818
     0.073    -0.505    -0.860
     0.137    -0.436    -0.889
     0.078    -0.583    -0.809
     0.100    -0.500    -0.861
     0.082    -0.569    -0.818
    -0.128    -0.446    -0.886
     0.073    -0.597    -0.799
     0.155    -0.516    -0.842
     0.027    -0.461    -0.887
    -0.043    -0.522    -0.852
    -0.009    -0.554    -0.833
     0.091    -0.530    -0.843
     0.080    -0.583    -0.809
    -0.076    -0.450    -0.890
    -0.076    -0.443    -0.893
     0.073    -0.413    -0.908
     0.056    -0.653    -0.756
     0.002    -0.624    -0.782
    -0.001    -0.499    -0.867
     0.050    -0.559    -0.827
    -0.083    -0.457    -0.886
    -0.052    -0.594    -0.803
     0.013    -0.616    -0.788
     0.028    -0.483    -0.875
     0.010    -0.586    -0.810
     0.086    -0.522    -0.848
     0.088    -0.625    -0.776
    -0.019    -0.569    -0.822
    -0.008    -0.496    -0.868
     0.076    -0.442    -0.894
    -0.036    -0.520    -0.854
    -0.116    -0.484    -0.867
     0.123    -0.589    -0.799
     0.107    -0.440    -0.892
     0.095    -0.413    -0.906
     0.040    -0.583    -0.812
     0.004    -0.503    -0.864
     0.187    -0.471    -0.862
     0.015    -0.420    -0.907
    -0.053    -0.421    -0.905
     0.008    -0.441    -0.897
    -0.099    -0.565    -0.819
    -0.074    -0.502    -0.862
     0.148    -0.517    -0.843
    -0.047    -0.516    -0.856
     0.124    -0.556    -0.822
     0.021    -0.591    -0.806
    -0.125    -0.536    -0.835
     0.038    -0.544    -0.838
     0.058    -0.488    -0.871
     0.068    -0.576    -0.815
     0.037    -0.579    -0.815
    -0.092    -0.540    -0.837
    -0.021    -0.551    -0.834
    -0.002    -0.466    -0.885
     0.111    -0.502    -0.858
    -0.007    -0.519    -0.854
     0.058    -0.524    -0.850
     0.113    -0.492    -0.863
     0.089    -0.467    -0.880
     0.020    -0.501    -0.865
     0.049    -0.591    -0.805
    -0.030    -0.580    -0.814
     0.141    -0.578    -0.804
     0.079    -0.361    -0.929
    -0.034    -0.573    -0.819
     0.080    -0.446    -0.891
    -0.133    -0.513    -0.848
    -0.017    -0.500    -0.866
     0.016    -0.602    -0.799
     0.007    -0.468    -0.884
    -0.017    -0.546    -0.838
    -0.031    -0.542    -0.840
     0.049    -0.509    -0.860
     0.021    -0.546    -0.837
    -0.061    -0.454    -0.889
    -0.058    -0.481    -0.875
    -0.025    -0.426    -0.904
     0.012    -0.597    -0.802
     0.029    -0.616    -0.787
    -0.051    -0.508    -0.860
     0.087    -0.385    -0.919
     0.067    -0.512    -0.857
    -0.016    -0.531    -0.847
     0.204    -0.472    -0.857
    -0.098    -0.474    -0.875
     0.004    -0.389    -0.921
    -0.049    -0.465    -0.884
     0.064    -0.565    -0.822
    -0.025    -0.657    -0.754
     0.041    -0.531    -0.847
     0.074    -0.590    -0.804
    -0.104    -0.517    -0.850
    -0.065    -0.564    -0.823
    -0.068    -0.577    -0.814
    -0.080    -0.430    -0.899
     0.124    -0.537    -0.835
     0.053    -0.521    -0.852
    -0.056    -0.511    -0.858
     0.025    -0.518    -0.855
     0.038    -0.513    -0.857
     0.112    -0.464    -0.879
    -0.067    -0.426    -0.902
    -0.140    -0.396    -0.907
     0.083    -0.421    -0.903
     0.130    -0.517    -0.846
    -0.054    -0.479    -0.876
    -0.036    -0.527    -0.849
     0.056    -0.449    -0.892
    -0.052    -0.455    -0.889
     0.006    -0.565    -0.825
     0.073    -0.480    -0.874
    -0.009    -0.531    -0.847
     0.080    -0.583    -0.808
     0.065    -0.589    -0.805
     0.107    -0.664    -0.740
     0.050    -0.570    -0.820
    -0.032    -0.474    -0.880
    -0.051    -0.583    -0.811
    -0.020    -0.548    -0.836
     0.075    -0.478    -0.875
     0.058    -0.506    -0.861
     0.017    -0.527    -0.850
     0.018    -0.540    -0.842
     0.090    -0.535    -0.840
     0.091    -0.579    -0.810
     0.061    -0.498    -0.865
    -0.057    -0.516    -0.854
     0.023    -0.479    -0.878
     0.164    -0.549    -0.820
     0.122    -0.483    -0.867
     0.058    -0.472    -0.880
     0.084    -0.550    -0.831
     0.027    -0.497    -0.868
     0.018    -0.520    -0.854
    -0.040    -0.535    -0.844
     0.011    -0.553    -0.833
    -0.004    -0.508    -0.861
    -0.096    -0.453    -0.886
    -0.058    -0.455    -0.889
    -0.117    -0.486    -0.866
     0.055    -0.406    -0.912
     0.008    -0.510    -0.860
    -0.020    -0.498    -0.867
     0.015    -0.471    -0.882
     0.179    -0.480    -0.859
    -0.073    -0.422    -0.903
    -0.077    -0.471    -0.879
     0.155    -0.526    -0.836
     0.075    -0.509    -0.858
     0.032    -0.532    -0.846
     0.002    -0.510    -0.860
    -0.133    -0.417    -0.899
     0.105    -0.500    -0.860
     0.007    -0.460    -0.888
    -0.115    -0.433    -0.894
     0.076    -0.543    -0.836
    -0.008    -0.525    -0.851
    -0.105    -0.567    -0.817
    -0.000    -0.444    -0.896
    -0.031    -0.549    -0.835
    -0.102    -0.462    -0.881
     0.032    -0.586    -0.810
    -0.041    -0.502    -0.864
     0.037    -0.560    -0.827
    -0.176    -0.517    -0.837
     0.023    -0.496    -0.868
     0.024    -0.441    -0.897
     0.064    -0.486    -0.871
     0.025    -0.625    -0.781
     0.182    -0.559    -0.809
    -0.067    -0.464    -0.883
     0.096    -0.509    -0.855
    -0.046    -0.481    -0.875
     0.042    -0.493    -0.869
     0.003    -0.555    -0.832
     0.014    -0.466    -0.885
     0.128    -0.532    -0.837
     0.061    -0.436    -0.898
     0.197    -0.499    -0.844
     0.082    -0.457    -0.886
     0.028    -0.519    -0.855
    -0.009    -0.651    -0.759
    -0.024    -0.451    -0.892
    -0.039    -0.525    -0.850
    -0.073    -0.503    -0.861
    -0.160    -0.488    -0.858
    -0.045    -0.530    -0.847
     0.211    -0.415    -0.885
     0.001    -0.446    -0.895
     0.135    -0.566    -0.813
     0.029    -0.440    -0.897
    -0.012    -0.418    -0.908
    -0.090    -0.498    -0.863
     0.173    -0.641    -0.748
    -0.040    -0.668    -0.743
     0.041    -0.437    -0.898
    -0.068    -0.640    -0.766
    -0.002    -0.579    -0.815
     0.118    -0.511    -0.851
    -0.032    -0.423    -0.905
     0.197    -0.592    -0.781
    -0.025    -0.548    -0.836
    -0.148    -0.539    -0.829
    -0.003    -0.545    -0.838
     0.064    -0.465    -0.883
     0.047    -0.512    -0.858
     0.188    -0.527    -0.829
     0.109    -0.610    -0.785
     0.194    -0.445    -0.874
     0.055    -0.477    -0.877
     0.082    -0.530    -0.844
    -0.117    -0.460    -0.880
    -0.004    -0.526    -0.851
     0.088    -0.587    -0.805
     0.007    -0.524    -0.851
     0.016    -0.415    -0.909
     0.068    -0.333    -0.940
     0.066    -0.461    -0.885
     0.036    -0.562    -0.826
     0.050    -0.564    -0.824
    -0.044    -0.545    -0.837
    -0.034    -0.540    -0.841
     0.011    -0.506    -0.862
     0.051    -0.368    -0.928
    -0.089    -0.378    -0.922
    -0.123    -0.475    -0.871
     0.163    -0.506    -0.847
     0.077    -0.465    -0.882
     0.028    -0.495    -0.868
    -0.021    -0.453    -0.891
    -0.022    -0.478    -0.878
    -0.006    -0.522    -0.853
     0.019    -0.543    -0.840
    -0.015    -0.536    -0.844
    -0.009    -0.672    -0.740
    -0.072    -0.614    -0.786
    -0.101    -0.482    -0.870
     0.136    -0.468    -0.873
     0.070    -0.563    -0.824
    -0.097    -0.555    -0.826
     0.128    -0.564    -0.816
     0.018    -0.591    -0.806
     0.079    -0.462    -0.883
     0.007    -0.574    -0.819
     0.165    -0.444    -0.880
    -0.060    -0.483    -0.874
     0.170    -0.609    -0.775
     0.004    -0.444    -0.896
     0.053    -0.531    -0.846
     0.006    -0.455    -0.891
    -0.008    -0.514    -0.858
     0.081    -0.461    -0.884
    -0.030    -0.465    -0.885
     0.142    -0.486    -0.863
     0.010    -0.615    -0.789
     0.011    -0.539    -0.842
     0.050    -0.543    -0.838
     0.059    -0.641    -0.765
    -0.058    -0.510    -0.858
    -0.141    -0.604    -0.784
     0.030    -0.537    -0.843
     0.022    -0.434    -0.901
     0.033    -0.480    -0.877
     0.006    -0.512    -0.859
    -0.030    -0.590    -0.807
     0.086    -0.523    -0.848
     0.128    -0.548    -0.826
    -0.020    -0.435    -0.900
    -0.105    -0.541    -0.835
     0.041    -0.638    -0.769
     0.073    -0.408    -0.910
     0.142    -0.401    -0.905
     0.118    -0.490    -0.864
     0.031    -0.447    -0.894
     0.017    -0.525    -0.851
    -0.005    -0.464    -0.886
     0.156    -0.432    -0.888
     0.026    -0.489    -0.872
    -0.070    -0.425    -0.902
     0.005    -0.557    -0.831
     0.015    -0.592    -0.806
    -0.007    -0.496    -0.868
     0.071    -0.518    -0.853
     0.045    -0.470    -0.882
     0.023    -0.507    -0.861
     0.112    -0.505    -0.856
     0.021    -0.521    -0.853
     0.052    -0.603    -0.796
     0.017    -0.479    -0.878
    -0.054    -0.478    -0.877
     0.093    -0.476    -0.874
    -0.028    -0.524    -0.851
    -0.076    -0.556    -0.828
     0.025    -0.568    -0.823
     0.028    -0.584    -0.812
     0.078    -0.370    -0.926
    -0.036    -0.346    -0.937
     0.004    -0.494    -0.870
    -0.091    -0.564    -0.821
     0.053    -0.509    -0.859
     0.034    -0.579    -0.814
    -0.027    -0.582    -0.813
    -0.113    -0.459    -0.881
     0.008    -0.359    -0.933
     0.010    -0.558    -0.830
     0.060    -0.545    -0.836
    -0.001    -0.562    -0.827
     0.074    -0.379    -0.923
    -0.078    -0.457    -0.886
    -0.042    -0.479    -0.877
    -0.064    -0.568    -0.821
     0.052    -0.537    -0.842
    -0.045    -0.497    -0.867
    -0.078    -0.459    -0.885
     0.118    -0.495    -0.861
     0.124    -0.372    -0.920
     0.025    -0.568    -0.823
    -0.026    -0.483    -0.875
    -0.085    -0.503    -0.860
     0.059    -0.487    -0.871
    -0.068    -0.566    -0.822
     0.059    -0.443    -0.895
    -0.068    -0.585    -0.808
     0.013    -0.644    -0.765
    -0.056    -0.547    -0.835
    -0.067    -0.468    -0.881
     0.139    -0.515    -0.846
    -0.004    -0.401    -0.916
     0.030    -0.661    -0.750
     0.014    -0.556    -0.831
    -0.018    -0.481    -0.877
     0.055    -0.571    -0.819
     0.118    -0.559    -0.821
    -0.089    -0.534    -0.841
     0.148    -0.419    -0.896
     0.041    -0.550    -0.834
     0.064    -0.544    -0.837
     0.058    -0.442    -0.895
    -0.135    -0.627    -0.768
     0.028    -0.582    -0.813
    -0.012    -0.421    -0.907
    -0.073    -0.556    -0.828
    -0.028    -0.617    -0.786
     0.098    -0.522    -0.847
     0.074    -0.650    -0.757
    -0.016    -0.503    -0.864
     0.048    -0.608    -0.793
    -0.096    -0.537    -0.838
     0.014    -0.554    -0.832
    -0.009    -0.436    -0.900
     0.090    -0.529    -0.844
     0.025    -0.602    -0.798
    -0.005    -0.464    -0.886
    -0.048    -0.539    -0.841
     0.094    -0.472    -0.877
    -0.056    -0.419    -0.906
    -0.019    -0.642    -0.766
     0.101    -0.540    -0.835
     0.183    -0.493    -0.851
     0.102    -0.493    -0.864
     0.056    -0.564    -0.824
     0.072    -0.319    -0.945
     0.060    -0.517    -0.854
    -0.029    -0.521    -0.853
     0.073    -0.502    -0.862
     0.019    -0.571    -0.820
     0.071    -0.446    -0.892
     0.206    -0.437    -0.876
    -0.111    -0.654    -0.748
     0.011    -0.543    -0.839
     0.058    -0.475    -0.878
    -0.038    -0.459    -0.888
     0.057    -0.458    -0.887
    -0.108    -0.495    -0.862
    -0.083    -0.482    -0.872
     0.029    -0.506    -0.862
     0.028    -0.401    -0.916
     0.177    -0.416    -0.892
    -0.085    -0.472    -0.878
     0.049    -0.491    -0.870
    -0.069    -0.659    -0.749
     0.012    -0.575    -0.818
    -0.032    -0.543    -0.839
    -0.027    -0.537    -0.843
    -0.055    -0.588    -0.807
     0.071    -0.411    -0.909
    -0.034    -0.514    -0.857
     0.046    -0.530    -0.846
     0.064    -0.490    -0.869
     0.144    -0.432    -0.890
     0.045    -0.504    -0.863
     0.164    -0.468    -0.868
     0.173    -0.489    -0.855
     0.072    -0.597    -0.799
     0.212    -0.513    -0.832
     0.069    -0.450    -0.891
     0.067    -0.498    -0.864
     0.019    -0.577    -0.816
     0.060    -0.537    -0.841
     0.136    -0.441    -0.887
     0.029    -0.523    -0.852
    -0.102    -0.539    -0.836
     0.135    -0.451    -0.882
     0.109    -0.385    -0.916
     0.144    -0.514    -0.845
     0.156    -0.523    -0.838
     0.083    -0.586    -0.806
    -0.012    -0.586    -0.810
    -0.032    -0.482    -0.876
    -0.180    -0.563    -0.806
    -0.030    -0.637    -0.770
     0.015    -0.472    -0.882
     0.057    -0.558    -0.828
    -0.030    -0.575    -0.818
    -0.023    -0.529    -0.849
    -0.027    -0.507    -0.861
     0.016    -0.393    -0.919
     0.057    -0.586    -0.808
    -0.058    -0.614    -0.787
     0.043    -0.585    -0.810
    -0.012    -0.509    -0.861
     0.085    -0.523    -0.848
     0.164    -0.495    -0.853
    -0.006    -0.495    -0.869
    -0.094    -0.408    -0.908
     0.105    -0.488    -0.866
     0.106    -0.562    -0.820
     0.163    -0.464    -0.870
    -0.017    -0.541    -0.841
     0.008    -0.553    -0.833
    -0.026    -0.594    -0.804
    -0.018    -0.599    -0.801
    -0.035    -0.472    -0.881
    -0.175    -0.522    -0.835
    -0.011    -0.588    -0.809
     0.144    -0.566    -0.812
     0.008    -0.420    -0.907
     0.000    -0.574    -0.819
     0.043    -0.625    -0.779
     0.125    -0.536    -0.835
     0.016    -0.420    -0.907
    -0.056    -0.486    -0.872
    -0.069    -0.562    -0.825
     0.182    -0.371    -0.911
    -0.072    -0.468    -0.881
    -0.033    -0.531    -0.847
     0.066    -0.432    -0.899
     0.029    -0.408    -0.913
     0.054    -0.524    -0.850
     0.063    -0.554    -0.830
     0.020    -0.485    -0.874
     0.087    -0.514    -0.854
     0.046    -0.529    -0.848
     0.068    -0.493    -0.868
     0.070    -0.513    -0.856
     0.121    -0.499    -0.858
     0.003    -0.402    -0.916
    -0.065    -0.648    -0.759
     0.055    -0.457    -0.888
     0.020    -0.462    -0.887
     0.044    -0.541    -0.840
     0.087    -0.538    -0.839
     0.017    -0.436    -0.900
     0.077    -0.599    -0.797
     0.087    -0.423    -0.902
     0.071    -0.501    -0.863
    -0.057    -0.644    -0.763
     0.034    -0.431    -0.902
     0.051    -0.518    -0.854
    -0.104    -0.467    -0.878
    -0.042    -0.558    -0.829
    -0.160    -0.491    -0.857
     0.068    -0.461    -0.885
     0.136    -0.526    -0.839
     0.097    -0.400    -0.912
     0.077    -0.413    -0.907
     0.009    -0.440    -0.898
     0.036    -0.424    -0.905
     0.006    -0.518    -0.855
     0.124    -0.518    -0.847
     0.074    -0.524    -0.849
    -0.034    -0.453    -0.891
     0.010    -0.486    -0.874
    -0.001    -0.502    -0.865
     0.099    -0.412    -0.906
    -0.043    -0.518    -0.854
    -0.027    -0.531    -0.847
     0.088    -0.567    -0.819
    -0.006    -0.483    -0.875
     0.013    -0.457    -0.889
     0.021    -0.502    -0.865
     0.043    -0.669    -0.742
     0.040    -0.541    -0.840
    -0.037    -0.462    -0.886
    -0.005    -0.393    -0.919
     0.036    -0.380    -0.924
    -0.051    -0.596    -0.801
     0.054    -0.496    -0.866
    -0.050    -0.486    -0.872
     0.015    -0.515    -0.857
     0.004    -0.534    -0.846
    -0.049    -0.554    -0.831
     0.047    -0.417    -0.908
     0.172    -0.408    -0.896
    -0.002    -0.520    -0.854
    -0.069    -0.405    -0.912
     0.087    -0.483    -0.871
    -0.023    -0.592    -0.806
    -0.015    -0.462    -0.887
    -0.063    -0.490    -0.869
     0.004    -0.542    -0.840
     0.065    -0.487    -0.871
    -0.103    -0.532    -0.840
    -0.092    -0.504    -0.859
     0.111    -0.522    -0.846
     0.048    -0.585    -0.809
     0.035    -0.489    -0.872
     0.180    -0.515    -0.838
     0.190    -0.451    -0.872
     0.024    -0.426    -0.905
     0.021    -0.540    -0.841
     0.009    -0.541    -0.841
     0.089    -0.527    -0.845
     0.152    -0.565    -0.811
    -0.080    -0.584    -0.808
     0.101    -0.394    -0.914
    -0.009    -0.409    -0.913
     0.043    -0.623    -0.781
     0.020    -0.571    -0.821
     0.154    -0.499    -0.853
    -0.022    -0.506    -0.862
    -0.034    -0.527    -0.849
    -0.011    -0.493    -0.870
     0.021    -0.507    -0.861
     0.138    -0.635    -0.760
     0.022    -0.487    -0.873
     0.005    -0.509    -0.861
    -0.041    -0.552    -0.833
    -0.133    -0.505    -0.853
     0.269    -0.578    -0.770
     0.104    -0.454    -0.885
    -0.063    -0.556    -0.829
    -0.093    -0.605    -0.791
    -0.114    -0.484    -0.867
     0.098    -0.619    -0.780
    -0.021    -0.341    -0.940
    -0.106    -0.521    -0.847
     0.046    -0.459    -0.887
    -0.041    -0.547    -0.836
     0.011    -0.527    -0.850
    -0.100    -0.413    -0.905
     0.043    -0.451    -0.891
     0.091    -0.494    -0.865
    -0.034    -0.502    -0.864
     0.009    -0.521    -0.854
     0.140    -0.605    -0.784
     0.024    -0.552    -0.833
    -0.032    -0.361    -0.932
     0.172    -0.485    -0.857
     0.081    -0.535    -0.841
    -0.042    -0.506    -0.862
    -0.062    -0.444    -0.894
     0.015    -0.440    -0.898
     0.049    -0.496    -0.867
    -0.020    -0.471    -0.882
    -0.027    -0.518    -0.855
     0.063    -0.552    -0.831
     0.048    -0.557    -0.829
     0.033    -0.580    -0.814
    -0.022    -0.614    -0.789
     0.138    -0.578    -0.804
     0.035    -0.496    -0.868
     0.030    -0.482    -0.876
     0.076    -0.311    -0.947
    -0.102    -0.511    -0.853
    -0.040    -0.441    -0.897
    -0.042    -0.556    -0.830
     0.049    -0.471    -0.881
    -0.040    -0.537    -0.843
     0.159    -0.547    -0.822
     0.011    -0.448    -0.894
     0.180    -0.589    -0.787
    -0.063    -0.463    -0.884
     0.018    -0.471    -0.882
     0.049    -0.417    -0.907
     0.005    -0.584    -0.812
     0.032    -0.602    -0.798
     0.104    -0.521    -0.847
    -0.030    -0.572    -0.820
    -0.089    -0.512    -0.854
    -0.068    -0.554    -0.830
    -0.008    -0.463    -0.887
     0.078    -0.597    -0.798
     0.027    -0.508    -0.861
     0.169    -0.454    -0.875
    -0.088    -0.536    -0.840
     0.143    -0.586    -0.798
    -0.007    -0.656    -0.754
    -0.077    -0.439    -0.895
     0.000    -0.586    -0.810
     0.040    -0.487    -0.872
     0.184    -0.543    -0.820
    -0.052    -0.532    -0.845
     0.064    -0.451    -0.890
    -0.047    -0.440    -0.897
    -0.016    -0.524    -0.851
     0.031    -0.583    -0.812
    -0.008    -0.461    -0.887
     0.007    -0.532    -0.847
     0.040    -0.490    -0.871
     0.074    -0.505    -0.860
     0.024    -0.470    -0.883
    -0.036    -0.473    -0.880
    -0.056    -0.496    -0.866
     0.044    -0.463    -0.885
    -0.050    -0.581    -0.812
     0.070    -0.641    -0.765
     0.002    -0.528    -0.849
     0.029    -0.632    -0.775
     0.022    -0.564    -0.826
    -0.029    -0.588    -0.808
     0.003    -0.403    -0.915
    -0.084    -0.406    -0.910
     0.034    -0.485    -0.874
    -0.053    -0.486    -0.872
     0.160    -0.590    -0.791
    -0.101    -0.384    -0.918
    -0.048    -0.583    -0.811
    -0.012    -0.479    -0.878
     0.045    -0.598    -0.800
     0.001    -0.512    -0.859
     0.073    -0.375    -0.924
     0.054    -0.403    -0.914
     0.057    -0.560    -0.826
     0.037    -0.586    -0.810
     0.019    -0.496    -0.868
     0.185    -0.452    -0.872
     0.056    -0.504    -0.862
    -0.128    -0.452    -0.883
    -0.055    -0.602    -0.797
     0.094    -0.539    -0.837
     0.011    -0.522    -0.853
     0.150    -0.557    -0.817
    -0.000    -0.415    -0.910
    -0.106    -0.527    -0.843
     0.105    -0.461    -0.881
    -0.000    -0.586    -0.811
    -0.109    -0.508    -0.854
    -0.006    -0.454    -0.891
     0.134    -0.431    -0.892
     0.105    -0.456    -0.884
     0.021    -0.653    -0.757
     0.030    -0.416    -0.909
     0.059    -0.563    -0.824
     0.005    -0.481    -0.877
     0.063    -0.668    -0.742
     0.034    -0.401    -0.915
     0.065    -0.631    -0.773
     0.050    -0.607    -0.793
    -0.001    -0.595    -0.804
    -0.066    -0.429    -0.901
    -0.035    -0.524    -0.851
    -0.028    -0.445    -0.895
     0.048    -0.437    -0.898
    -0.012    -0.532    -0.847
     0.168    -0.518    -0.839
     0.074    -0.519    -0.851
     0.075    -0.491    -0.868
     0.044    -0.615    -0.788
     0.079    -0.463    -0.883
    -0.051    -0.571    -0.820
    -0.036    -0.553    -0.833
    -0.042    -0.513    -0.857
     0.022    -0.376    -0.927
    -0.017    -0.616    -0.787
     0.056    -0.581    -0.812
     0.125    -0.515    -0.848
    -0.066    -0.420    -0.905
    -0.098    -0.571    -0.815
     0.030    -0.491    -0.870
     0.101    -0.442    -0.891
     0.140    -0.471    -0.871
     0.070    -0.431    -0.900
    -0.071    -0.552    -0.831
     0.010    -0.444    -0.896
     0.017    -0.474    -0.881
     0.070    -0.567    -0.821
     0.101    -0.522    -0.847
    -0.116    -0.509    -0.853
     0.095    -0.598    -0.796
    -0.073    -0.465    -0.883
    -0.013    -0.512    -0.859
     0.071    -0.372    -0.925
     0.097    -0.520    -0.848
    -0.007    -0.559    -0.829
     0.088    -0.422    -0.902
    -0.001    -0.561    -0.828
     0.112    -0.435    -0.893
    -0.029    -0.550    -0.834
     0.075    -0.505    -0.860
    -0.025    -0.559    -0.829
     0.167    -0.504    -0.848
    -0.146    -0.441    -0.886
     0.112    -0.496    -0.861
    -0.047    -0.491    -0.870
    -0.014    -0.463    -0.886
     0.030    -0.575    -0.818
    -0.039    -0.515    -0.856
     0.098    -0.552    -0.828
     0.225    -0.527    -0.820
     0.049    -0.524    -0.850
    -0.068    -0.557    -0.828
     0.002    -0.532    -0.847
     0.007    -0.554    -0.832
    -0.053    -0.585    -0.809
     0.009    -0.474    -0.881
     0.014    -0.404    -0.914
     0.159    -0.547    -0.822
    -0.021    -0.522    -0.852
     0.081    -0.572    -0.817
     0.099    -0.473    -0.875
     0.138    -0.475    -0.869
     0.024    -0.455    -0.890
     0.050    -0.511    -0.858
     0.016    -0.417    -0.909
     0.115    -0.534    -0.838
    -0.058    -0.446    -0.893
     0.042    -0.514    -0.857
    -0.056    -0.499    -0.865
    -0.013    -0.492    -0.870
    -0.035    -0.582    -0.813
    -0.018    -0.535    -0.845
     0.024    -0.448    -0.894
     0.032    -0.521    -0.853
     0.021    -0.567    -0.824
     0.076    -0.519    -0.851
     0.076    -0.475    -0.877
     0.102    -0.561    -0.821
     0.096    -0.626    -0.774
     0.039    -0.581    -0.813
     0.077    -0.437    -0.896
    -0.025    -0.519    -0.855
     0.007    -0.514    -0.858
     0.029    -0.527    -0.849
    -0.052    -0.496    -0.867
     0.012    -0.418    -0.909
     0.107    -0.456    -0.884
     0.033    -0.455    -0.890
    -0.098    -0.583    -0.807
    -0.045    -0.456    -0.889
     0.168    -0.511    -0.843
    -0.078    -0.421    -0.904
    -0.045    -0.578    -0.814
     0.008    -0.621    -0.784
    -0.135    -0.441    -0.887
     0.055    -0.689    -0.722
    -0.003    -0.508    -0.861
    -0.066    -0.433    -0.899
     0.107    -0.496    -0.862
     0.105    -0.448    -0.888
    -0.185    -0.541    -0.820
     0.099    -0.629    -0.771
    -0.011    -0.509    -0.861
     0.037    -0.430    -0.902
    -0.037    -0.453    -0.891
     0.001    -0.536    -0.844
     0.069    -0.386    -0.920
     0.006    -0.586    -0.810
    -0.039    -0.510    -0.859
    -0.145    -0.523    -0.840
     0.069    -0.456    -0.887
     0.018    -0.624    -0.781
     0.037    -0.544    -0.838
     0.050    -0.600    -0.799
    -0.039    -0.507    -0.861
    -0.044    -0.537    -0.842
    -0.061    -0.528    -0.847
     0.137    -0.600    -0.788
    -0.015    -0.580    -0.814
     0.005    -0.426    -0.905
     0.118    -0.534    -0.837
    -0.024    -0.562    -0.827
     0.111    -0.448    -0.887
     0.052    -0.388    -0.920
     0.061    -0.514    -0.856
     0.026    -0.562    -0.827
     0.029    -0.416    -0.909
     0.229    -0.491    -0.841
     0.071    -0.584    -0.808
     0.078    -0.482    -0.873
     0.150    -0.560    -0.815
    -0.013    -0.525    -0.851
     0.013    -0.350    -0.937
    -0.042    -0.638    -0.769
     0.031    -0.583    -0.812
     0.055    -0.445    -0.894
     0.071    -0.490    -0.869
     0.082    -0.480    -0.874
    -0.066    -0.452    -0.890
     0.164    -0.480    -0.862
    -0.010    -0.376    -0.927
     0.045    -0.564    -0.824
     0.012    -0.515    -0.857
     0.050    -0.566    -0.823
     0.093    -0.615    -0.783
     0.073    -0.567    -0.821
     0.042    -0.562    -0.826
    -0.118    -0.462    -0.879
     0.121    -0.495    -0.860
     0.053    -0.425    -0.904
     0.004    -0.466    -0.885
     0.004    -0.648    -0.762
    -0.131    -0.482    -0.866
     0.064    -0.562    -0.825
    -0.024    -0.472    -0.881
    -0.045    -0.512    -0.858
     0.062    -0.539    -0.840
    -0.092    -0.464    -0.881
    -0.039    -0.391    -0.920
     0.138    -0.557    -0.819
    -0.046    -0.445    -0.895
     0.068    -0.476    -0.877
    -0.059    -0.455    -0.889
     0.003    -0.507    -0.862
     0.177    -0.574    -0.800
    -0.011    -0.503    -0.864
    -0.001    -0.409    -0.912
     0.105    -0.581    -0.807
     0.037    -0.466    -0.884
     0.057    -0.551    -0.833
     0.042    -0.540    -0.840
    -0.116    -0.509    -0.853
     0.059    -0.549    -0.834
    -0.005    -0.453    -0.892
    -0.059    -0.451    -0.891
    -0.090    -0.548    -0.832
     0.028    -0.465    -0.885
     0.058    -0.483    -0.874
    -0.012    -0.513    -0.859
     0.020    -0.493    -0.870
    -0.129    -0.471    -0.873
     0.066    -0.548    -0.834
     0.065    -0.479    -0.876
     0.019    -0.562    -0.827
    -0.030    -0.628    -0.778
     0.038    -0.495    -0.868
     0.185    -0.344    -0.921
    -0.016    -0.502    -0.865
     0.073    -0.577    -0.813
    -0.018    -0.484    -0.875
     0.038    -0.408    -0.912
     0.049    -0.446    -0.894
     0.157    -0.639    -0.753
    -0.063    -0.413    -0.908
     0.109    -0.406    -0.907
     0.070    -0.519    -0.852
     0.003    -0.536    -0.845
    -0.034    -0.544    -0.839
     0.055    -0.557    -0.829
    -0.044    -0.414    -0.909
     0.286    -0.328    -0.900
     0.028    -0.505    -0.863
    -0.085    -0.473    -0.877
    -0.018    -0.503    -0.864
    -0.023    -0.614    -0.789
     0.017    -0.573    -0.820
     0.106    -0.505    -0.856
    -0.024    -0.567    -0.823
    -0.045    -0.520    -0.853
    -0.056    -0.491    -0.870
     0.059    -0.541    -0.839
    -0.143    -0.514    -0.846
    -0.185    -0.521    -0.833
    -0.071    -0.501    -0.863
    -0.083    -0.591    -0.803
     0.084    -0.486    -0.870
    -0.018    -0.534    -0.846
     0.096    -0.403    -0.910
     0.025    -0.437    -0.899
    -0.008    -0.517    -0.856
    -0.001    -0.579    -0.815
     0.131    -0.453    -0.882
    -0.012    -0.488    -0.873
     0.049    -0.557    -0.829
     0.101    -0.533    -0.840
     0.067    -0.615    -0.786
     0.086    -0.541    -0.837
    -0.102    -0.547    -0.831
    -0.103    -0.605    -0.789
     0.120    -0.512    -0.851
     0.139    -0.470    -0.872
     0.081    -0.440    -0.894
     0.004    -0.541    -0.841
     0.122    -0.599    -0.791
     0.061    -0.455    -0.888
     0.166    -0.454    -0.875
     0.064    -0.567    -0.821
     0.068    -0.600    -0.797
     0.119    -0.441    -0.889
     0.004    -0.491    -0.871
     0.102    -0.458    -0.883
     0.109    -0.446    -0.888
    -0.006    -0.588    -0.809
     0.012    -0.551    -0.835
     0.145    -0.567    -0.811
     0.029    -0.556    -0.830
     0.114    -0.510    -0.853
     0.070    -0.570    -0.819
    -0.013    -0.510    -0.860
     0.036    -0.557    -0.830
     0.013    -0.482    -0.876
     0.028    -0.573    -0.819
     0.041    -0.420    -0.906
     0.009    -0.527    -0.850
    -0.094    -0.444    -0.891
    -0.026    -0.569    -0.822
     0.023    -0.510    -0.860
     0.039    -0.563    -0.826
    -0.025    -0.580    -0.814
    -0.150    -0.576    -0.804
     0.007    -0.502    -0.865
     0.053    -0.628    -0.777
    -0.128    -0.480    -0.868
     0.022    -0.485    -0.874
    -0.048    -0.537    -0.842
     0.066    -0.588    -0.806
     0.078    -0.471    -0.879
     0.031    -0.494    -0.869
    -0.059    -0.409    -0.910
     0.087    -0.539    -0.838
     0.085    -0.511    -0.855
     0.003    -0.517    -0.856
    -0.112    -0.553    -0.826
    -0.071    -0.589    -0.805
     0.146    -0.517    -0.843
     0.142    -0.508    -0.850
     0.011    -0.642    -0.767
     0.089    -0.510    -0.856
    -0.052    -0.586    -0.809
    -0.058    -0.425    -0.903
    -0.076    -0.555    -0.828
     0.013    -0.416    -0.909
     0.075    -0.522    -0.849
    -0.007    -0.316    -0.949
    -0.104    -0.551    -0.828
    -0.012    -0.418    -0.908
     0.052    -0.516    -0.855
     0.068    -0.470    -0.880
     0.019    -0.500    -0.866
     0.085    -0.520    -0.850
     0.093    -0.405    -0.910
     0.106    -0.545    -0.832
     0.104    -0.514    -0.851
    -0.011    -0.453    -0.891
    -0.008    -0.507    -0.862
     0.074    -0.505    -0.860
     0.105    -0.468    -0.877
     0.157    -0.547    -0.823
     0.123    -0.494    -0.861
    -0.066    -0.579    -0.813
     0.011    -0.536    -0.844
    -0.027    -0.467    -0.884
     0.067    -0.525    -0.849
     0.022    -0.513    -0.858
    -0.103    -0.518    -0.849
     0.100    -0.631    -0.769
    -0.006    -0.542    -0.840
     0.049    -0.560    -0.827
     0.059    -0.529    -0.846
    -0.078    -0.496    -0.865
     0.171    -0.462    -0.870
    -0.131    -0.649    -0.749
     0.134    -0.488    -0.862
     0.002    -0.507    -0.862
     0.125    -0.497    -0.859
     0.100    -0.566    -0.818
     0.045    -0.478    -0.877
    -0.092    -0.549    -0.831
     0.136    -0.507    -0.851
    -0.021    -0.575    -0.818
    -0.193    -0.647    -0.738
    -0.146    -0.426    -0.893
    -0.089    -0.487    -0.869
     0.140    -0.468    -0.872
    -0.098    -0.587    -0.803
     0.043    -0.517    -0.855
     0.024    -0.479    -0.878
     0.062    -0.509    -0.859
    -0.091    -0.456    -0.885
    -0.126    -0.609    -0.783
     0.027    -0.660    -0.750
    -0.101    -0.365    -0.925
     0.108    -0.522    -0.846
    -0.002    -0.454    -0.891
     0.094    -0.464    -0.881
     0.015    -0.586    -0.810
     0.004    -0.555    -0.832
     0.080    -0.430    -0.899
    -0.057    -0.570    -0.820
     0.019    -0.617    -0.787
     0.145    -0.513    -0.846
     0.073    -0.491    -0.868
    -0.090    -0.556    -0.827
     0.055    -0.599    -0.799
     0.064    -0.581    -0.812
    -0.058    -0.625    -0.779
     0.047    -0.501    -0.864
     0.021    -0.591    -0.806
     0.086    -0.441    -0.893
    -0.004    -0.436    -0.900
     0.030    -0.401    -0.915
     0.050    -0.436    -0.899
    -0.037    -0.476    -0.878
    -0.004    -0.380    -0.925
     0.078    -0.576    -0.813
    -0.057    -0.485    -0.872
     0.095    -0.524    -0.847
     0.023    -0.507    -0.862
     0.039    -0.525    -0.850
     0.026    -0.603    -0.797
     0.027    -0.556    -0.831
    -0.134    -0.498    -0.857
    -0.014    -0.564    -0.826
     0.080    -0.417    -0.905
    -0.035    -0.516    -0.856
    -0.028    -0.339    -0.940
     0.025    -0.563    -0.826
     0.218    -0.618    -0.756
     0.109    -0.449    -0.887
    -0.056    -0.447    -0.893
    -0.048    -0.485    -0.873
     0.093    -0.503    -0.859
    -0.117    -0.572    -0.812
     0.102    -0.398    -0.912
    -0.018    -0.655    -0.756
    -0.022    -0.464    -0.886
    -0.146    -0.556    -0.818
    -0.039    -0.531    -0.847
    -0.006    -0.417    -0.909
     0.036    -0.470    -0.882
    -0.030    -0.493    -0.869
     0.029    -0.523    -0.852
     0.024    -0.415    -0.909
    -0.016    -0.527    -0.850
     0.157    -0.440    -0.884
    -0.046    -0.540    -0.840
     0.035    -0.516    -0.856
     0.046    -0.494    -0.868
     0.037    -0.499    -0.866
     0.051    -0.393    -0.918
    -0.044    -0.499    -0.866
     0.001    -0.526    -0.851
    -0.021    -0.579    -0.815
    -0.066    -0.477    -0.876
     0.106    -0.487    -0.867
     0.071    -0.518    -0.852
    -0.147    -0.408    -0.901
     0.073    -0.545    -0.835
     0.006    -0.548    -0.837
     0.015    -0.359    -0.933
    -0.019    -0.543    -0.840
    -0.038    -0.515    -0.856
     0.011    -0.533    -0.846
     0.004    -0.487    -0.874
     0.050    -0.462    -0.886
     0.052    -0.525    -0.850
    -0.003    -0.491    -0.871
     0.191    -0.620    -0.761
     0.074    -0.583    -0.809
     0.048    -0.392    -0.919
     0.048    -0.452    -0.891
    -0.065    -0.577    -0.814
     0.039    -0.486    -0.873
    -0.193    -0.511    -0.837
     0.064    -0.461    -0.885
     0.060    -0.556    -0.829
     0.051    -0.560    -0.827
    -0.107    -0.556    -0.824
     0.064    -0.353    -0.933
    -0.049    -0.515    -0.856
    -0.016    -0.645    -0.764
    -0.018    -0.368    -0.929
     0.087    -0.442    -0.893
    -0.046    -0.439    -0.898
     0.016    -0.587    -0.809
     0.053    -0.500    -0.864
     0.107    -0.501    -0.859
     0.036    -0.557    -0.830
    -0.082    -0.470    -0.879
    -0.025    -0.409    -0.912
     0.023    -0.488    -0.872
    -0.068    -0.562    -0.824
     0.014    -0.599    -0.801
     0.045    -0.604    -0.796
     0.013    -0.445    -0.895
    -0.084    -0.570    -0.817
     0.107    -0.544    -0.832
     0.003    -0.455    -0.890
     0.004    -0.430    -0.903
     0.017    -0.478    -0.878
    -0.063    -0.507    -0.860
     0.095    -0.387    -0.917
    -0.079    -0.308    -0.948
     0.109    -0.529    -0.841
    -0.028    -0.505    -0.863
    -0.088    -0.565    -0.820
    -0.001    -0.556    -0.831
     0.131    -0.475    -0.870
    -0.126    -0.539    -0.833
    -0.034    -0.539    -0.842
    -0.006    -0.468    -0.884
     0.136    -0.495    -0.858
     0.020    -0.401    -0.916
    -0.099    -0.568    -0.817
     0.031    -0.499    -0.866
     0.046    -0.573    -0.818
    -0.023    -0.510    -0.860
    -0.053    -0.492    -0.869
     0.064    -0.469    -0.881
     0.058    -0.646    -0.761
     0.059    -0.531    -0.846
    -0.097    -0.580    -0.809
     0.028    -0.539    -0.842
     0.041    -0.481    -0.876
     0.001    -0.621    -0.783
     0.003    -0.470    -0.883
     0.087    -0.447    -0.890
    -0.110    -0.551    -0.827
     0.163    -0.582    -0.796
     0.074    -0.430    -0.900
     0.049    -0.422    -0.905
     0.104    -0.480    -0.871
     0.052    -0.478    -0.877
     0.026    -0.524    -0.851
     0.102    -0.408    -0.907
     0.139    -0.321    -0.937
     0.111    -0.466    -0.878
     0.071    -0.547    -0.834
    -0.015    -0.560    -0.828
    -0.030    -0.444    -0.896
     0.159    -0.449    -0.879
    -0.000    -0.545    -0.838
     0.032    -0.408    -0.912
     0.098    -0.590    -0.801
    -0.077    -0.542    -0.837
    -0.065    -0.522    -0.850
     0.035    -0.465    -0.885
     0.017    -0.540    -0.842
    -0.058    -0.395    -0.917
     0.185    -0.552    -0.813
     0.158    -0.342    -0.926
     0.064    -0.596    -0.800
     0.124    -0.443    -0.888
     0.010    -0.477    -0.879
     0.085    -0.513    -0.854
     0.005    -0.484    -0.875
    -0.066    -0.543    -0.837
    -0.057    -0.527    -0.848
    -0.023    -0.484    -0.875
     0.094    -0.389    -0.916
    -0.024    -0.569    -0.822
     0.073    -0.529    -0.845
    -0.044    -0.520    -0.853
    -0.011    -0.515    -0.857
     0.014    -0.456    -0.890
    -0.126    -0.584    -0.802
     0.071    -0.650    -0.757
     0.157    -0.583    -0.797
     0.001    -0.453    -0.891
     0.114    -0.581    -0.806
     0.138    -0.440    -0.887
    -0.062    -0.581    -0.812
    -0.010    -0.499    -0.867
    -0.017    -0.597    -0.802
     0.028    -0.571    -0.820
     0.099    -0.513    -0.853
     0.059    -0.641    -0.766
    -0.053    -0.510    -0.859
     0.073    -0.618    -0.783
    -0.033    -0.461    -0.887
    -0.029    -0.585    -0.811
     0.026    -0.585    -0.811
    -0.132    -0.576    -0.807
    -0.010    -0.531    -0.847
     0.089    -0.478    -0.874
    -0.127    -0.431    -0.893
     0.119    -0.572    -0.811
     0.110    -0.475    -0.873
    -0.085    -0.442    -0.893
    -0.012    -0.479    -0.878
     0.091    -0.588    -0.804
     0.045    -0.638    -0.768
    -0.009    -0.524    -0.852
     0.102    -0.422    -0.901
    -0.115    -0.487    -0.866
     0.022    -0.523    -0.852
     0.000    -0.600    -0.800
     0.072    -0.642    -0.763
    -0.003    -0.402    -0.915
    -0.085    -0.427    -0.900
     0.177    -0.472    -0.864
     0.049    -0.565    -0.823
     0.103    -0.488    -0.867
    -0.046    -0.509    -0.860
     0.154    -0.620    -0.769
     0.065    -0.565    -0.823
    -0.022    -0.502    -0.864
    -0.002    -0.529    -0.849
     0.102    -0.472    -0.876
    -0.020    -0.535    -0.845
     0.005    -0.513    -0.858
     0.130    -0.568    -0.813
     0.105    -0.584    -0.805
     0.010    -0.555    -0.832
    -0.002    -0.422    -0.907
     0.038    -0.597    -0.801
     0.140    -0.433    -0.891
     0.002    -0.516    -0.857
    -0.019    -0.600    -0.800
     0.080    -0.572    -0.816
     0.047    -0.508    -0.860
    -0.020    -0.515    -0.857
     0.020    -0.517    -0.856
     0.023    -0.597    -0.802
     0.063    -0.510    -0.858
    -0.083    -0.442    -0.893
     0.058    -0.695    -0.717
     0.145    -0.568    -0.810
     0.032    -0.481    -0.876
     0.062    -0.511    -0.858
     0.038    -0.521    -0.853
     0.080    -0.485    -0.871
    -0.050    -0.555    -0.830
     0.001    -0.502    -0.865
     0.073    -0.614    -0.786
     0.151    -0.477    -0.866
     0.057    -0.457    -0.888
     0.014    -0.527    -0.850
     0.056    -0.551    -0.833
    -0.115    -0.551    -0.827
     0.087    -0.548    -0.832
    -0.039    -0.556    -0.831
    -0.017    -0.511    -0.859
    -0.269    -0.563    -0.782
    -0.003    -0.480    -0.878
     0.004    -0.512    -0.859
    -0.084    -0.566    -0.820
     0.004    -0.517    -0.856
    -0.055    -0.449    -0.892
    -0.013    -0.573    -0.820
    -0.074    -0.466    -0.882
     0.015    -0.473    -0.881
    -0.005    -0.513    -0.859
    -0.047    -0.532    -0.846
    -0.113    -0.515    -0.850
    -0.061    -0.473    -0.879
     0.011    -0.371    -0.929
    -0.005    -0.441    -0.898
     0.032    -0.563    -0.826
     0.002    -0.570    -0.821
    -0.037    -0.583    -0.812
    -0.060    -0.572    -0.818
     0.143    -0.542    -0.828
    -0.049    -0.574    -0.817
     0.008    -0.390    -0.921
     0.028    -0.624    -0.781
     0.037    -0.474    -0.880
    -0.065    -0.528    -0.847
     0.049    -0.476    -0.878
     0.024    -0.429    -0.903
    -0.007    -0.489    -0.872
     0.009    -0.479    -0.878
     0.065    -0.531    -0.845
     0.002    -0.538    -0.843
     0.014    -0.554    -0.832
     0.164    -0.487    -0.858
    -0.013    -0.630    -0.776
     0.039    -0.547    -0.836
     0.070    -0.519    -0.852
     0.063    -0.370    -0.927
     0.140    -0.559    -0.817
     0.067    -0.449    -0.891
     0.039    -0.420    -0.907
     0.072    -0.495    -0.866
     0.192    -0.512    -0.837
    -0.037    -0.403    -0.915
     0.039    -0.378    -0.925
     0.026    -0.481    -0.877
    -0.084    -0.511    -0.855
     0.093    -0.483    -0.871
    -0.078    -0.470    -0.879
     0.043    -0.600    -0.799
     0.133    -0.528    -0.839
     0.054    -0.513    -0.857
     0.047    -0.445    -0.894
    -0.082    -0.467    -0.880
    -0.068    -0.472    -0.879
    -0.005    -0.517    -0.856
    -0.015    -0.522    -0.853
     0.019    -0.491    -0.871
     0.033    -0.509    -0.860
     0.054    -0.492    -0.869
    -0.128    -0.508    -0.852
     0.054    -0.640    -0.766
    -0.060    -0.513    -0.856
    -0.034    -0.486    -0.874
     0.056    -0.450    -0.891
     0.001    -0.416    -0.910
     0.139    -0.517    -0.845
    -0.045    -0.413    -0.909
     0.038    -0.612    -0.790
    -0.026    -0.536    -0.844
    -0.067    -0.570    -0.819
     0.116    -0.472    -0.874
     0.110    -0.568    -0.815
     0.135    -0.602    -0.787
     0.038    -0.433    -0.901
    -0.024    -0.576    -0.817
    -0.013    -0.545    -0.838
     0.189    -0.551    -0.813
    -0.075    -0.521    -0.850
     0.017    -0.381    -0.924
     0.040    -0.556    -0.830
     0.045    -0.505    -0.862
     0.081    -0.489    -0.869
     0.072    -0.364    -0.929
    -0.035    -0.490    -0.871
     0.024    -0.463    -0.886
     0.108    -0.473    -0.874
    -0.077    -0.427    -0.901
     0.108    -0.537    -0.837
     0.037    -0.404    -0.914
    -0.085    -0.502    -0.861
     0.077    -0.465    -0.882
    -0.069    -0.538    -0.840
    -0.063    -0.478    -0.876
    -0.013    -0.588    -0.808
     0.076    -0.517    -0.853
    -0.159    -0.476    -0.865
    -0.071    -0.500    -0.863
     0.028    -0.532    -0.846
    -0.006    -0.543    -0.840
    -0.016    -0.603    -0.798
    -0.040    -0.490    -0.871
    -0.028    -0.499    -0.866
     0.092    -0.524    -0.847
    -0.016    -0.380    -0.925
     0.063    -0.608    -0.791
     0.000    -0.469    -0.883
     0.094    -0.474    -0.876
     0.030    -0.452    -0.891
     0.035    -0.507    -0.861
    -0.047    -0.492    -0.869
    -0.050    -0.578    -0.814
    -0.047    -0.498    -0.866
    -0.010    -0.594    -0.804
     0.146    -0.506    -0.850
    -0.075    -0.589    -0.805
    -0.014    -0.495    -0.869
    -0.007    -0.590    -0.808
     0.088    -0.480    -0.873
    -0.015    -0.511    -0.859
     0.156    -0.432    -0.888
    -0.073    -0.441    -0.894
    -0.128    -0.458    -0.880
    -0.176    -0.529    -0.830
     0.031    -0.474    -0.880
     0.052    -0.548    -0.835
     0.073    -0.502    -0.862
     0.117    -0.646    -0.755
     0.080    -0.695    -0.715
     0.034    -0.518    -0.855
     0.087    -0.495    -0.864
     0.023    -0.533    -0.845
     0.120    -0.649    -0.751
    -0.122    -0.564    -0.817
     0.007    -0.449    -0.894
    -0.064    -0.533    -0.844
    -0.120    -0.555    -0.823
     0.105    -0.497    -0.861
    -0.027    -0.573    -0.819
     0.047    -0.526    -0.849
    -0.044    -0.499    -0.865
     0.045    -0.560    -0.827
    -0.193    -0.425    -0.884
     0.030    -0.483    -0.875
    -0.057    -0.439    -0.897
     0.031    -0.415    -0.909
     0.193    -0.542    -0.818
     0.086    -0.461    -0.883
    -0.023    -0.545    -0.838
     0.073    -0.529    -0.845
     0.100    -0.527    -0.844
    -0.169    -0.511    -0.843
     0.025    -0.518    -0.855
     0.027    -0.530    -0.847
    -0.031    -0.413    -0.910
    -0.002    -0.492    -0.870
    -0.017    -0.551    -0.834
    -0.086    -0.526    -0.846
     0.121    -0.492    -0.862
    -0.030    -0.518    -0.855
     0.110    -0.386    -0.916
     0.080    -0.493    -0.866
     0.127    -0.543    -0.830
     0.100    -0.432    -0.896
     0.040    -0.506    -0.862
    -0.031    -0.583    -0.812
     0.052    -0.596    -0.802
     0.078    -0.595    -0.800
     0.174    -0.574    -0.800
     0.049    -0.525    -0.850
    -0.087    -0.471    -0.878
     0.020    -0.394    -0.919
     0.008    -0.594    -0.805
    -0.004    -0.471    -0.882
     0.034    -0.563    -0.826
    -0.027    -0.478    -0.878
     0.066    -0.574    -0.816
    -0.014    -0.351    -0.936
     0.073    -0.547    -0.834
    -0.139    -0.543    -0.828
     0.023    -0.590    -0.807
    -0.018    -0.422    -0.906
     0.016    -0.520    -0.854
     0.076    -0.429    -0.900
     0.217    -0.575    -0.789
     0.127    -0.531    -0.838
    -0.073    -0.607    -0.791
    -0.043    -0.597    -0.801
     0.047    -0.386    -0.921
    -0.015    -0.449    -0.893
     0.109    -0.482    -0.869
     0.058    -0.477    -0.877
    -0.037    -0.483    -0.875
     0.166    -0.598    -0.784
     0.139    -0.441    -0.887
    -0.138    -0.546    -0.826
     0.066    -0.562    -0.824
    -0.030    -0.550    -0.835
     0.054    -0.369    -0.928
     0.069    -0.477    -0.876
     0.117    -0.455    -0.883
     0.029    -0.600    -0.800
    -0.024    -0.528    -0.849
    -0.033    -0.382    -0.924
    -0.016    -0.550    -0.835
     0.068    -0.515    -0.854
    -0.011    -0.538    -0.843
     0.066    -0.600    -0.797
     0.066    -0.583    -0.810
    -0.019    -0.528    -0.849
    -0.022    -0.463    -0.886
     0.128    -0.519    -0.845
     0.085    -0.423    -0.902
     0.044    -0.536    -0.843
    -0.108    -0.580    -0.808
     0.043    -0.586    -0.809
     0.014    -0.476    -0.879
     0.020    -0.525    -0.851
     0.064    -0.464    -0.883
     0.073    -0.573    -0.816
     0.057    -0.560    -0.827
     0.004    -0.569    -0.822
     0.065    -0.366    -0.928
    -0.083    -0.669    -0.738
    -0.056    -0.480    -0.876
     0.079    -0.418    -0.905
    -0.033    -0.524    -0.851
     0.049    -0.418    -0.907
     0.076    -0.520    -0.850
    -0.012    -0.438    -0.899
     0.025    -0.495    -0.868
    -0.072    -0.500    -0.863
     0.043    -0.532    -0.846
    -0.043    -0.580    -0.813
    -0.005    -0.441    -0.897
     0.219    -0.480    -0.850
    -0.077    -0.535    -0.841
     0.041    -0.557    -0.829
    -0.025    -0.498    -0.867
     0.211    -0.490    -0.846
     0.087    -0.550    -0.831
     0.116    -0.576    -0.810
    -0.117    -0.586    -0.802
    -0.034    -0.443    -0.896
     0.008    -0.503    -0.864
     0.001    -0.485    -0.875
     0.072    -0.516    -0.854
    -0.037    -0.501    -0.865
     0.059    -0.461    -0.886
     0.113    -0.465    -0.878
     0.082    -0.672    -0.736
     0.089    -0.584    -0.807
     0.161    -0.467    -0.870
     0.013    -0.483    -0.875
    -0.078    -0.339    -0.937
    -0.087    -0.581    -0.809
     0.025    -0.616    -0.787
     0.181    -0.617    -0.766
     0.088    -0.620    -0.780
     0.115    -0.435    -0.893
     0.107    -0.433    -0.895
     0.175    -0.391    -0.904
    -0.076    -0.532    -0.843
     0.036    -0.493    -0.869
     0.068    -0.541    -0.838
    -0.090    -0.458    -0.884
    -0.004    -0.546    -0.838
     0.030    -0.400    -0.916
     0.058    -0.482    -0.874
     0.008    -0.506    -0.863
     0.178    -0.398    -0.900
     0.110    -0.545    -0.831
     0.018    -0.574    -0.819
    -0.029    -0.487    -0.873
     0.024    -0.499    -0.866
     0.046    -0.516    -0.856
     0.030    -0.365    -0.931
     0.046    -0.600    -0.799
     0.080    -0.540    -0.838
     0.010    -0.587    -0.810
    -0.036    -0.518    -0.855
     0.012    -0.604    -0.797
    -0.041    -0.585    -0.810
     0.107    -0.485    -0.868
     0.031    -0.567    -0.823
    -0.168    -0.492    -0.854
     0.014    -0.575    -0.818
     0.185    -0.550    -0.814
    -0.146    -0.473    -0.869
     0.053    -0.382    -0.923
     0.064    -0.478    -0.876
    -0.067    -0.450    -0.891
    -0.118    -0.558    -0.821
    -0.061    -0.453    -0.889
    -0.116    -0.399    -0.910
    -0.076    -0.519    -0.851
    -0.046    -0.506    -0.861
     0.019    -0.407    -0.913
    -0.068    -0.479    -0.875
     0.125    -0.423    -0.898
     0.142    -0.493    -0.858
     0.020    -0.486    -0.874
     0.026    -0.467    -0.884
    -0.081    -0.464    -0.882
     0.054    -0.553    -0.831
     0.013    -0.548    -0.836
     0.099    -0.473    -0.876
    -0.059    -0.557    -0.828
    -0.013    -0.513    -0.859
    -0.021    -0.454    -0.891
    -0.001    -0.458    -0.889
     0.098    -0.517    -0.850
     0.002    -0.466    -0.885
     0.110    -0.428    -0.897
     0.046    -0.561    -0.827
     0.086    -0.412    -0.907
     0.081    -0.478    -0.874
     0.088    -0.657    -0.749
     0.162    -0.563    -0.810
    -0.015    -0.415    -0.910
     0.075    -0.485    -0.871
     0.114    -0.531    -0.839
    -0.016    -0.421    -0.907
     0.045    -0.509    -0.860
     0.027    -0.568    -0.822
     0.159    -0.592    -0.790
    -0.069    -0.513    -0.855
     0.093    -0.482    -0.871
    -0.015    -0.473    -0.881
     0.063    -0.610    -0.790
     0.001    -0.606    -0.796
     0.043    -0.442    -0.896
    -0.006    -0.563    -0.827
    -0.048    -0.471    -0.881
    -0.003    -0.512    -0.859
    -0.017    -0.537    -0.843
     0.053    -0.524    -0.850
     0.046    -0.516    -0.856
    -0.020    -0.412    -0.911
     0.011    -0.432    -0.902
    -0.000    -0.593    -0.806
    -0.037    -0.434    -0.900
     0.000    -0.415    -0.910
     0.034    -0.362    -0.931
     0.058    -0.540    -0.840
     0.118    -0.489    -0.864
     0.030    -0.490    -0.871
    -0.060    -0.593    -0.803
    -0.048    -0.522    -0.851
     0.013    -0.593    -0.805
     0.115    -0.523    -0.845
     0.068    -0.622    -0.780
     0.097    -0.482    -0.871
    -0.022    -0.483    -0.875
     0.165    -0.443    -0.881
     0.007    -0.550    -0.835
     0.082    -0.489    -0.868
     0.050    -0.437    -0.898
    -0.039    -0.626    -0.779
     0.033    -0.351    -0.936
     0.025    -0.533    -0.846
    -0.060    -0.426    -0.903
     0.046    -0.584    -0.811
     0.100    -0.469    -0.878
     0.021    -0.395    -0.919
    -0.037    -0.524    -0.851
    -0.049    -0.430    -0.901
    -0.074    -0.430    -0.900
    -0.066    -0.385    -0.920
     0.085    -0.498    -0.863
    -0.043    -0.639    -0.768
    -0.020    -0.497    -0.868
     0.084    -0.523    -0.848
     0.004    -0.488    -0.873
     0.010    -0.484    -0.875
    -0.000    -0.503    -0.864
     0.099    -0.459    -0.883
     0.032    -0.462    -0.887
     0.104    -0.508    -0.855
    -0.102    -0.460    -0.882
    -0.070    -0.441    -0.895
     0.018    -0.585    -0.811
    -0.028    -0.517    -0.855
    -0.059    -0.465    -0.884
     0.080    -0.474    -0.877
    -0.155    -0.506    -0.849
    -0.024    -0.485    -0.874
     0.044    -0.580    -0.813
     0.072    -0.634    -0.770
     0.028    -0.421    -0.907
     0.129    -0.536    -0.834
    -0.008    -0.491    -0.871
    -0.007    -0.592    -0.806
     0.041    -0.483    -0.874
     0.044    -0.474    -0.879
     0.040    -0.484    -0.874
     0.039    -0.539    -0.841
    -0.047    -0.540    -0.840
     0.010    -0.393    -0.919
    -0.037    -0.468    -0.883
    -0.064    -0.619    -0.783
    -0.035    -0.481    -0.876
     0.121    -0.491    -0.863
    -0.035    -0.597    -0.802
    -0.036    -0.534    -0.844
     0.058    -0.453    -0.890
     0.122    -0.692    -0.712
     0.038    -0.538    -0.842
    -0.193    -0.432    -0.881
    -0.055    -0.485    -0.873
     0.053    -0.542    -0.839
    -0.010    -0.506    -0.862
     0.041    -0.551    -0.833
     0.051    -0.438    -0.898
     0.052    -0.431    -0.901
     0.015    -0.541    -0.841
     0.011    -0.574    -0.819
     0.091    -0.444    -0.891
    -0.029    -0.520    -0.854
     0.055    -0.563    -0.824
     0.119    -0.543    -0.831
     0.058    -0.585    -0.809
     0.050    -0.559    -0.828
    -0.007    -0.513    -0.858
     0.097    -0.601    -0.793
     0.084    -0.465    -0.881
     0.040    -0.556    -0.831
     0.004    -0.529    -0.849
     0.041    -0.538    -0.842
     0.075    -0.550    -0.832
    -0.036    -0.572    -0.819
     0.046    -0.500    -0.865
     0.137    -0.589    -0.796
    -0.029    -0.414    -0.910
    -0.015    -0.376    -0.926
    -0.007    -0.601    -0.799
    -0.059    -0.439    -0.897
     0.082    -0.310    -0.947
    -0.035    -0.430    -0.902
     0.005    -0.552    -0.834
     0.094    -0.591    -0.801
     0.076    -0.479    -0.874
    -0.004    -0.536    -0.844
    -0.020    -0.503    -0.864
     0.011    -0.653    -0.757
    -0.027    -0.624    -0.781
     0.131    -0.416    -0.900
     0.087    -0.536    -0.840
     0.000    -0.440    -0.898
    -0.049    -0.599    -0.800
     0.006    -0.534    -0.845
     0.165    -0.469    -0.868
     0.107    -0.477    -0.872
    -0.083    -0.459    -0.885
     0.091    -0.376    -0.922
     0.077    -0.588    -0.806
     0.099    -0.460    -0.882
     0.094    -0.553    -0.828
     0.064    -0.546    -0.835
    -0.073    -0.419    -0.905
     0.058    -0.529    -0.847
     0.058    -0.434    -0.899
     0.107    -0.467    -0.878
     0.002    -0.424    -0.906
    -0.090    -0.601    -0.794
     0.047    -0.447    -0.893
    -0.096    -0.518    -0.850
    -0.098    -0.494    -0.864
     0.028    -0.540    -0.841
     0.038    -0.450    -0.892
     0.050    -0.447    -0.893
     0.055    -0.433    -0.900
     0.046    -0.392    -0.919
     0.021    -0.425    -0.905
    -0.011    -0.595    -0.804
     0.063    -0.527    -0.848
     0.057    -0.530    -0.846
     0.106    -0.575    -0.811
    -0.062    -0.513    -0.856
    -0.051    -0.582    -0.812
    -0.023    -0.435    -0.900
    -0.031    -0.544    -0.838
    -0.004    -0.463    -0.886
    -0.029    -0.580    -0.814
     0.074    -0.437    -0.897
     0.029    -0.451    -0.892
     0.105    -0.394    -0.913
     0.188    -0.576    -0.796
     0.063    -0.641    -0.765
     0.011    -0.609    -0.793
     0.215    -0.459    -0.862
     0.012    -0.480    -0.877
     0.110    -0.499    -0.859
     0.069    -0.420    -0.905
     0.017    -0.521    -0.854
     0.072    -0.555    -0.829
     0.086    -0.558    -0.826
     0.207    -0.524    -0.826
     0.017    -0.613    -0.790
    -0.010    -0.520    -0.854
     0.021    -0.580    -0.814
    -0.031    -0.520    -0.853
    -0.044    -0.494    -0.868
    -0.145    -0.534    -0.833
     0.101    -0.595    -0.797
     0.144    -0.552    -0.822
     0.075    -0.463    -0.883
     0.137    -0.459    -0.878
    -0.034    -0.594    -0.804
     0.144    -0.558    -0.817
    -0.022    -0.415    -0.910
    -0.019    -0.479    -0.878
    -0.088    -0.499    -0.862
    -0.070    -0.608    -0.791
     0.050    -0.411    -0.910
    -0.037    -0.436    -0.899
     0.076    -0.455    -0.887
     0.089    -0.482    -0.872
    -0.004    -0.521    -0.853
     0.060    -0.503    -0.862
     0.159    -0.436    -0.886
    -0.061    -0.518    -0.853
    -0.093    -0.493    -0.865
     0.008    -0.534    -0.845
     0.120    -0.466    -0.877
     0.008    -0.527    -0.850
    -0.109    -0.581    -0.807
     0.067    -0.579    -0.812
    -0.060    -0.551    -0.833
    -0.158    -0.512    -0.844
     0.063    -0.558    -0.827
     0.097    -0.522    -0.847
     0.111    -0.538    -0.836
     0.072    -0.587    -0.807
     0.187    -0.601    -0.777
     0.091    -0.479    -0.873
     0.095    -0.464    -0.881
    -0.002    -0.508    -0.862
     0.004    -0.502    -0.865
     0.120    -0.545    -0.830
     0.176    -0.628    -0.758
     0.039    -0.507    -0.861
     0.019    -0.666    -0.746
     0.029    -0.583    -0.812
    -0.068    -0.598    -0.799
    -0.037    -0.419    -0.907
    -0.072    -0.364    -0.928
    -0.016    -0.623    -0.782
    -0.078    -0.580    -0.811
     0.038    -0.516    -0.856
    -0.121    -0.652    -0.748
     0.011    -0.597    -0.803
     0.073    -0.543    -0.837
    -0.078    -0.548    -0.833
    -0.108    -0.504    -0.857
     0.239    -0.472    -0.849
     0.021    -0.382    -0.924
     0.130    -0.480    -0.867
    -0.004    -0.443    -0.897
    -0.034    -0.530    -0.848
     0.008    -0.447    -0.895
    -0.019    -0.563    -0.826
    -0.004    -0.499    -0.866
     0.123    -0.417    -0.900
     0.105    -0.471    -0.876
     0.027    -0.603    -0.798
    -0.019    -0.494    -0.869
    -0.029    -0.664    -0.747
     0.125    -0.595    -0.794
     0.106    -0.596    -0.796
     0.176    -0.521    -0.835
     0.098    -0.531    -0.841
     0.029    -0.405    -0.914
    -0.060    -0.499    -0.865
     0.050    -0.510    -0.859
     0.012    -0.590    -0.808
     0.134    -0.429    -0.893
     0.088    -0.392    -0.916
     0.040    -0.520    -0.853
     0.050    -0.628    -0.777
    -0.018    -0.581    -0.814
     0.038    -0.517    -0.855
     0.045    -0.428    -0.903
    -0.001    -0.545    -0.839
     0.082    -0.439    -0.895
    -0.058    -0.671    -0.740
    -0.060    -0.568    -0.821
    -0.002    -0.537    -0.844
     0.076    -0.556    -0.827
    -0.039    -0.577    -0.816
    -0.003    -0.453    -0.891
    -0.117    -0.490    -0.864
     0.188    -0.556    -0.810
     0.044    -0.481    -0.876
     0.049    -0.455    -0.889
     0.091    -0.465    -0.880
     0.012    -0.575    -0.818
     0.068    -0.434    -0.898
     0.108    -0.520    -0.847
     0.024    -0.458    -0.889
    -0.077    -0.538    -0.840
    -0.053    -0.521    -0.852
     0.067    -0.598    -0.798
     0.049    -0.424    -0.904
    -0.014    -0.498    -0.867
     0.058    -0.568    -0.821
    -0.023    -0.496    -0.868
    -0.081    -0.445    -0.892
     0.096    -0.391    -0.916
    -0.002    -0.512    -0.859
     0.055    -0.638    -0.768
    -0.002    -0.511    -0.859
     0.201    -0.608    -0.768
     0.005    -0.546    -0.838
     0.008    -0.575    -0.818
     0.026    -0.447    -0.894
     0.134    -0.453    -0.882
    -0.015    -0.549    -0.836
     0.084    -0.470    -0.879
     0.051    -0.569    -0.821
     0.044    -0.524    -0.851
    -0.009    -0.519    -0.855
     0.115    -0.409    -0.905
     0.103    -0.533    -0.840
     0.013    -0.630    -0.776
     0.182    -0.567    -0.803
     0.032    -0.271    -0.962
     0.044    -0.370    -0.928
    -0.000    -0.423    -0.906
     0.024    -0.450    -0.893
     0.114    -0.494    -0.862
    -0.232    -0.468    -0.853
    -0.078    -0.517    -0.852
     0.026    -0.426    -0.904
     0.048    -0.489    -0.871
    -0.049    -0.464    -0.885
     0.112    -0.555    -0.824
    -0.020    -0.567    -0.823
     0.118    -0.482    -0.868
     0.004    -0.533    -0.846
     0.027    -0.461    -0.887
     0.009    -0.519    -0.855
     0.125    -0.329    -0.936
     0.070    -0.549    -0.833
     0.171    -0.612    -0.772
    -0.007    -0.600    -0.800
     0.083    -0.561    -0.823
     0.008    -0.417    -0.909
    -0.126    -0.507    -0.853
     0.030    -0.503    -0.864
     0.045    -0.547    -0.836
     0.064    -0.525    -0.849
     0.034    -0.561    -0.827
     0.059    -0.511    -0.857
    -0.030    -0.487    -0.873
     0.050    -0.542    -0.839
    -0.010    -0.494    -0.869
    -0.096    -0.435    -0.895
     0.008    -0.497    -0.868
     0.002    -0.402    -0.916
    -0.054    -0.595    -0.802
    -0.043    -0.473    -0.880
    -0.168    -0.340    -0.925
     0.062    -0.487    -0.871
    -0.040    -0.493    -0.869
     0.030    -0.635    -0.772
     0.063    -0.406    -0.912
     0.038    -0.473    -0.880
    -0.056    -0.526    -0.849
     0.150    -0.493    -0.857
     0.094    -0.472    -0.877
     0.068    -0.565    -0.822
    -0.205    -0.470    -0.859
    -0.023    -0.415    -0.910
     0.027    -0.573    -0.819
     0.014    -0.491    -0.871
     0.080    -0.634    -0.769
     0.065    -0.482    -0.874
    -0.047    -0.588    -0.808
     0.000    -0.407    -0.913
     0.074    -0.588    -0.806
    -0.058    -0.547    -0.835
     0.119    -0.528    -0.841
     0.035    -0.462    -0.886
     0.024    -0.323    -0.946
    -0.038    -0.605    -0.795
    -0.062    -0.412    -0.909
     0.229    -0.395    -0.890
     0.094    -0.522    -0.848
     0.156    -0.591    -0.792
     0.035    -0.470    -0.882
    -0.036    -0.425    -0.904
     0.072    -0.442    -0.894
    -0.150    -0.455    -0.878
     0.088    -0.534    -0.841
     0.068    -0.483    -0.873
     0.087    -0.515    -0.853
     0.074    -0.508    -0.858
    -0.000    -0.582    -0.813
    -0.022    -0.612    -0.790
     0.025    -0.584    -0.811
    -0.116    -0.534    -0.837
     0.117    -0.469    -0.876
     0.048    -0.490    -0.870
     0.031    -0.430    -0.902
     0.123    -0.506    -0.854
    -0.168    -0.503    -0.848
     0.017    -0.635    -0.772
     0.071    -0.504    -0.861
    -0.005    -0.607    -0.795
     0.082    -0.454    -0.887
     0.093    -0.521    -0.849
     0.015    -0.605    -0.796
    -0.017    -0.448    -0.894
    -0.142    -0.504    -0.852
    -0.045    -0.562    -0.826
    -0.074    -0.573    -0.816
    -0.071    -0.549    -0.833
     0.073    -0.520    -0.851
     0.078    -0.524    -0.848
     0.148    -0.514    -0.845
     0.104    -0.546    -0.831
    -0.168    -0.565    -0.808
    -0.004    -0.491    -0.871
     0.057    -0.503    -0.863
     0.064    -0.593    -0.803
     0.107    -0.433    -0.895
    -0.025    -0.542    -0.840
     0.099    -0.504    -0.858
    -0.050    -0.524    -0.850
     0.030    -0.513    -0.858
     0.133    -0.522    -0.842
    -0.030    -0.511    -0.859
     0.019    -0.529    -0.848
    -0.158    -0.497    -0.854
     0.060    -0.532    -0.844
     0.126    -0.652    -0.748
     0.050    -0.459    -0.887
     0.001    -0.641    -0.768
     0.035    -0.492    -0.870
     0.077    -0.547    -0.834
     0.034    -0.435    -0.900
     0.119    -0.495    -0.861
     0.075    -0.473    -0.878
     0.123    -0.527    -0.841
     0.041    -0.548    -0.835
     0.135    -0.510    -0.850
     0.071    -0.477    -0.876
    -0.168    -0.565    -0.808
     0.055    -0.466    -0.883
    -0.028    -0.579    -0.815
     0.027    -0.599    -0.800
     0.148    -0.366    -0.919
     0.095    -0.473    -0.876
     0.029    -0.576    -0.817
     0.134    -0.582    -0.802
    -0.011    -0.527    -0.850
     0.117    -0.562    -0.819
     0.040    -0.492    -0.870
     0.092    -0.570    -0.817
     0.120    -0.563    -0.818
    -0.017    -0.521    -0.854
    -0.004    -0.575    -0.818
    -0.001    -0.540    -0.841
    -0.034    -0.604    -0.796
    -0.036    -0.517    -0.855
     0.131    -0.430    -0.893
     0.152    -0.492    -0.857
    -0.086    -0.463    -0.882
    -0.040    -0.445    -0.895
    -0.036    -0.594    -0.804
     0.147    -0.475    -0.868
    -0.061    -0.580    -0.812
     0.111    -0.503    -0.857
     0.041    -0.461    -0.886
     0.058    -0.454    -0.889
     0.057    -0.599    -0.799
     0.024    -0.472    -0.881
    -0.144    -0.590    -0.794
     0.097    -0.536    -0.838
     0.136    -0.564    -0.814
     0.074    -0.653    -0.754
     0.110    -0.549    -0.829
    -0.037    -0.524    -0.851
     0.098    -0.400    -0.911
     0.030    -0.578    -0.816
    -0.017    -0.473    -0.881
     0.024    -0.460    -0.888
     0.114    -0.516    -0.849
     0.159    -0.500    -0.851
    -0.069    -0.455    -0.888
    -0.080    -0.552    -0.830
     0.106    -0.437    -0.893
     0.082    -0.547    -0.833
     0.075    -0.531    -0.844
     0.053    -0.459    -0.887
    -0.042    -0.520    -0.853
     0.093    -0.464    -0.881
     0.198    -0.477    -0.856
     0.067    -0.512    -0.857
     0.028    -0.612    -0.790
     0.027    -0.464    -0.885
     0.061    -0.597    -0.800
    -0.096    -0.305    -0.947
     0.090    -0.507    -0.857
     0.043    -0.387    -0.921
     0.046    -0.651    -0.758
     0.064    -0.558    -0.828
     0.071    -0.567    -0.821
     0.059    -0.555    -0.830
     0.053    -0.562    -0.826
     0.090    -0.572    -0.815
     0.035    -0.389    -0.921
     0.114    -0.514    -0.850
     0.100    -0.602    -0.792
    -0.001    -0.587    -0.809
     0.059    -0.514    -0.856
     0.105    -0.539    -0.836
     0.004    -0.566    -0.824
     0.090    -0.607    -0.789
     0.055    -0.551    -0.832
    -0.035    -0.450    -0.892
     0.057    -0.500    -0.864
     0.016    -0.613    -0.790
     0.059    -0.450    -0.891
     0.054    -0.523    -0.851
     0.073    -0.579    -0.812
    -0.032    -0.537    -0.843
     0.126    -0.502    -0.856
     0.007    -0.525    -0.851
     0.049    -0.572    -0.819
    -0.025    -0.614    -0.789
    -0.033    -0.500    -0.866
     0.048    -0.542    -0.839
     0.106    -0.447    -0.888
     0.067    -0.495    -0.866
     0.109    -0.530    -0.841
     0.077    -0.652    -0.754
     0.097    -0.568    -0.817
     0.031    -0.505    -0.863
    -0.020    -0.441    -0.897
    -0.005    -0.423    -0.906
     0.068    -0.422    -0.904
    -0.042    -0.504    -0.863
    -0.042    -0.595    -0.802
    -0.001    -0.436    -0.900
    -0.143    -0.558    -0.818
    -0.058    -0.507    -0.860
     0.073    -0.579    -0.812
    -0.072    -0.428    -0.901
     0.043    -0.443    -0.895
     0.141    -0.381    -0.914
     0.107    -0.440    -0.892
    -0.050    -0.497    -0.866
    -0.002    -0.587    -0.810
     0.014    -0.479    -0.877
     0.116    -0.489    -0.864
    -0.001    -0.503    -0.865
    -0.017    -0.611    -0.792
    -0.006    -0.572    -0.820
     0.098    -0.401    -0.911
     0.113    -0.504    -0.856
     0.048    -0.473    -0.880
