     0.297     0.456    -0.839
     0.546     0.225    -0.807
     0.614     0.328    -0.718
     0.310     0.534    -0.786
     0.673     0.121    -0.730
     0.385     0.420    -0.822
     0.392     0.365    -0.845
     0.344     0.370    -0.863
     0.489     0.362    -0.794
     0.251     0.515    -0.820
     0.250     0.389    -0.886
     0.333     0.494    -0.803
     0.360     0.560    -0.746
     0.430     0.182    -0.884
     0.323     0.321    -0.890
     0.217     0.405    -0.888
     0.530     0.453    -0.717
     0.418     0.415    -0.808
     0.177     0.357    -0.917
     0.315     0.380    -0.870
     0.473     0.374    -0.798
     0.466     0.222    -0.856
     0.361     0.448    -0.818
     0.427     0.395    -0.813
     0.356     0.365    -0.860
     0.349     0.443    -0.826
     0.218     0.386    -0.896
     0.441     0.463    -0.769
     0.408     0.223    -0.885
     0.228     0.404    -0.886
     0.445     0.383    -0.810
     0.240     0.444    -0.863
     0.113     0.456    -0.883
     0.296     0.401    -0.867
     0.316     0.525    -0.790
     0.237     0.340    -0.910
     0.450     0.313    -0.836
     0.457     0.370    -0.809
     0.486     0.075    -0.871
     0.278     0.091    -0.956
     0.440     0.332    -0.834
     0.221     0.455    -0.863
     0.442     0.304    -0.844
     0.377     0.468    -0.799
     0.394     0.261    -0.881
     0.529     0.381    -0.759
     0.491     0.227    -0.841
     0.445     0.425    -0.788
     0.402     0.400    -0.824
     0.312     0.429    -0.848
     0.382     0.264    -0.886
     0.534     0.438    -0.723
     0.315     0.414    -0.854
     0.599     0.193    -0.777
     0.068     0.383    -0.921
     0.362     0.275    -0.891
     0.412     0.297    -0.861
     0.585     0.211    -0.783
     0.476     0.272    -0.836
     0.278     0.611    -0.742
     0.488     0.404    -0.774
     0.356     0.353    -0.865
     0.570     0.310    -0.761
     0.313     0.456    -0.833
     0.399     0.364    -0.841
     0.540     0.316    -0.780
     0.567     0.138    -0.812
     0.555     0.191    -0.810
     0.385     0.392    -0.836
     0.335     0.249    -0.909
     0.254     0.363    -0.897
     0.372     0.397    -0.839
     0.387     0.354    -0.852
     0.443     0.355    -0.823
     0.359     0.317    -0.878
     0.429     0.390    -0.814
     0.448     0.234    -0.863
     0.439     0.236    -0.867
     0.273     0.346    -0.898
     0.516     0.541    -0.665
     0.552     0.430    -0.714
     0.311     0.579    -0.754
     0.301     0.513    -0.804
     0.194     0.548    -0.814
     0.495     0.422    -0.759
     0.333     0.180    -0.926
     0.299     0.369    -0.880
     0.598     0.357    -0.718
     0.193     0.386    -0.902
     0.284     0.224    -0.932
     0.179     0.437    -0.882
     0.540     0.310    -0.783
     0.395     0.350    -0.849
     0.462     0.466    -0.755
     0.615     0.398    -0.681
     0.396     0.408    -0.822
     0.211     0.239    -0.948
     0.416     0.458    -0.786
     0.545     0.240    -0.803
     0.424     0.252    -0.870
     0.448     0.163    -0.879
     0.419     0.282    -0.863
     0.392     0.335    -0.857
     0.266     0.380    -0.886
     0.624     0.236    -0.745
     0.199     0.502    -0.842
     0.467     0.375    -0.801
     0.426     0.302    -0.853
     0.392     0.477    -0.787
     0.571     0.284    -0.770
     0.369     0.384    -0.846
     0.084     0.182    -0.980
     0.587     0.280    -0.760
     0.515     0.427    -0.743
     0.263     0.319    -0.910
     0.556     0.346    -0.756
     0.359     0.378    -0.853
     0.423     0.219    -0.879
     0.343     0.139    -0.929
     0.391     0.373    -0.841
     0.296     0.355    -0.887
     0.453     0.484    -0.749
     0.354     0.454    -0.818
     0.259     0.490    -0.832
     0.492     0.398    -0.774
     0.456     0.367    -0.811
     0.393     0.276    -0.877
     0.359     0.268    -0.894
     0.305     0.316    -0.899
     0.348     0.244    -0.905
     0.446     0.114    -0.888
     0.319     0.292    -0.902
     0.065     0.145    -0.987
     0.349     0.367    -0.862
     0.415     0.322    -0.851
     0.538     0.423    -0.729
     0.435     0.331    -0.837
     0.435     0.360    -0.825
     0.168     0.551    -0.818
     0.467     0.326    -0.822
     0.466     0.296    -0.834
     0.526     0.458    -0.717
     0.401     0.257    -0.879
     0.287     0.451    -0.845
     0.396     0.323    -0.860
     0.224     0.269    -0.937
     0.473     0.303    -0.828
     0.561     0.105    -0.821
     0.390     0.281    -0.877
     0.457     0.332    -0.825
     0.338     0.414    -0.845
     0.565     0.233    -0.792
     0.381     0.378    -0.844
     0.286     0.257    -0.923
     0.264     0.412    -0.872
     0.322     0.415    -0.851
     0.383     0.324    -0.865
     0.490     0.384    -0.783
     0.347     0.382    -0.857
     0.451     0.287    -0.845
     0.299     0.139    -0.944
     0.420     0.290    -0.860
     0.413     0.259    -0.873
     0.431     0.459    -0.777
     0.464     0.403    -0.789
     0.592     0.435    -0.679
     0.382     0.449    -0.808
     0.569     0.255    -0.782
     0.520     0.382    -0.764
     0.360     0.285    -0.888
     0.411     0.445    -0.795
     0.606     0.296    -0.739
     0.416     0.195    -0.888
     0.226     0.475    -0.850
     0.210     0.132    -0.969
     0.393     0.362    -0.845
     0.426     0.317    -0.847
     0.440     0.363    -0.821
     0.498     0.374    -0.782
     0.539     0.603    -0.588
     0.154     0.372    -0.915
     0.528    -0.081    -0.846
     0.305     0.472    -0.827
     0.327     0.269    -0.906
     0.345     0.400    -0.849
     0.442     0.371    -0.817
     0.293     0.361    -0.885
     0.327     0.183    -0.927
     0.413     0.387    -0.824
     0.256     0.213    -0.943
     0.252     0.389    -0.886
     0.294     0.580    -0.760
     0.376     0.350    -0.858
     0.458     0.353    -0.816
     0.386     0.258    -0.885
     0.599     0.181    -0.780
     0.104     0.309    -0.945
     0.476     0.447    -0.758
     0.266     0.292    -0.919
     0.270     0.408    -0.872
     0.428     0.533    -0.730
     0.437     0.270    -0.858
     0.372     0.239    -0.897
     0.454     0.418    -0.787
     0.372     0.198    -0.907
     0.522     0.271    -0.809
     0.643     0.399    -0.653
     0.187     0.140    -0.972
     0.380     0.259    -0.888
     0.331     0.450    -0.829
     0.469     0.320    -0.823
     0.412     0.337    -0.847
     0.463     0.403    -0.790
     0.239     0.375    -0.896
     0.470     0.244    -0.848
     0.498     0.191    -0.846
     0.263     0.231    -0.937
     0.504     0.294    -0.812
     0.406     0.406    -0.819
     0.245     0.514    -0.822
     0.574     0.302    -0.761
     0.397     0.395    -0.829
     0.295     0.211    -0.932
     0.438     0.185    -0.880
     0.391     0.313    -0.866
     0.593     0.190    -0.782
     0.306     0.343    -0.888
     0.431     0.468    -0.772
     0.391     0.248    -0.886
     0.282     0.385    -0.879
     0.443     0.265    -0.856
     0.408     0.316    -0.857
     0.465     0.391    -0.794
     0.496     0.272    -0.825
     0.442     0.318    -0.839
     0.386     0.373    -0.844
     0.356     0.225    -0.907
     0.533     0.338    -0.776
     0.426     0.311    -0.850
     0.473     0.228    -0.851
     0.484     0.376    -0.790
     0.407     0.485    -0.774
     0.308     0.345    -0.886
     0.349     0.417    -0.839
     0.402     0.383    -0.832
     0.552     0.292    -0.781
     0.288     0.556    -0.780
     0.345     0.264    -0.901
     0.339     0.372    -0.864
     0.483     0.291    -0.826
     0.459     0.337    -0.822
     0.384     0.407    -0.829
     0.430     0.462    -0.775
     0.440     0.386    -0.811
     0.412     0.538    -0.735
     0.294     0.241    -0.925
     0.421     0.330    -0.845
     0.556     0.349    -0.755
     0.357     0.382    -0.852
     0.410     0.296    -0.863
     0.294     0.445    -0.846
     0.526     0.323    -0.787
     0.281     0.348    -0.894
     0.377     0.470    -0.798
     0.313     0.539    -0.782
     0.139     0.357    -0.924
     0.395     0.343    -0.852
     0.544     0.376    -0.750
     0.350     0.508    -0.787
     0.635     0.315    -0.706
     0.411     0.450    -0.793
     0.511     0.310    -0.802
     0.280     0.215    -0.935
     0.232     0.340    -0.911
     0.185     0.384    -0.905
     0.439     0.351    -0.827
     0.513     0.453    -0.729
     0.428     0.181    -0.885
     0.386     0.250    -0.888
     0.483     0.156    -0.862
     0.263     0.514    -0.816
     0.365     0.385    -0.848
     0.331     0.542    -0.773
     0.487     0.353    -0.799
     0.422     0.253    -0.870
     0.372     0.543    -0.753
     0.435     0.165    -0.885
     0.491     0.598    -0.634
     0.379     0.426    -0.822
     0.330     0.270    -0.904
     0.491     0.453    -0.744
     0.469     0.263    -0.843
     0.403     0.344    -0.848
     0.505     0.376    -0.777
     0.431     0.294    -0.853
     0.272     0.302    -0.913
     0.279     0.589    -0.758
     0.313     0.535    -0.785
     0.333     0.293    -0.896
     0.378     0.401    -0.835
     0.346     0.381    -0.857
     0.301     0.353    -0.886
     0.743     0.222    -0.632
     0.440     0.232    -0.867
     0.379     0.351    -0.856
     0.412     0.430    -0.803
     0.454     0.461    -0.762
     0.564     0.447    -0.695
     0.478     0.208    -0.853
     0.191     0.497    -0.847
     0.474     0.430    -0.768
     0.567     0.252    -0.784
     0.453     0.411    -0.791
     0.411     0.370    -0.833
     0.377     0.232    -0.897
     0.381     0.457    -0.803
     0.270     0.592    -0.759
     0.272     0.327    -0.905
     0.390     0.332    -0.859
     0.401     0.312    -0.861
     0.648     0.132    -0.750
     0.557     0.401    -0.728
     0.497     0.518    -0.696
     0.595     0.448    -0.668
     0.232     0.451    -0.862
     0.409     0.274    -0.870
     0.341     0.299    -0.891
     0.468     0.446    -0.763
     0.526     0.388    -0.757
     0.379     0.319    -0.869
     0.527     0.389    -0.756
     0.546     0.417    -0.726
     0.455     0.315    -0.833
     0.452     0.251    -0.856
     0.476     0.409    -0.778
     0.485     0.299    -0.822
     0.268     0.242    -0.932
     0.415     0.529    -0.741
     0.387     0.496    -0.777
     0.444     0.332    -0.832
     0.521     0.306    -0.797
     0.314     0.440    -0.842
     0.310     0.396    -0.864
     0.314     0.388    -0.867
     0.490     0.371    -0.789
     0.194     0.489    -0.850
     0.452     0.550    -0.703
     0.346     0.313    -0.885
     0.372     0.567    -0.735
     0.419     0.289    -0.861
     0.454     0.386    -0.803
     0.290     0.360    -0.887
     0.435     0.233    -0.870
     0.318     0.275    -0.907
     0.451     0.534    -0.715
     0.473     0.286    -0.833
     0.288     0.581    -0.761
     0.426     0.339    -0.839
     0.535     0.299    -0.790
     0.365     0.387    -0.847
     0.254     0.271    -0.928
     0.421     0.502    -0.756
     0.266     0.397    -0.878
     0.548     0.354    -0.758
     0.300     0.450    -0.841
     0.405     0.495    -0.769
     0.343     0.319    -0.883
     0.334     0.482    -0.810
     0.372     0.318    -0.872
     0.244     0.308    -0.920
     0.303     0.264    -0.916
     0.455     0.406    -0.793
     0.501     0.199    -0.842
     0.515     0.193    -0.835
     0.269     0.414    -0.870
     0.435     0.343    -0.833
     0.380     0.554    -0.741
     0.628     0.287    -0.723
     0.496     0.430    -0.754
     0.260     0.260    -0.930
     0.484     0.307    -0.819
     0.498     0.454    -0.738
     0.405     0.271    -0.873
     0.482     0.368    -0.795
     0.352     0.346    -0.869
     0.337     0.448    -0.828
     0.503     0.560    -0.658
     0.399     0.443    -0.802
     0.262     0.250    -0.932
     0.604     0.245    -0.758
     0.199     0.350    -0.915
     0.397     0.510    -0.763
     0.485     0.452    -0.748
     0.208     0.113    -0.972
     0.398     0.375    -0.837
     0.419     0.352    -0.837
     0.411     0.390    -0.824
     0.578     0.249    -0.777
     0.286     0.240    -0.928
     0.225     0.391    -0.892
     0.326     0.104    -0.940
     0.254     0.372    -0.893
     0.250     0.405    -0.880
     0.534     0.359    -0.765
     0.605     0.330    -0.724
     0.359     0.533    -0.766
     0.494     0.326    -0.806
     0.321     0.404    -0.857
     0.571     0.192    -0.798
     0.187     0.392    -0.901
     0.396     0.365    -0.843
     0.378     0.311    -0.872
     0.293     0.331    -0.897
     0.446     0.257    -0.857
     0.319     0.109    -0.942
     0.373     0.364    -0.853
     0.394     0.426    -0.815
     0.239     0.477    -0.845
     0.515     0.270    -0.814
     0.477     0.334    -0.813
     0.244     0.347    -0.906
    -0.024     0.184    -0.983
     0.478     0.305    -0.824
     0.379     0.171    -0.909
     0.414     0.495    -0.764
     0.491     0.596    -0.635
     0.402     0.236    -0.885
     0.261     0.337    -0.905
     0.377     0.349    -0.858
     0.371     0.331    -0.868
     0.414     0.334    -0.847
     0.483     0.128    -0.866
     0.371     0.556    -0.744
     0.657     0.191    -0.729
     0.449     0.094    -0.889
     0.431     0.508    -0.745
     0.400     0.402    -0.824
     0.530     0.283    -0.799
     0.627     0.201    -0.752
     0.486     0.424    -0.764
     0.635     0.326    -0.701
     0.446     0.355    -0.822
     0.373     0.489    -0.788
     0.444     0.436    -0.782
     0.552     0.354    -0.755
     0.385     0.498    -0.777
     0.535     0.378    -0.755
     0.603     0.302    -0.739
     0.372     0.385    -0.845
     0.283     0.263    -0.922
     0.650     0.223    -0.726
     0.316     0.255    -0.914
     0.387     0.038    -0.921
     0.313     0.347    -0.884
     0.326     0.457    -0.827
     0.517     0.317    -0.795
     0.454     0.385    -0.803
     0.396     0.530    -0.750
     0.370     0.323    -0.871
     0.359     0.418    -0.834
     0.338     0.460    -0.821
     0.312     0.320    -0.894
     0.442     0.303    -0.845
     0.457     0.269    -0.848
     0.396     0.352    -0.848
     0.346     0.329    -0.879
     0.325     0.423    -0.846
     0.661     0.142    -0.737
     0.616     0.224    -0.755
     0.480     0.329    -0.813
     0.408     0.397    -0.822
     0.458     0.191    -0.868
     0.456     0.357    -0.815
     0.516     0.173    -0.839
     0.321     0.303    -0.897
     0.136     0.514    -0.847
     0.571     0.304    -0.762
     0.219     0.410    -0.885
     0.357     0.230    -0.905
     0.419     0.396    -0.817
     0.437     0.332    -0.836
     0.541     0.332    -0.773
     0.427     0.386    -0.818
     0.261     0.302    -0.917
     0.188     0.385    -0.904
     0.318     0.362    -0.876
     0.294     0.311    -0.904
     0.416     0.401    -0.816
     0.305     0.375    -0.875
     0.265     0.525    -0.809
     0.219     0.502    -0.836
     0.456     0.474    -0.753
     0.458     0.323    -0.828
     0.355     0.469    -0.809
     0.490     0.404    -0.773
     0.491     0.366    -0.790
     0.234     0.445    -0.865
     0.242     0.489    -0.838
     0.497     0.388    -0.777
     0.471     0.179    -0.864
     0.345     0.296    -0.891
     0.366     0.384    -0.848
     0.440     0.054    -0.896
     0.509     0.298    -0.807
     0.422     0.339    -0.841
     0.374     0.365    -0.852
     0.459     0.648    -0.607
     0.405     0.240    -0.882
     0.179     0.425    -0.887
     0.521     0.171    -0.836
     0.386     0.269    -0.882
     0.330     0.230    -0.916
     0.620     0.377    -0.689
     0.541     0.183    -0.821
     0.494     0.528    -0.690
     0.446     0.241    -0.862
     0.493     0.449    -0.745
     0.571     0.578    -0.583
     0.561     0.352    -0.749
     0.318     0.558    -0.767
     0.253     0.373    -0.893
     0.421     0.494    -0.760
     0.319     0.285    -0.904
     0.571     0.284    -0.770
     0.505     0.514    -0.693
     0.435     0.214    -0.875
     0.472     0.207    -0.857
     0.450     0.413    -0.792
     0.313     0.250    -0.916
     0.549     0.440    -0.710
     0.471     0.219    -0.855
     0.405     0.195    -0.893
     0.377     0.530    -0.759
     0.560     0.327    -0.761
     0.432     0.376    -0.820
     0.402     0.398    -0.824
     0.409     0.463    -0.786
     0.327     0.397    -0.858
     0.279     0.291    -0.915
     0.463     0.384    -0.799
     0.328     0.477    -0.815
     0.407     0.203    -0.891
     0.166     0.474    -0.865
     0.488     0.474    -0.733
     0.597     0.375    -0.710
     0.417     0.361    -0.834
     0.371     0.511    -0.775
     0.532     0.296    -0.793
     0.434     0.266    -0.861
     0.566     0.287    -0.773
     0.288     0.487    -0.825
     0.193     0.136    -0.972
     0.471     0.265    -0.841
     0.235     0.249    -0.940
     0.357     0.316    -0.879
     0.349     0.472    -0.809
     0.325     0.210    -0.922
     0.380     0.560    -0.737
     0.572     0.449    -0.686
     0.377     0.425    -0.823
     0.462     0.118    -0.879
     0.441     0.391    -0.807
     0.401     0.556    -0.728
     0.396     0.147    -0.906
     0.512     0.490    -0.705
     0.515     0.389    -0.764
     0.487     0.379    -0.787
     0.395     0.480    -0.783
     0.543     0.251    -0.801
     0.252     0.394    -0.884
     0.367     0.285    -0.886
     0.312     0.267    -0.912
     0.458     0.355    -0.815
     0.270     0.295    -0.917
     0.200     0.471    -0.859
     0.292     0.492    -0.820
     0.169     0.579    -0.798
     0.334     0.410    -0.849
     0.372     0.263    -0.890
     0.455     0.101    -0.885
     0.550     0.329    -0.768
     0.255     0.392    -0.884
     0.316     0.187    -0.930
     0.510     0.412    -0.755
     0.398     0.260    -0.880
     0.401     0.458    -0.793
     0.344     0.367    -0.865
     0.518     0.230    -0.824
     0.478     0.299    -0.826
     0.406     0.283    -0.869
     0.362     0.369    -0.856
     0.313     0.165    -0.935
     0.386     0.205    -0.899
     0.248     0.223    -0.943
     0.353     0.411    -0.841
     0.357     0.410    -0.840
     0.362     0.407    -0.839
     0.264     0.314    -0.912
     0.398     0.152    -0.905
     0.427     0.244    -0.871
     0.356     0.430    -0.830
     0.589     0.336    -0.735
     0.548     0.373    -0.749
     0.247     0.374    -0.894
     0.234     0.404    -0.884
     0.014     0.620    -0.784
     0.226     0.397    -0.889
     0.603     0.287    -0.744
     0.275     0.621    -0.733
     0.417     0.256    -0.872
     0.485     0.436    -0.759
     0.433     0.576    -0.693
     0.454     0.424    -0.784
     0.367     0.232    -0.901
     0.260     0.310    -0.914
     0.328     0.371    -0.869
     0.295     0.248    -0.923
     0.482     0.305    -0.821
     0.292     0.359    -0.887
     0.406     0.292    -0.866
     0.458     0.170    -0.873
     0.579     0.457    -0.675
     0.391     0.386    -0.835
     0.254     0.233    -0.939
     0.440     0.244    -0.864
     0.349     0.371    -0.861
     0.318     0.227    -0.920
     0.294     0.324    -0.899
     0.307     0.271    -0.913
     0.420     0.341    -0.841
     0.578     0.128    -0.806
     0.408     0.408    -0.817
     0.490     0.333    -0.805
     0.306     0.589    -0.748
     0.388     0.282    -0.877
     0.262     0.237    -0.936
     0.371     0.443    -0.816
     0.512     0.277    -0.813
     0.506     0.288    -0.813
     0.320     0.398    -0.860
     0.522     0.373    -0.767
     0.423     0.182    -0.888
     0.437     0.235    -0.868
     0.380     0.329    -0.864
     0.400     0.296    -0.868
     0.401     0.281    -0.872
     0.502     0.308    -0.808
     0.418     0.529    -0.739
     0.380     0.521    -0.764
     0.320     0.351    -0.880
     0.359     0.189    -0.914
     0.212     0.223    -0.951
     0.588     0.334    -0.737
     0.443     0.273    -0.854
     0.466     0.496    -0.732
     0.411     0.339    -0.846
     0.218     0.615    -0.758
     0.490     0.377    -0.786
     0.621     0.304    -0.722
     0.350     0.261    -0.899
     0.363     0.482    -0.797
     0.347     0.392    -0.852
     0.036     0.369    -0.929
     0.377     0.476    -0.795
     0.333     0.484    -0.809
     0.509     0.240    -0.827
     0.545     0.456    -0.704
     0.434     0.431    -0.791
     0.539     0.494    -0.683
     0.484     0.503    -0.716
     0.375     0.390    -0.841
     0.321     0.222    -0.921
     0.300     0.302    -0.905
     0.528     0.338    -0.779
     0.311     0.348    -0.884
     0.301     0.423    -0.855
     0.447     0.489    -0.749
     0.437     0.500    -0.748
     0.351     0.259    -0.900
     0.343     0.318    -0.884
     0.226     0.443    -0.868
     0.442     0.426    -0.790
     0.483     0.400    -0.779
     0.425     0.306    -0.852
     0.087     0.394    -0.915
     0.320     0.214    -0.923
     0.556     0.362    -0.748
     0.413     0.314    -0.855
     0.449     0.449    -0.773
     0.335     0.482    -0.810
     0.289     0.335    -0.897
     0.355     0.243    -0.903
     0.417     0.226    -0.880
     0.266     0.300    -0.916
     0.338     0.364    -0.868
     0.161     0.280    -0.946
     0.451     0.180    -0.874
     0.326     0.270    -0.906
     0.418     0.509    -0.752
     0.410     0.431    -0.804
     0.283     0.351    -0.893
     0.401     0.194    -0.895
     0.341     0.440    -0.831
     0.373     0.444    -0.815
     0.334     0.429    -0.840
     0.319     0.442    -0.838
     0.238     0.344    -0.908
     0.489     0.152    -0.859
     0.435     0.376    -0.818
     0.447     0.304    -0.841
     0.382     0.261    -0.886
     0.387     0.300    -0.872
     0.388     0.445    -0.807
     0.362     0.364    -0.858
     0.477     0.298    -0.827
     0.317     0.469    -0.824
     0.424     0.289    -0.858
     0.551     0.475    -0.686
     0.386     0.114    -0.915
     0.440     0.293    -0.849
     0.461     0.555    -0.692
     0.468     0.599    -0.650
     0.295     0.440    -0.848
     0.503     0.493    -0.710
     0.326     0.349    -0.879
     0.404     0.538    -0.740
     0.402     0.360    -0.842
     0.525     0.220    -0.822
     0.285     0.461    -0.840
     0.348     0.381    -0.857
     0.403     0.396    -0.825
     0.495     0.227    -0.838
     0.577     0.406    -0.709
     0.312     0.522    -0.794
     0.267     0.353    -0.897
     0.611     0.406    -0.680
     0.280     0.384    -0.880
     0.394     0.355    -0.848
     0.268     0.466    -0.843
     0.282     0.348    -0.894
     0.521     0.213    -0.827
     0.340     0.487    -0.804
     0.445     0.298    -0.844
     0.192     0.564    -0.803
     0.329     0.022    -0.944
     0.329     0.241    -0.913
     0.465     0.174    -0.868
     0.448     0.429    -0.784
     0.292     0.270    -0.917
     0.435     0.276    -0.857
     0.439     0.113    -0.891
     0.554     0.331    -0.764
     0.408     0.382    -0.829
     0.376     0.459    -0.805
     0.299     0.412    -0.861
     0.387     0.215    -0.897
     0.405     0.320    -0.856
