     0.439    -0.254    -0.862
     0.549    -0.515    -0.658
     0.540    -0.618    -0.572
     0.288    -0.170    -0.942
     0.466    -0.403    -0.788
     0.561    -0.421    -0.713
     0.397    -0.379    -0.836
    -0.004    -0.575    -0.818
     0.428    -0.806    -0.410
     0.434    -0.623    -0.651
     0.367    -0.611    -0.702
     0.480    -0.497    -0.722
     0.400    -0.446    -0.801
     0.558    -0.445    -0.701
     0.414    -0.641    -0.647
     0.251    -0.484    -0.838
     0.569    -0.393    -0.722
     0.700    -0.380    -0.605
     0.598    -0.480    -0.642
     0.541    -0.662    -0.518
     0.584    -0.298    -0.755
     0.420    -0.438    -0.795
     0.196    -0.626    -0.755
     0.564    -0.429    -0.705
     0.525    -0.660    -0.537
     0.477    -0.445    -0.758
     0.253    -0.457    -0.853
     0.337    -0.131    -0.932
     0.418    -0.490    -0.765
     0.575    -0.644    -0.504
     0.420    -0.652    -0.631
     0.680    -0.417    -0.604
     0.422    -0.562    -0.712
     0.440    -0.635    -0.635
     0.315    -0.251    -0.915
     0.508    -0.721    -0.471
     0.281    -0.345    -0.896
     0.631    -0.510    -0.585
     0.585    -0.503    -0.636
     0.564    -0.364    -0.741
     0.489    -0.541    -0.685
     0.690    -0.298    -0.660
     0.653    -0.393    -0.647
     0.692    -0.483    -0.537
     0.371    -0.742    -0.558
     0.425    -0.531    -0.733
     0.707    -0.401    -0.582
     0.629    -0.191    -0.753
     0.120    -0.608    -0.785
     0.551    -0.416    -0.723
     0.449    -0.435    -0.780
     0.461    -0.408    -0.788
     0.874    -0.308    -0.376
     0.296    -0.603    -0.741
     0.523    -0.384    -0.761
     0.475    -0.517    -0.712
     0.587    -0.407    -0.700
     0.497    -0.494    -0.713
     0.643    -0.416    -0.643
     0.345    -0.581    -0.737
     0.493    -0.533    -0.688
     0.624    -0.395    -0.674
     0.429    -0.545    -0.720
     0.383    -0.367    -0.848
     0.635    -0.419    -0.649
     0.672    -0.566    -0.478
     0.377    -0.324    -0.868
     0.658    -0.447    -0.607
     0.339    -0.372    -0.864
     0.556    -0.177    -0.812
     0.558    -0.167    -0.813
     0.409    -0.507    -0.759
     0.270    -0.517    -0.812
     0.253    -0.324    -0.912
     0.198    -0.641    -0.741
     0.536    -0.388    -0.749
     0.683    -0.474    -0.556
     0.659    -0.370    -0.655
     0.218    -0.397    -0.892
     0.258    -0.655    -0.711
     0.553    -0.677    -0.486
     0.441    -0.736    -0.514
     0.352    -0.633    -0.690
     0.458    -0.488    -0.743
     0.506    -0.374    -0.777
     0.128    -0.530    -0.838
     0.305    -0.357    -0.883
     0.421    -0.611    -0.670
     0.404    -0.502    -0.765
     0.447    -0.378    -0.810
     0.594    -0.531    -0.605
     0.413    -0.251    -0.875
     0.432    -0.590    -0.682
     0.343    -0.356    -0.869
     0.420    -0.642    -0.641
     0.376    -0.501    -0.779
     0.296    -0.326    -0.898
     0.313    -0.617    -0.722
     0.569    -0.553    -0.608
     0.579    -0.540    -0.611
     0.323    -0.555    -0.766
     0.241    -0.517    -0.822
     0.473    -0.410    -0.780
     0.398    -0.656    -0.641
     0.516    -0.469    -0.717
     0.434    -0.618    -0.655
     0.379    -0.440    -0.814
     0.553    -0.571    -0.606
     0.472    -0.364    -0.803
     0.649    -0.374    -0.662
     0.589    -0.412    -0.695
     0.241    -0.375    -0.895
     0.330    -0.725    -0.605
     0.408    -0.430    -0.806
     0.679    -0.586    -0.442
     0.304    -0.636    -0.709
     0.254    -0.655    -0.711
     0.499    -0.352    -0.792
     0.542    -0.415    -0.731
     0.380    -0.549    -0.744
     0.561    -0.632    -0.535
     0.485    -0.311    -0.817
     0.599    -0.320    -0.734
     0.529    -0.339    -0.778
     0.485    -0.251    -0.838
     0.413    -0.330    -0.849
     0.444    -0.698    -0.563
     0.260    -0.915    -0.307
     0.287    -0.687    -0.668
     0.589    -0.558    -0.585
     0.428    -0.228    -0.875
     0.623    -0.627    -0.468
     0.397    -0.514    -0.760
     0.391    -0.642    -0.660
     0.774    -0.468    -0.425
     0.572    -0.605    -0.554
     0.452    -0.467    -0.760
     0.619    -0.514    -0.593
     0.655    -0.230    -0.720
     0.572    -0.593    -0.567
     0.342    -0.344    -0.875
     0.374    -0.652    -0.659
     0.524    -0.618    -0.587
     0.272    -0.445    -0.853
     0.293    -0.378    -0.878
     0.612    -0.593    -0.523
     0.364    -0.825    -0.433
     0.457    -0.503    -0.734
     0.486    -0.660    -0.573
     0.499    -0.637    -0.588
     0.489    -0.484    -0.726
     0.148    -0.415    -0.898
     0.251    -0.775    -0.580
     0.692    -0.360    -0.626
     0.428    -0.496    -0.755
     0.567    -0.416    -0.711
     0.554    -0.484    -0.678
     0.507    -0.539    -0.672
     0.551    -0.457    -0.698
     0.589    -0.305    -0.748
     0.212    -0.547    -0.810
     0.615    -0.419    -0.668
     0.406    -0.676    -0.615
     0.286    -0.331    -0.899
     0.225    -0.645    -0.730
     0.610    -0.354    -0.709
     0.460    -0.575    -0.676
     0.277    -0.315    -0.908
     0.595    -0.622    -0.510
     0.687    -0.312    -0.657
     0.485    -0.291    -0.825
     0.655    -0.414    -0.632
     0.617    -0.569    -0.544
     0.571    -0.485    -0.662
     0.600    -0.443    -0.666
     0.398    -0.384    -0.833
     0.695    -0.242    -0.677
     0.374    -0.715    -0.590
     0.520    -0.547    -0.656
     0.533    -0.352    -0.770
     0.633    -0.266    -0.726
     0.598    -0.285    -0.749
     0.507    -0.568    -0.648
     0.665    -0.223    -0.713
     0.684    -0.635    -0.360
     0.605    -0.575    -0.551
     0.402    -0.386    -0.830
     0.455    -0.415    -0.788
     0.401    -0.676    -0.618
     0.636    -0.318    -0.704
     0.471    -0.487    -0.736
     0.570    -0.227    -0.789
     0.503    -0.710    -0.492
     0.514    -0.403    -0.757
     0.679    -0.621    -0.391
     0.699    -0.478    -0.531
     0.407    -0.624    -0.668
     0.513    -0.630    -0.583
     0.232    -0.656    -0.718
     0.590    -0.441    -0.676
     0.703    -0.314    -0.639
     0.376    -0.533    -0.758
     0.483    -0.703    -0.521
     0.419    -0.548    -0.724
     0.721    -0.356    -0.594
     0.744    -0.093    -0.662
     0.688    -0.324    -0.650
     0.537    -0.656    -0.530
     0.549    -0.422    -0.722
     0.374    -0.457    -0.807
     0.402    -0.425    -0.811
     0.688    -0.480    -0.544
     0.367    -0.465    -0.806
     0.449    -0.492    -0.746
     0.379    -0.601    -0.704
     0.285    -0.362    -0.888
     0.270    -0.156    -0.950
     0.583    -0.459    -0.670
     0.375    -0.632    -0.678
     0.139    -0.530    -0.836
     0.553    -0.061    -0.831
     0.781    -0.361    -0.509
     0.592    -0.607    -0.531
     0.554    -0.451    -0.700
     0.490    -0.613    -0.620
     0.700    -0.520    -0.489
     0.506    -0.635    -0.583
     0.571    -0.426    -0.702
     0.311    -0.613    -0.726
     0.659    -0.227    -0.717
     0.624    -0.538    -0.567
     0.528    -0.710    -0.467
     0.384    -0.363    -0.849
     0.483    -0.431    -0.762
     0.420    -0.418    -0.805
     0.446    -0.535    -0.718
     0.388    -0.223    -0.894
     0.486    -0.754    -0.442
     0.397    -0.381    -0.835
     0.564    -0.442    -0.697
     0.473    -0.349    -0.809
     0.551    -0.370    -0.748
     0.543    -0.597    -0.591
     0.560    -0.295    -0.774
     0.395    -0.719    -0.571
     0.260    -0.570    -0.779
     0.481    -0.768    -0.422
     0.520    -0.666    -0.534
     0.628    -0.392    -0.673
     0.626    -0.436    -0.646
     0.454    -0.714    -0.534
     0.710    -0.572    -0.410
     0.583    -0.371    -0.723
     0.719    -0.095    -0.689
     0.216    -0.485    -0.847
     0.295    -0.553    -0.779
     0.506    -0.476    -0.719
     0.311    -0.847    -0.430
     0.567    -0.554    -0.609
     0.452    -0.419    -0.787
     0.643    -0.171    -0.746
     0.540    -0.427    -0.725
