     0.433    -0.441    -0.786
     0.840    -0.306    -0.447
     0.582    -0.314    -0.750
     0.587    -0.302    -0.751
     0.749    -0.210    -0.628
     0.817    -0.349    -0.459
     0.495    -0.386    -0.778
     0.869    -0.180    -0.460
     0.525    -0.324    -0.787
     0.749    -0.203    -0.631
     0.705    -0.345    -0.619
     0.297    -0.677    -0.673
     0.431    -0.540    -0.723
     0.724    -0.420    -0.547
     0.604    -0.173    -0.778
     0.647    -0.427    -0.632
    -0.012    -0.653    -0.757
     0.523    -0.298    -0.799
     0.231    -0.226    -0.946
     0.384    -0.569    -0.727
     0.648    -0.533    -0.545
     0.715     0.045    -0.698
     0.757    -0.093    -0.647
     0.698    -0.195    -0.689
     0.503     0.078    -0.861
     0.407    -0.428    -0.807
     0.368    -0.429    -0.825
     0.498    -0.093    -0.862
     0.348    -0.274    -0.897
     0.714    -0.214    -0.667
     0.758     0.023    -0.651
     0.574    -0.215    -0.790
     0.096    -0.415    -0.905
     0.819    -0.089    -0.567
     0.589    -0.410    -0.696
     0.576     0.180    -0.798
     0.772     0.032    -0.634
     0.717    -0.412    -0.562
     0.480    -0.124    -0.868
     0.454    -0.403    -0.795
     0.702    -0.514    -0.493
     0.362    -0.401    -0.841
     0.566    -0.005    -0.824
     0.513    -0.312    -0.800
     0.602    -0.646    -0.470
     0.765    -0.071    -0.641
     0.577    -0.208    -0.790
     0.348    -0.227    -0.910
     0.338    -0.729    -0.595
     0.251    -0.301    -0.920
     0.805    -0.260    -0.534
     0.852    -0.315    -0.419
     0.623    -0.435    -0.650
     0.602    -0.266    -0.753
     0.411    -0.461    -0.786
     0.118    -0.351    -0.929
     0.370    -0.589    -0.718
     0.495    -0.463    -0.735
     0.505    -0.395    -0.767
     0.435    -0.178    -0.883
     0.264    -0.275    -0.924
     0.656    -0.011    -0.755
     0.144    -0.438    -0.887
     0.663     0.061    -0.746
     0.652    -0.450    -0.610
     0.156    -0.440    -0.885
     0.587    -0.266    -0.765
     0.479    -0.613    -0.629
     0.621    -0.202    -0.758
     0.575    -0.327    -0.750
     0.359     0.174    -0.917
     0.773    -0.211    -0.598
     0.564    -0.190    -0.804
     0.219    -0.670    -0.709
     0.508    -0.395    -0.765
     0.626    -0.191    -0.757
     0.566    -0.123    -0.815
     0.334    -0.458    -0.824
     0.285    -0.764    -0.579
     0.536    -0.727    -0.428
     0.638     0.043    -0.769
     0.636    -0.061    -0.770
     0.343    -0.475    -0.810
     0.627    -0.255    -0.736
     0.074    -0.408    -0.910
     0.535    -0.190    -0.823
     0.561    -0.294    -0.773
     0.332    -0.433    -0.838
     0.591    -0.547    -0.593
     0.708    -0.184    -0.682
     0.789    -0.274    -0.550
     0.407    -0.188    -0.894
     0.477    -0.121    -0.870
     0.552    -0.426    -0.717
     0.426    -0.331    -0.842
     0.381    -0.028    -0.924
     0.252    -0.653    -0.714
     0.567    -0.595    -0.570
     0.600    -0.084    -0.795
     0.548    -0.376    -0.747
     0.175    -0.632    -0.755
     0.494    -0.191    -0.848
     0.843     0.128    -0.522
     0.617    -0.321    -0.718
     0.600    -0.369    -0.710
     0.625    -0.177    -0.760
     0.603    -0.295    -0.741
     0.676    -0.527    -0.515
     0.514    -0.059    -0.856
     0.772    -0.005    -0.636
     0.873    -0.364    -0.324
     0.565    -0.003    -0.825
     0.457    -0.650    -0.607
     0.441    -0.416    -0.795
     0.490    -0.411    -0.769
     0.319    -0.246    -0.915
     0.652    -0.087    -0.753
     0.664    -0.654    -0.362
     0.358    -0.236    -0.903
     0.896    -0.348    -0.275
     0.351    -0.471    -0.809
     0.674    -0.359    -0.645
     0.239    -0.140    -0.961
     0.362    -0.784    -0.504
     0.687     0.111    -0.718
     0.558    -0.272    -0.784
     0.692    -0.223    -0.686
     0.262    -0.307    -0.915
     0.467     0.270    -0.842
     0.395    -0.336    -0.855
     0.570    -0.217    -0.793
     0.639    -0.321    -0.699
     0.293    -0.310    -0.904
     0.027    -0.078    -0.997
     0.501    -0.251    -0.828
     0.760    -0.294    -0.580
     0.556    -0.196    -0.808
     0.506    -0.247    -0.826
     0.168    -0.246    -0.954
     0.658    -0.185    -0.730
     0.350    -0.657    -0.667
     0.306    -0.375    -0.875
     0.104    -0.542    -0.834
     0.517    -0.190    -0.835
     0.567    -0.334    -0.753
    -0.063    -0.391    -0.918
     0.398    -0.350    -0.848
     0.565     0.011    -0.825
     0.660    -0.255    -0.707
     0.325    -0.665    -0.672
     0.592    -0.547    -0.592
     0.750     0.049    -0.660
     0.482    -0.191    -0.855
     0.253    -0.305    -0.918
     0.238     0.187    -0.953
     0.627     0.066    -0.776
     0.503    -0.450    -0.738
     0.096    -0.417    -0.904
     0.329    -0.332    -0.884
     0.566    -0.328    -0.756
     0.355    -0.180    -0.917
     0.609    -0.026    -0.793
     0.493    -0.395    -0.776
     0.401    -0.581    -0.708
     0.731    -0.536    -0.422
     0.670    -0.470    -0.574
     0.557    -0.662    -0.501
     0.429    -0.328    -0.842
     0.548    -0.130    -0.826
     0.500    -0.433    -0.750
     0.359    -0.025    -0.933
     0.503    -0.262    -0.824
     0.450    -0.227    -0.864
     0.614    -0.254    -0.748
     0.484    -0.321    -0.814
     0.656    -0.288    -0.698
     0.599    -0.241    -0.764
     0.368    -0.432    -0.824
     0.057    -0.091    -0.994
     0.555    -0.079    -0.828
     0.381    -0.179    -0.907
     0.523    -0.483    -0.702
     0.658    -0.420    -0.625
     0.717    -0.181    -0.674
     0.701    -0.296    -0.649
     0.046    -0.309    -0.950
     0.343    -0.222    -0.913
     0.586    -0.260    -0.768
    -0.099    -0.434    -0.896
     0.352    -0.281    -0.893
     0.669    -0.298    -0.681
     0.400    -0.590    -0.701
     0.392    -0.275    -0.878
     0.447    -0.527    -0.723
     0.538    -0.250    -0.805
     0.630    -0.337    -0.699
     0.616    -0.634    -0.469
     0.228    -0.619    -0.752
     0.331    -0.692    -0.641
     0.173    -0.576    -0.799
     0.565     0.126    -0.815
     0.554    -0.469    -0.688
     0.406    -0.680    -0.611
     0.563    -0.215    -0.798
     0.708    -0.366    -0.604
     0.860    -0.127    -0.495
     0.623    -0.342    -0.703
     0.637    -0.641    -0.429
     0.517    -0.565    -0.643
     0.802    -0.216    -0.557
     0.581    -0.158    -0.798
     0.448    -0.326    -0.833
     0.445    -0.245    -0.861
     0.383    -0.329    -0.863
     0.413    -0.422    -0.807
     0.396    -0.373    -0.839
     0.567    -0.317    -0.761
     0.549    -0.060    -0.834
     0.852    -0.222    -0.474
     0.389    -0.594    -0.704
     0.632    -0.332    -0.701
     0.195    -0.631    -0.751
     0.570    -0.244    -0.784
     0.784    -0.225    -0.579
     0.527    -0.428    -0.734
     0.556    -0.449    -0.699
     0.544    -0.421    -0.726
     0.517    -0.534    -0.669
     0.635    -0.128    -0.762
     0.731    -0.245    -0.637
     0.829     0.082    -0.553
     0.350    -0.054    -0.935
     0.449    -0.442    -0.777
     0.191    -0.323    -0.927
     0.692    -0.553    -0.464
     0.455    -0.159    -0.876
     0.142    -0.764    -0.629
     0.452    -0.285    -0.845
