     0.131     0.904     0.408
     0.216     0.904     0.368
     0.177     0.853     0.491
     0.228     0.899     0.373
     0.150     0.944     0.294
     0.010     0.914     0.405
     0.163     0.854     0.494
     0.151     0.866     0.476
     0.015     0.927     0.375
     0.084     0.917     0.390
     0.344     0.816     0.465
     0.016     0.882     0.471
     0.122     0.829     0.546
     0.017     0.901     0.434
     0.074     0.904     0.420
     0.293     0.777     0.557
     0.326     0.840     0.434
     0.071     0.926     0.370
     0.049     0.937     0.346
     0.464     0.651     0.600
     0.002     0.798     0.603
     0.143     0.906     0.399
     0.171     0.881     0.440
     0.035     0.870     0.491
     0.138     0.881     0.452
     0.032     0.923     0.383
     0.160     0.888     0.431
     0.204     0.805     0.557
     0.219     0.919     0.329
     0.091     0.905     0.416
     0.188     0.953     0.237
     0.083     0.868     0.490
     0.072     0.867     0.492
     0.069     0.933     0.354
     0.108     0.816     0.567
     0.181     0.840     0.512
     0.186     0.854     0.486
     0.241     0.885     0.398
     0.035     0.921     0.388
     0.080     0.776     0.626
     0.215     0.802     0.557
     0.067     0.853     0.518
     0.101     0.932     0.347
     0.163     0.889     0.428
     0.155     0.879     0.451
     0.006     0.965     0.263
     0.209     0.892     0.400
     0.128     0.811     0.571
     0.247     0.924     0.294
     0.239     0.835     0.495
     0.030     0.841     0.540
    -0.034     0.891     0.453
     0.409     0.886     0.218
     0.084     0.758     0.647
    -0.140     0.891     0.432
     0.129     0.865     0.485
     0.166     0.847     0.505
     0.089     0.867     0.491
     0.249     0.866     0.434
     0.259     0.791     0.554
     0.045     0.857     0.513
     0.063     0.878     0.475
    -0.023     0.925     0.379
     0.112     0.851     0.512
    -0.012     0.798     0.602
     0.118     0.755     0.645
     0.084     0.862     0.500
     0.227     0.868     0.441
     0.301     0.887     0.349
    -0.038     0.885     0.464
    -0.060     0.935     0.349
     0.186     0.908     0.376
     0.153     0.837     0.526
     0.014     0.834     0.551
     0.209     0.787     0.580
     0.150     0.880     0.450
     0.188     0.870     0.457
    -0.016     0.943     0.331
     0.164     0.896     0.414
     0.136     0.927     0.350
     0.289     0.819     0.495
     0.075     0.929     0.362
    -0.110     0.876     0.470
     0.093     0.879     0.468
     0.000     0.955     0.298
     0.035     0.903     0.429
    -0.022     0.881     0.473
     0.103     0.960     0.262
     0.120     0.850     0.513
     0.064     0.936     0.346
    -0.026     0.755     0.655
     0.157     0.891     0.425
     0.018     0.955     0.297
     0.069     0.966     0.250
     0.371     0.768     0.522
    -0.009     0.789     0.614
     0.230     0.802     0.551
     0.098     0.825     0.557
     0.108     0.865     0.489
     0.150     0.914     0.377
     0.028     0.867     0.498
     0.322     0.868     0.379
     0.063     0.851     0.521
     0.108     0.861     0.497
     0.080     0.885     0.459
     0.248     0.892     0.377
     0.120     0.837     0.534
     0.209     0.883     0.421
     0.208     0.909     0.361
     0.183     0.857     0.481
     0.165     0.921     0.353
     0.170     0.966     0.192
     0.173     0.821     0.544
     0.113     0.813     0.571
     0.111     0.891     0.441
     0.097     0.822     0.562
     0.260     0.836     0.484
     0.034     0.944     0.329
    -0.013     0.960     0.280
     0.220     0.908     0.356
     0.125     0.940     0.317
     0.114     0.915     0.388
     0.198     0.812     0.549
     0.125     0.901     0.414
     0.269     0.870     0.412
     0.096     0.916     0.389
     0.221     0.868     0.444
    -0.031     0.808     0.588
     0.180     0.789     0.587
     0.084     0.886     0.455
     0.070     0.870     0.487
     0.056     0.888     0.457
     0.201     0.963     0.180
     0.060     0.938     0.341
     0.288     0.919     0.268
     0.099     0.698     0.710
     0.185     0.876     0.445
     0.094     0.833     0.546
     0.109     0.804     0.585
     0.246     0.892     0.378
    -0.029     0.898     0.440
     0.138     0.893     0.429
     0.025     0.986     0.162
     0.017     0.861     0.508
     0.040     0.880     0.473
     0.054     0.856     0.513
     0.042     0.876     0.480
     0.225     0.832     0.507
     0.154     0.945     0.290
     0.085     0.860     0.503
     0.194     0.873     0.446
     0.196     0.884     0.423
     0.091     0.832     0.548
     0.245     0.917     0.313
     0.191     0.878     0.439
     0.076     0.902     0.424
     0.406     0.793     0.454
     0.095     0.952     0.292
     0.209     0.854     0.477
     0.064     0.822     0.567
     0.152     0.890     0.430
     0.182     0.841     0.509
     0.033     0.818     0.574
     0.187     0.777     0.601
     0.160     0.935     0.316
     0.106     0.878     0.466
     0.223     0.874     0.431
    -0.054     0.853     0.519
     0.056     0.801     0.597
     0.006     0.940     0.341
     0.157     0.947     0.279
    -0.016     0.881     0.472
     0.181     0.836     0.518
     0.177     0.791     0.585
     0.313     0.821     0.478
     0.118     0.885     0.450
     0.239     0.860     0.451
     0.166     0.904     0.393
     0.071     0.960     0.270
     0.179     0.812     0.555
     0.031     0.760     0.650
     0.199     0.882     0.427
     0.135     0.950     0.280
     0.086     0.772     0.629
     0.041     0.844     0.535
     0.241     0.839     0.487
     0.206     0.925     0.319
     0.129     0.892     0.433
     0.025     0.876     0.482
     0.243     0.870     0.428
     0.340     0.701     0.626
     0.411     0.759     0.505
     0.271     0.891     0.364
     0.153     0.829     0.537
     0.108     0.894     0.435
     0.182     0.958     0.222
     0.187     0.914     0.360
     0.204     0.888     0.413
     0.155     0.890     0.428
     0.056     0.816     0.575
     0.216     0.925     0.313
     0.357     0.793     0.493
     0.126     0.904     0.408
     0.105     0.858     0.503
     0.114     0.804     0.583
     0.006     0.817     0.577
    -0.080     0.910     0.407
     0.093     0.755     0.650
     0.385     0.819     0.425
     0.162     0.983     0.090
     0.129     0.897     0.422
     0.152     0.871     0.468
     0.416     0.837     0.356
     0.157     0.935     0.318
     0.226     0.861     0.456
     0.076     0.937     0.340
     0.154     0.830     0.536
     0.168     0.843     0.512
     0.216     0.826     0.521
     0.153     0.891     0.428
    -0.048     0.941     0.336
    -0.002     0.912     0.409
     0.087     0.814     0.574
     0.120     0.837     0.534
     0.315     0.801     0.510
     0.045     0.925     0.376
     0.118     0.847     0.519
     0.233     0.875     0.425
     0.030     0.944     0.329
     0.145     0.911     0.386
     0.089     0.893     0.441
     0.180     0.746     0.641
     0.197     0.900     0.389
    -0.061     0.830     0.554
     0.103     0.932     0.349
     0.256     0.796     0.548
     0.296     0.796     0.528
     0.188     0.849     0.493
     0.156     0.751     0.641
    -0.076     0.843     0.533
     0.203     0.771     0.603
     0.171     0.929     0.329
    -0.123     0.944     0.307
     0.070     0.885     0.461
     0.217     0.787     0.578
     0.007     0.932     0.362
     0.096     0.860     0.501
     0.165     0.832     0.530
     0.309     0.862     0.402
     0.195     0.881     0.431
     0.092     0.896     0.435
     0.074     0.935     0.348
     0.088     0.881     0.465
     0.163     0.914     0.373
     0.212     0.880     0.426
     0.134     0.945     0.297
     0.295     0.854     0.428
    -0.118     0.715     0.689
     0.181     0.877     0.445
     0.048     0.893     0.448
     0.201     0.927     0.315
     0.023     0.923     0.383
     0.059     0.941     0.332
     0.208     0.839     0.503
     0.173     0.855     0.488
     0.280     0.854     0.439
     0.188     0.899     0.396
     0.195     0.856     0.479
     0.228     0.771     0.594
     0.144     0.922     0.359
     0.201     0.925     0.322
     0.417     0.820     0.391
     0.132     0.918     0.374
     0.312     0.788     0.531
     0.206     0.885     0.419
     0.105     0.894     0.437
     0.077     0.874     0.480
     0.038     0.935     0.353
     0.093     0.939     0.332
     0.072     0.873     0.482
     0.051     0.897     0.439
     0.086     0.753     0.653
     0.230     0.938     0.261
    -0.044     0.835     0.548
     0.266     0.866     0.424
     0.223     0.921     0.321
     0.087     0.856     0.510
     0.115     0.841     0.529
     0.250     0.900     0.356
    -0.076     0.895     0.439
     0.129     0.918     0.374
     0.143     0.807     0.573
     0.296     0.863     0.409
     0.246     0.868     0.430
     0.111     0.861     0.496
     0.180     0.747     0.640
     0.053     0.908     0.416
     0.453     0.809     0.376
    -0.025     0.944     0.330
     0.322     0.774     0.545
     0.138     0.863     0.486
     0.241     0.835     0.495
     0.090     0.880     0.466
    -0.069     0.864     0.499
    -0.059     0.890     0.453
     0.227     0.903     0.366
     0.175     0.939     0.296
     0.263     0.815     0.517
     0.131     0.914     0.384
     0.245     0.814     0.526
     0.179     0.806     0.564
     0.045     0.955     0.293
     0.069     0.903     0.424
     0.189     0.890     0.416
     0.160     0.939     0.305
     0.026     0.880     0.474
     0.057     0.929     0.365
     0.120     0.876     0.468
     0.074     0.937     0.342
     0.197     0.827     0.526
     0.005     0.919     0.393
     0.245     0.821     0.516
     0.286     0.909     0.303
     0.209     0.929     0.306
     0.187     0.873     0.450
     0.066     0.848     0.525
     0.309     0.849     0.429
     0.110     0.935     0.337
     0.120     0.875     0.469
     0.106     0.879     0.465
     0.100     0.805     0.585
     0.248     0.880     0.406
     0.175     0.821     0.544
     0.138     0.956     0.259
     0.242     0.876     0.417
     0.152     0.923     0.353
     0.142     0.884     0.446
     0.063     0.912     0.406
     0.151     0.887     0.437
     0.267     0.927     0.265
     0.226     0.852     0.473
     0.111     0.947     0.301
     0.276     0.862     0.425
     0.033     0.775     0.632
     0.122     0.961     0.249
     0.130     0.841     0.526
     0.030     0.861     0.508
     0.069     0.946     0.317
     0.133     0.857     0.498
     0.184     0.745     0.641
     0.309     0.821     0.481
     0.026     0.884     0.467
     0.081     0.899     0.431
     0.279     0.868     0.410
     0.202     0.763     0.614
     0.203     0.900     0.387
     0.134     0.948     0.287
     0.183     0.871     0.455
     0.133     0.912     0.389
     0.235     0.933     0.274
     0.289     0.925     0.247
     0.188     0.802     0.567
     0.319     0.821     0.473
     0.073     0.917     0.391
     0.339     0.829     0.445
     0.122     0.836     0.535
     0.015     0.904     0.427
     0.063     0.884     0.463
     0.015     0.915     0.402
     0.255     0.737     0.626
     0.226     0.873     0.431
     0.143     0.932     0.332
     0.111     0.854     0.508
     0.196     0.840     0.506
     0.218     0.914     0.344
     0.165     0.817     0.552
     0.162     0.905     0.393
     0.049     0.966     0.255
     0.237     0.859     0.453
     0.276     0.909     0.313
     0.232     0.905     0.358
     0.196     0.930     0.313
     0.013     0.958     0.285
     0.172     0.776     0.606
    -0.016     0.866     0.501
     0.085     0.963     0.254
     0.278     0.752     0.598
     0.283     0.927     0.244
     0.394     0.856     0.334
     0.146     0.817     0.558
     0.107     0.916     0.386
     0.233     0.723     0.651
    -0.054     0.952     0.302
     0.247     0.860     0.447
     0.187     0.887     0.423
     0.076     0.850     0.521
     0.149     0.914     0.378
     0.265     0.899     0.349
     0.240     0.751     0.616
     0.064     0.825     0.561
     0.153     0.854     0.498
     0.160     0.931     0.329
     0.181     0.758     0.627
     0.104     0.894     0.436
     0.079     0.813     0.578
     0.099     0.918     0.383
     0.267     0.854     0.447
     0.191     0.829     0.525
     0.100     0.878     0.469
     0.298     0.866     0.402
     0.173     0.950     0.261
     0.241     0.928     0.284
     0.148     0.874     0.463
     0.104     0.910     0.401
    -0.065     0.918     0.391
     0.141     0.930     0.339
     0.152     0.914     0.376
     0.359     0.910     0.207
     0.210     0.912     0.354
     0.299     0.917     0.262
     0.297     0.858     0.420
     0.152     0.882     0.446
     0.243     0.827     0.506
     0.087     0.825     0.558
     0.169     0.881     0.442
     0.006     0.938     0.347
     0.112     0.854     0.508
     0.375     0.854     0.360
     0.165     0.885     0.436
     0.123     0.900     0.419
     0.044     0.766     0.641
     0.345     0.874     0.343
     0.052     0.931     0.362
     0.161     0.914     0.372
     0.396     0.844     0.363
     0.115     0.862     0.494
     0.228     0.898     0.375
     0.043     0.941     0.335
     0.263     0.868     0.422
     0.150     0.819     0.555
     0.249     0.871     0.423
     0.098     0.842     0.530
     0.328     0.830     0.451
    -0.026     0.918     0.395
     0.062     0.915     0.398
     0.303     0.821     0.484
     0.084     0.840     0.535
     0.120     0.931     0.345
     0.026     0.889     0.457
     0.286     0.711     0.643
     0.288     0.927     0.241
     0.372     0.704     0.605
     0.077     0.874     0.480
     0.074     0.869     0.489
    -0.070     0.850     0.523
     0.205     0.865     0.459
     0.157     0.750     0.642
    -0.040     0.840     0.541
     0.031     0.818     0.575
     0.229     0.902     0.366
     0.248     0.886     0.393
     0.057     0.916     0.397
     0.017     0.940     0.342
     0.328     0.862     0.385
    -0.000     0.899     0.437
     0.100     0.812     0.576
     0.023     0.796     0.605
     0.234     0.940     0.246
     0.213     0.892     0.400
     0.291     0.888     0.356
    -0.000     0.944     0.329
     0.034     0.878     0.478
     0.243     0.856     0.456
     0.197     0.909     0.366
    -0.038     0.935     0.353
     0.210     0.857     0.470
    -0.042     0.740     0.671
     0.087     0.884     0.459
     0.104     0.930     0.353
     0.229     0.946     0.228
     0.111     0.796     0.595
     0.097     0.814     0.573
     0.149     0.855     0.498
     0.244     0.808     0.536
     0.277     0.821     0.499
     0.193     0.809     0.555
     0.126     0.910     0.396
     0.138     0.853     0.504
     0.140     0.845     0.517
     0.206     0.922     0.327
     0.050     0.896     0.442
     0.236     0.842     0.486
     0.141     0.829     0.541
     0.117     0.888     0.444
     0.128     0.928     0.349
     0.296     0.905     0.305
     0.190     0.813     0.550
     0.051     0.821     0.569
     0.375     0.811     0.450
     0.090     0.731     0.676
     0.156     0.804     0.573
    -0.119     0.886     0.448
     0.206     0.909     0.361
     0.086     0.858     0.507
     0.028     0.924     0.382
     0.066     0.944     0.324
     0.183     0.930     0.318
     0.129     0.914     0.385
     0.276     0.845     0.457
     0.102     0.952     0.290
     0.097     0.856     0.509
     0.105     0.881     0.462
     0.121     0.882     0.455
     0.115     0.920     0.376
     0.460     0.775     0.433
     0.094     0.831     0.549
     0.238     0.786     0.571
     0.222     0.890     0.399
     0.095     0.827     0.554
     0.221     0.931     0.291
     0.183     0.823     0.538
     0.143     0.973     0.183
     0.260     0.876     0.407
     0.139     0.969     0.206
     0.031     0.873     0.486
    -0.092     0.836     0.542
     0.157     0.916     0.370
     0.239     0.839     0.489
    -0.022     0.858     0.513
     0.063     0.885     0.461
    -0.103     0.857     0.505
     0.066     0.867     0.493
     0.116     0.864     0.490
     0.040     0.799     0.600
     0.118     0.857     0.502
     0.101     0.807     0.583
    -0.089     0.732     0.675
     0.171     0.809     0.563
     0.170     0.773     0.612
     0.262     0.858     0.441
     0.186     0.850     0.494
     0.199     0.740     0.643
     0.246     0.844     0.477
     0.286     0.900     0.330
     0.191     0.967     0.169
     0.043     0.959     0.280
     0.288     0.891     0.352
     0.021     0.918     0.396
     0.257     0.788     0.559
     0.078     0.923     0.378
     0.207     0.955     0.211
     0.109     0.928     0.357
     0.098     0.942     0.320
     0.191     0.823     0.535
     0.055     0.915     0.399
     0.072     0.813     0.578
     0.109     0.851     0.513
     0.135     0.875     0.465
    -0.066     0.911     0.407
     0.003     0.933     0.360
     0.028     0.807     0.590
