     0.799     0.507    -0.323
     0.848     0.417    -0.326
     0.896     0.379    -0.230
     0.851     0.488    -0.193
     0.760     0.573    -0.306
     0.775     0.586    -0.236
     0.762     0.564    -0.319
     0.864     0.441    -0.245
     0.795     0.474    -0.379
     0.842     0.440    -0.311
     0.803     0.553    -0.222
     0.899     0.332    -0.284
     0.709     0.634    -0.308
     0.834     0.487    -0.259
     0.793     0.575    -0.202
     0.792     0.541    -0.281
     0.810     0.548    -0.206
     0.906     0.365    -0.213
     0.871     0.476    -0.126
     0.891     0.370    -0.261
     0.846     0.461    -0.266
     0.795     0.596    -0.113
     0.838     0.476    -0.267
     0.854     0.510    -0.104
     0.839     0.423    -0.343
     0.723     0.579    -0.376
     0.783     0.593    -0.189
     0.809     0.524    -0.267
     0.854     0.424    -0.300
     0.808     0.495    -0.318
     0.857     0.349    -0.378
     0.881     0.423    -0.211
     0.801     0.572    -0.177
     0.780     0.591    -0.204
     0.819     0.501    -0.279
     0.899     0.323    -0.295
     0.704     0.591    -0.393
     0.744     0.491    -0.453
     0.777     0.554    -0.300
     0.784     0.572    -0.240
     0.867     0.325    -0.377
     0.774     0.581    -0.252
     0.788     0.590    -0.176
     0.832     0.442    -0.336
     0.897     0.352    -0.267
     0.788     0.545    -0.285
     0.754     0.549    -0.361
     0.824     0.470    -0.315
     0.756     0.577    -0.310
     0.855     0.498    -0.147
     0.780     0.556    -0.287
     0.810     0.413    -0.417
     0.817     0.543    -0.195
     0.795     0.522    -0.310
     0.825     0.517    -0.230
     0.851     0.414    -0.323
     0.742     0.524    -0.418
     0.854     0.506    -0.123
     0.833     0.414    -0.367
     0.876     0.433    -0.211
     0.755     0.563    -0.337
     0.792     0.518    -0.324
     0.841     0.390    -0.376
     0.817     0.479    -0.320
     0.684     0.606    -0.407
     0.844     0.398    -0.359
     0.874     0.418    -0.248
     0.824     0.449    -0.345
     0.904     0.353    -0.240
     0.866     0.318    -0.385
     0.893     0.409    -0.189
     0.827     0.519    -0.217
     0.851     0.434    -0.295
     0.809     0.503    -0.305
     0.785     0.568    -0.249
     0.775     0.541    -0.326
     0.865     0.417    -0.279
     0.841     0.389    -0.376
     0.762     0.579    -0.291
     0.851     0.455    -0.262
     0.741     0.555    -0.378
     0.836     0.413    -0.361
     0.779     0.549    -0.304
     0.812     0.458    -0.361
     0.826     0.471    -0.309
     0.773     0.529    -0.349
     0.779     0.584    -0.227
     0.760     0.538    -0.364
     0.895     0.420    -0.148
     0.886     0.388    -0.255
     0.798     0.506    -0.326
     0.821     0.510    -0.258
     0.775     0.543    -0.322
     0.772     0.596    -0.221
     0.759     0.516    -0.398
     0.833     0.285    -0.475
     0.842     0.521    -0.143
     0.795     0.482    -0.369
     0.816     0.527    -0.238
     0.835     0.472    -0.285
     0.890     0.401    -0.217
     0.846     0.460    -0.269
     0.757     0.646    -0.098
     0.776     0.526    -0.347
     0.809     0.501    -0.309
     0.807     0.473    -0.353
     0.903     0.361    -0.234
     0.807     0.436    -0.399
     0.834     0.460    -0.305
     0.762     0.607    -0.226
     0.787     0.546    -0.287
     0.755     0.481    -0.446
     0.807     0.471    -0.356
     0.878     0.479    -0.003
     0.814     0.424    -0.398
     0.890     0.412    -0.194
     0.785     0.481    -0.391
     0.872     0.455    -0.181
     0.754     0.516    -0.407
     0.800     0.548    -0.245
     0.850     0.512    -0.122
     0.738     0.608    -0.295
     0.882     0.354    -0.311
     0.724     0.536    -0.435
     0.823     0.530    -0.206
     0.775     0.587    -0.233
     0.848     0.462    -0.260
     0.857     0.481    -0.185
     0.789     0.565    -0.240
     0.765     0.425    -0.484
     0.738     0.617    -0.273
     0.835     0.425    -0.348
     0.825     0.398    -0.401
     0.875     0.416    -0.249
     0.796     0.513    -0.322
     0.702     0.529    -0.476
     0.801     0.551    -0.234
     0.852     0.383    -0.357
     0.846     0.515    -0.136
     0.835     0.469    -0.287
     0.805     0.517    -0.292
     0.915     0.301    -0.269
     0.810     0.514    -0.281
     0.857     0.487    -0.167
     0.795     0.547    -0.263
     0.765     0.510    -0.393
     0.765     0.532    -0.364
     0.813     0.475    -0.336
     0.808     0.508    -0.297
     0.805     0.454    -0.381
     0.873     0.425    -0.240
     0.642     0.543    -0.541
     0.719     0.664    -0.203
     0.788     0.532    -0.309
     0.834     0.452    -0.317
     0.828     0.466    -0.313
     0.783     0.417    -0.462
     0.760     0.525    -0.383
     0.855     0.387    -0.346
     0.761     0.543    -0.357
     0.708     0.577    -0.408
     0.867     0.353    -0.352
     0.730     0.537    -0.423
     0.770     0.557    -0.311
     0.761     0.597    -0.255
     0.847     0.360    -0.392
     0.799     0.514    -0.312
     0.799     0.498    -0.335
     0.847     0.407    -0.341
     0.751     0.617    -0.235
     0.758     0.552    -0.346
     0.897     0.339    -0.286
     0.906     0.374    -0.198
     0.819     0.517    -0.249
     0.814     0.545    -0.202
     0.860     0.447    -0.245
     0.852     0.415    -0.319
     0.853     0.399    -0.337
     0.784     0.530    -0.324
     0.679     0.686    -0.261
     0.745     0.578    -0.333
     0.816     0.563    -0.131
     0.757     0.505    -0.415
     0.833     0.415    -0.366
     0.838     0.458    -0.295
     0.831     0.538    -0.144
     0.794     0.536    -0.286
     0.764     0.466    -0.446
     0.803     0.500    -0.323
     0.811     0.549    -0.203
     0.761     0.515    -0.395
     0.712     0.515    -0.477
     0.828     0.501    -0.252
     0.839     0.460    -0.290
     0.820     0.447    -0.358
     0.803     0.510    -0.309
     0.694     0.569    -0.441
     0.819     0.530    -0.221
     0.709     0.561    -0.427
     0.765     0.482    -0.427
     0.826     0.505    -0.250
     0.867     0.410    -0.282
     0.844     0.454    -0.286
     0.844     0.435    -0.314
     0.771     0.546    -0.328
     0.716     0.621    -0.319
     0.738     0.623    -0.261
     0.734     0.538    -0.414
     0.778     0.530    -0.336
     0.826     0.508    -0.244
     0.897     0.284    -0.340
     0.766     0.536    -0.355
     0.793     0.536    -0.290
     0.773     0.504    -0.386
     0.819     0.420    -0.392
     0.677     0.667    -0.311
     0.853     0.487    -0.189
     0.798     0.520    -0.306
     0.890     0.390    -0.236
     0.691     0.409    -0.596
     0.784     0.538    -0.311
     0.722     0.553    -0.416
     0.835     0.512    -0.202
     0.743     0.628    -0.230
     0.791     0.479    -0.380
     0.844     0.460    -0.277
     0.826     0.511    -0.240
     0.846     0.459    -0.271
     0.799     0.542    -0.259
     0.767     0.553    -0.327
     0.877     0.371    -0.306
     0.875     0.414    -0.253
     0.784     0.588    -0.200
     0.828     0.494    -0.264
     0.814     0.359    -0.456
     0.810     0.444    -0.383
     0.889     0.333    -0.314
     0.922     0.362    -0.137
     0.722     0.609    -0.328
     0.814     0.482    -0.324
     0.878     0.356    -0.320
     0.793     0.471    -0.388
     0.778     0.596    -0.199
     0.774     0.509    -0.376
     0.791     0.551    -0.266
     0.750     0.495    -0.438
     0.908     0.361    -0.212
     0.804     0.543    -0.243
     0.907     0.397    -0.142
     0.797     0.512    -0.320
     0.835     0.512    -0.202
     0.915     0.372    -0.154
     0.737     0.528    -0.422
     0.856     0.491    -0.163
     0.725     0.606    -0.328
     0.834     0.518    -0.191
     0.808     0.499    -0.315
     0.751     0.590    -0.297
     0.743     0.545    -0.388
     0.726     0.580    -0.370
     0.854     0.481    -0.199
     0.870     0.470    -0.152
     0.817     0.398    -0.417
     0.801     0.521    -0.296
     0.812     0.438    -0.385
     0.766     0.494    -0.411
     0.819     0.541    -0.191
     0.857     0.440    -0.269
     0.810     0.443    -0.385
     0.860     0.362    -0.360
     0.902     0.380    -0.205
     0.730     0.561    -0.390
     0.846     0.430    -0.316
     0.745     0.533    -0.401
     0.837     0.467    -0.286
     0.759     0.613    -0.220
     0.807     0.567    -0.168
     0.818     0.512    -0.263
     0.838     0.394    -0.378
     0.829     0.445    -0.338
     0.774     0.539    -0.333
     0.785     0.533    -0.317
     0.841     0.495    -0.219
     0.785     0.526    -0.327
     0.752     0.532    -0.390
     0.823     0.491    -0.284
     0.779     0.557    -0.288
     0.811     0.534    -0.238
     0.688     0.564    -0.458
     0.798     0.456    -0.394
     0.842     0.445    -0.305
     0.757     0.493    -0.429
     0.708     0.612    -0.351
     0.844     0.497    -0.201
     0.680     0.672    -0.293
     0.849     0.392    -0.353
     0.745     0.597    -0.298
     0.694     0.490    -0.528
     0.819     0.457    -0.347
     0.714     0.631    -0.304
     0.802     0.510    -0.311
     0.841     0.455    -0.294
     0.855     0.479    -0.197
     0.842     0.522    -0.135
     0.857     0.441    -0.265
     0.812     0.548    -0.200
     0.868     0.399    -0.296
     0.869     0.440    -0.228
     0.808     0.488    -0.331
     0.763     0.455    -0.460
     0.859     0.488    -0.153
     0.843     0.469    -0.264
     0.831     0.448    -0.330
     0.847     0.478    -0.232
     0.830     0.441    -0.340
     0.844     0.455    -0.285
     0.966     0.243    -0.084
     0.810     0.552    -0.199
     0.880     0.442    -0.171
     0.820     0.473    -0.323
     0.779     0.595    -0.198
     0.884     0.390    -0.258
     0.887     0.334    -0.319
     0.747     0.519    -0.416
     0.825     0.514    -0.234
     0.775     0.398    -0.490
     0.840     0.304    -0.449
     0.846     0.418    -0.332
     0.770     0.561    -0.304
     0.803     0.563    -0.196
     0.684     0.637    -0.355
     0.708     0.551    -0.442
     0.832     0.492    -0.256
     0.764     0.514    -0.389
     0.817     0.560    -0.137
     0.809     0.520    -0.273
     0.781     0.542    -0.308
     0.776     0.421    -0.469
     0.812     0.501    -0.297
     0.922     0.281    -0.268
     0.795     0.507    -0.332
     0.805     0.464    -0.371
     0.796     0.526    -0.299
     0.848     0.461    -0.260
     0.749     0.553    -0.365
     0.902     0.412    -0.131
     0.728     0.589    -0.350
     0.765     0.553    -0.329
     0.771     0.553    -0.316
     0.829     0.389    -0.401
     0.763     0.552    -0.336
     0.842     0.514    -0.165
     0.792     0.574    -0.209
     0.796     0.566    -0.215
     0.822     0.511    -0.250
     0.891     0.338    -0.303
     0.845     0.416    -0.337
     0.829     0.509    -0.229
     0.817     0.566    -0.112
     0.886     0.438    -0.153
     0.756     0.567    -0.327
     0.801     0.408    -0.438
     0.830     0.406    -0.381
     0.697     0.577    -0.425
     0.751     0.637    -0.175
     0.814     0.496    -0.302
     0.763     0.583    -0.279
     0.799     0.423    -0.426
     0.854     0.434    -0.288
     0.844     0.507    -0.174
     0.825     0.545    -0.151
     0.875     0.369    -0.312
     0.783     0.449    -0.431
     0.770     0.603    -0.209
     0.798     0.566    -0.207
     0.803     0.497    -0.329
     0.759     0.543    -0.358
     0.805     0.493    -0.330
     0.651     0.525    -0.548
     0.705     0.551    -0.446
     0.744     0.545    -0.386
     0.806     0.479    -0.348
     0.743     0.544    -0.390
     0.792     0.509    -0.338
     0.781     0.543    -0.309
     0.775     0.500    -0.386
     0.830     0.439    -0.345
     0.801     0.481    -0.357
     0.786     0.510    -0.349
     0.736     0.606    -0.301
     0.758     0.590    -0.277
     0.734     0.535    -0.418
     0.739     0.588    -0.327
     0.791     0.599    -0.125
     0.720     0.597    -0.354
     0.868     0.421    -0.264
     0.771     0.600    -0.215
     0.858     0.436    -0.271
     0.848     0.491    -0.198
     0.782     0.554    -0.284
     0.793     0.549    -0.263
     0.819     0.546    -0.178
     0.714     0.576    -0.399
     0.766     0.497    -0.408
     0.880     0.355    -0.317
     0.887     0.396    -0.238
     0.877     0.470    -0.099
     0.821     0.518    -0.239
     0.832     0.443    -0.333
     0.798     0.498    -0.341
     0.767     0.635    -0.090
     0.782     0.560    -0.275
     0.795     0.547    -0.261
     0.570     0.756    -0.320
     0.832     0.463    -0.305
     0.867     0.431    -0.250
     0.844     0.351    -0.405
     0.735     0.642    -0.216
     0.817     0.498    -0.290
     0.732     0.589    -0.343
     0.881     0.422    -0.215
     0.803     0.532    -0.269
     0.892     0.411    -0.188
     0.810     0.474    -0.346
     0.866     0.402    -0.296
     0.816     0.506    -0.278
     0.901     0.372    -0.224
     0.813     0.464    -0.352
     0.894     0.290    -0.343
     0.793     0.410    -0.450
     0.865     0.430    -0.259
     0.861     0.436    -0.260
     0.864     0.416    -0.282
     0.814     0.499    -0.296
     0.767     0.604    -0.214
     0.847     0.473    -0.243
     0.818     0.496    -0.292
     0.799     0.514    -0.311
     0.860     0.360    -0.361
     0.907     0.368    -0.206
     0.765     0.518    -0.382
     0.899     0.351    -0.260
     0.811     0.463    -0.359
     0.848     0.423    -0.319
     0.844     0.434    -0.315
     0.775     0.560    -0.295
     0.768     0.589    -0.252
     0.805     0.492    -0.332
     0.787     0.379    -0.487
     0.769     0.583    -0.261
     0.727     0.609    -0.318
     0.794     0.533    -0.294
     0.821     0.457    -0.341
     0.773     0.488    -0.406
     0.844     0.483    -0.235
     0.770     0.565    -0.296
     0.840     0.427    -0.336
     0.809     0.513    -0.288
     0.846     0.470    -0.251
     0.821     0.553    -0.143
     0.821     0.416    -0.391
     0.830     0.442    -0.340
     0.893     0.394    -0.219
     0.785     0.544    -0.297
     0.785     0.568    -0.248
     0.824     0.433    -0.367
     0.829     0.518    -0.212
     0.777     0.605    -0.175
     0.875     0.435    -0.212
     0.754     0.517    -0.405
     0.722     0.540    -0.432
     0.852     0.383    -0.356
     0.795     0.533    -0.290
     0.893     0.397    -0.212
     0.805     0.526    -0.274
     0.719     0.650    -0.245
     0.848     0.378    -0.371
     0.839     0.528    -0.131
     0.787     0.471    -0.400
     0.777     0.521    -0.354
     0.761     0.603    -0.238
     0.813     0.488    -0.317
     0.779     0.530    -0.335
     0.725     0.592    -0.353
     0.848     0.447    -0.284
     0.791     0.432    -0.434
     0.838     0.485    -0.248
     0.848     0.450    -0.281
     0.802     0.486    -0.346
     0.867     0.383    -0.318
     0.822     0.540    -0.181
     0.909     0.382    -0.165
     0.727     0.605    -0.326
     0.875     0.334    -0.350
     0.832     0.379    -0.405
     0.827     0.497    -0.262
     0.834     0.378    -0.401
     0.770     0.492    -0.406
     0.918     0.258    -0.301
     0.877     0.356    -0.322
     0.817     0.541    -0.199
     0.773     0.559    -0.299
     0.850     0.523    -0.055
     0.816     0.480    -0.322
     0.762     0.589    -0.269
     0.834     0.433    -0.343
     0.847     0.443    -0.294
     0.760     0.516    -0.396
     0.827     0.489    -0.279
     0.783     0.527    -0.329
     0.864     0.403    -0.303
     0.855     0.444    -0.268
     0.760     0.545    -0.354
     0.853     0.456    -0.254
     0.815     0.473    -0.335
     0.777     0.586    -0.229
     0.733     0.566    -0.377
     0.792     0.560    -0.241
     0.846     0.483    -0.226
     0.724     0.563    -0.399
     0.812     0.472    -0.342
     0.825     0.487    -0.285
     0.813     0.536    -0.228
     0.850     0.468    -0.242
     0.881     0.465    -0.083
     0.829     0.506    -0.237
     0.810     0.560    -0.177
     0.802     0.407    -0.437
     0.824     0.432    -0.366
     0.823     0.527    -0.211
     0.799     0.482    -0.359
     0.780     0.530    -0.334
     0.806     0.576    -0.135
     0.860     0.409    -0.305
     0.813     0.497    -0.302
     0.822     0.464    -0.329
     0.832     0.438    -0.340
     0.780     0.579    -0.237
     0.722     0.587    -0.367
     0.802     0.521    -0.292
     0.852     0.440    -0.283
     0.795     0.493    -0.354
     0.753     0.468    -0.463
     0.830     0.473    -0.296
     0.823     0.505    -0.260
     0.896     0.382    -0.227
     0.773     0.490    -0.402
     0.840     0.477    -0.257
     0.772     0.587    -0.246
     0.819     0.543    -0.182
     0.698     0.646    -0.309
     0.856     0.381    -0.350
     0.880     0.318    -0.352
     0.762     0.618    -0.194
     0.799     0.511    -0.318
     0.856     0.444    -0.267
     0.825     0.507    -0.251
     0.794     0.479    -0.374
     0.866     0.445    -0.230
     0.800     0.547    -0.246
     0.818     0.377    -0.435
     0.905     0.401    -0.141
     0.818     0.473    -0.327
     0.772     0.605    -0.192
     0.873     0.460    -0.163
     0.793     0.543    -0.277
     0.777     0.533    -0.334
     0.824     0.374    -0.425
     0.801     0.524    -0.290
     0.812     0.407    -0.418
     0.806     0.438    -0.398
     0.766     0.577    -0.284
     0.751     0.596    -0.284
     0.802     0.421    -0.424
     0.805     0.486    -0.340
     0.760     0.491    -0.425
     0.804     0.531    -0.268
     0.848     0.424    -0.320
     0.847     0.378    -0.375
     0.831     0.539    -0.137
     0.778     0.473    -0.413
     0.778     0.545    -0.312
     0.785     0.419    -0.456
     0.704     0.551    -0.448
     0.768     0.604    -0.212
     0.959     0.203    -0.198
     0.873     0.451    -0.184
     0.820     0.488    -0.299
     0.786     0.541    -0.300
     0.852     0.426    -0.304
     0.780     0.443    -0.442
     0.779     0.520    -0.351
     0.799     0.569    -0.194
     0.836     0.479    -0.269
     0.746     0.506    -0.433
     0.910     0.361    -0.205
     0.816     0.342    -0.466
     0.786     0.530    -0.319
     0.799     0.488    -0.350
     0.727     0.556    -0.403
     0.743     0.607    -0.282
     0.843     0.468    -0.267
     0.831     0.456    -0.318
     0.878     0.392    -0.274
     0.740     0.456    -0.495
     0.758     0.591    -0.276
     0.800     0.518    -0.301
     0.761     0.599    -0.249
     0.770     0.567    -0.294
     0.812     0.481    -0.330
     0.759     0.492    -0.427
     0.783     0.569    -0.251
     0.818     0.508    -0.268
     0.857     0.409    -0.313
     0.853     0.402    -0.332
     0.827     0.462    -0.320
     0.913     0.331    -0.240
     0.807     0.440    -0.395
     0.848     0.409    -0.338
     0.848     0.477    -0.230
     0.780     0.525    -0.341
     0.834     0.456    -0.311
     0.739     0.601    -0.306
     0.726     0.501    -0.472
     0.770     0.500    -0.397
     0.821     0.479    -0.310
     0.883     0.456    -0.107
     0.766     0.450    -0.459
     0.924     0.320    -0.211
     0.829     0.506    -0.237
     0.868     0.438    -0.234
     0.862     0.474    -0.181
     0.864     0.382    -0.329
     0.835     0.414    -0.362
     0.759     0.545    -0.358
     0.802     0.562    -0.204
     0.737     0.621    -0.265
     0.890     0.415    -0.189
     0.766     0.583    -0.272
     0.780     0.500    -0.376
     0.878     0.429    -0.211
     0.805     0.532    -0.263
     0.756     0.472    -0.453
     0.736     0.596    -0.321
     0.767     0.537    -0.350
     0.769     0.548    -0.329
     0.783     0.508    -0.359
     0.773     0.527    -0.352
     0.783     0.541    -0.308
     0.814     0.509    -0.280
     0.790     0.578    -0.204
     0.837     0.477    -0.266
     0.776     0.510    -0.370
     0.717     0.613    -0.333
     0.819     0.414    -0.397
     0.890     0.384    -0.246
     0.757     0.530    -0.381
     0.909     0.334    -0.249
     0.821     0.559    -0.119
     0.827     0.470    -0.310
     0.862     0.440    -0.253
     0.807     0.515    -0.289
     0.852     0.440    -0.285
     0.855     0.477    -0.203
     0.813     0.514    -0.274
     0.667     0.716    -0.207
     0.822     0.459    -0.337
     0.823     0.502    -0.266
     0.792     0.519    -0.321
     0.778     0.560    -0.286
     0.760     0.418    -0.498
     0.821     0.494    -0.285
     0.704     0.523    -0.481
     0.722     0.584    -0.370
     0.750     0.578    -0.321
     0.797     0.511    -0.322
     0.812     0.475    -0.341
     0.861     0.461    -0.212
     0.804     0.461    -0.376
     0.883     0.444    -0.153
     0.735     0.573    -0.364
     0.786     0.534    -0.311
     0.890     0.281    -0.358
     0.803     0.471    -0.366
     0.815     0.511    -0.275
     0.767     0.467    -0.441
     0.741     0.590    -0.321
     0.827     0.521    -0.211
     0.840     0.385    -0.382
     0.845     0.425    -0.325
     0.899     0.417    -0.135
     0.809     0.482    -0.336
     0.793     0.566    -0.227
     0.750     0.561    -0.350
     0.882     0.400    -0.249
     0.849     0.443    -0.287
     0.840     0.473    -0.266
     0.819     0.474    -0.324
     0.874     0.423    -0.238
     0.800     0.539    -0.266
     0.713     0.531    -0.458
     0.849     0.496    -0.181
     0.800     0.427    -0.422
     0.903     0.426    -0.058
     0.846     0.461    -0.268
     0.835     0.401    -0.378
     0.733     0.622    -0.274
     0.839     0.448    -0.308
     0.786     0.562    -0.258
     0.804     0.493    -0.333
     0.928     0.321    -0.191
     0.825     0.444    -0.349
     0.883     0.418    -0.214
     0.849     0.442    -0.290
     0.867     0.466    -0.178
     0.780     0.609    -0.144
     0.818     0.530    -0.223
     0.812     0.481    -0.330
     0.800     0.440    -0.408
     0.746     0.572    -0.341
     0.831     0.428    -0.356
     0.858     0.311    -0.408
     0.845     0.355    -0.400
     0.846     0.421    -0.327
     0.864     0.480    -0.151
     0.777     0.548    -0.310
     0.844     0.514    -0.150
     0.859     0.499    -0.114
     0.856     0.349    -0.383
     0.809     0.564    -0.166
     0.768     0.593    -0.242
     0.791     0.501    -0.350
     0.840     0.445    -0.309
     0.798     0.516    -0.311
     0.819     0.525    -0.233
     0.756     0.603    -0.256
     0.797     0.573    -0.190
     0.818     0.558    -0.138
     0.877     0.369    -0.309
     0.824     0.544    -0.162
     0.749     0.510    -0.423
     0.836     0.499    -0.229
     0.852     0.413    -0.321
     0.920     0.321    -0.225
     0.770     0.572    -0.281
     0.740     0.486    -0.464
     0.794     0.473    -0.382
     0.783     0.609    -0.126
     0.787     0.498    -0.364
     0.821     0.528    -0.216
     0.795     0.458    -0.398
     0.836     0.443    -0.322
     0.808     0.428    -0.405
     0.886     0.413    -0.210
     0.834     0.502    -0.227
     0.756     0.450    -0.476
     0.850     0.415    -0.325
     0.752     0.546    -0.370
     0.849     0.481    -0.218
     0.779     0.541    -0.317
     0.806     0.479    -0.348
     0.827     0.541    -0.154
     0.797     0.528    -0.294
     0.837     0.467    -0.284
     0.829     0.531    -0.172
     0.870     0.343    -0.355
     0.811     0.432    -0.395
     0.844     0.422    -0.332
     0.821     0.461    -0.337
     0.845     0.498    -0.194
     0.857     0.479    -0.190
     0.794     0.462    -0.396
     0.760     0.495    -0.420
     0.796     0.390    -0.464
     0.815     0.443    -0.374
     0.806     0.575    -0.139
     0.799     0.535    -0.273
     0.828     0.465    -0.312
     0.846     0.425    -0.321
     0.793     0.459    -0.400
     0.884     0.422    -0.202
     0.847     0.448    -0.285
     0.793     0.563    -0.230
     0.793     0.566    -0.226
     0.782     0.447    -0.435
     0.834     0.475    -0.281
     0.808     0.549    -0.213
     0.827     0.434    -0.357
     0.871     0.408    -0.274
     0.787     0.504    -0.356
     0.808     0.453    -0.376
     0.830     0.521    -0.198
     0.787     0.586    -0.193
     0.802     0.424    -0.421
     0.883     0.352    -0.312
     0.816     0.515    -0.263
     0.877     0.415    -0.241
     0.795     0.411    -0.446
     0.919     0.335    -0.209
     0.754     0.608    -0.249
     0.764     0.566    -0.308
     0.800     0.513    -0.311
     0.851     0.469    -0.237
     0.671     0.589    -0.451
     0.846     0.385    -0.370
     0.801     0.404    -0.441
     0.848     0.460    -0.265
     0.756     0.514    -0.405
     0.921     0.320    -0.224
     0.805     0.510    -0.303
     0.825     0.420    -0.379
     0.831     0.437    -0.345
     0.836     0.420    -0.353
     0.843     0.474    -0.254
     0.755     0.539    -0.374
     0.790     0.525    -0.317
     0.823     0.408    -0.394
     0.770     0.479    -0.422
     0.794     0.567    -0.220
     0.879     0.334    -0.339
     0.735     0.625    -0.263
     0.790     0.488    -0.370
     0.794     0.515    -0.323
     0.754     0.435    -0.493
     0.788     0.505    -0.351
     0.731     0.629    -0.265
     0.816     0.477    -0.326
     0.836     0.533    -0.129
     0.811     0.461    -0.359
     0.701     0.658    -0.274
     0.726     0.457    -0.513
     0.787     0.575    -0.222
     0.829     0.463    -0.313
     0.785     0.581    -0.214
     0.848     0.511    -0.143
     0.798     0.582    -0.156
     0.820     0.458    -0.344
     0.870     0.399    -0.290
     0.842     0.537    -0.047
     0.832     0.439    -0.338
     0.809     0.445    -0.385
     0.830     0.543    -0.126
     0.783     0.547    -0.298
     0.823     0.495    -0.279
     0.735     0.510    -0.446
     0.780     0.542    -0.311
     0.692     0.672    -0.262
     0.801     0.461    -0.383
     0.756     0.437    -0.488
     0.739     0.609    -0.290
     0.836     0.512    -0.199
     0.775     0.565    -0.283
     0.741     0.548    -0.388
     0.766     0.634    -0.102
     0.857     0.422    -0.295
     0.718     0.579    -0.387
     0.792     0.557    -0.250
     0.828     0.517    -0.217
     0.850     0.474    -0.228
     0.877     0.301    -0.374
     0.825     0.436    -0.359
     0.926     0.318    -0.203
     0.896     0.404    -0.183
     0.762     0.567    -0.313
     0.796     0.468    -0.383
     0.752     0.536    -0.382
     0.744     0.570    -0.350
     0.836     0.402    -0.373
     0.796     0.577    -0.184
     0.826     0.395    -0.403
     0.847     0.515    -0.132
     0.877     0.286    -0.386
     0.838     0.471    -0.274
     0.839     0.517    -0.168
     0.762     0.613    -0.211
     0.840     0.389    -0.377
     0.757     0.616    -0.219
     0.791     0.566    -0.231
     0.799     0.514    -0.311
     0.852     0.473    -0.226
     0.712     0.549    -0.438
     0.852     0.464    -0.244
     0.738     0.525    -0.425
     0.850     0.487    -0.200
     0.867     0.407    -0.289
     0.871     0.436    -0.225
     0.821     0.549    -0.159
     0.747     0.543    -0.383
     0.895     0.329    -0.300
     0.780     0.570    -0.259
     0.804     0.385    -0.453
     0.748     0.626    -0.220
     0.885     0.375    -0.274
     0.770     0.558    -0.310
     0.796     0.534    -0.285
     0.790     0.500    -0.355
     0.834     0.520    -0.186
     0.858     0.442    -0.262
     0.756     0.541    -0.368
     0.743     0.502    -0.442
     0.840     0.469    -0.272
     0.770     0.523    -0.365
     0.695     0.578    -0.427
     0.711     0.619    -0.335
     0.830     0.459    -0.316
     0.790     0.470    -0.393
     0.850     0.439    -0.291
     0.777     0.462    -0.428
     0.770     0.492    -0.406
     0.756     0.618    -0.216
     0.762     0.492    -0.422
     0.871     0.390    -0.298
     0.773     0.495    -0.397
     0.752     0.525    -0.399
     0.898     0.399    -0.186
     0.754     0.456    -0.472
     0.868     0.371    -0.330
     0.765     0.625    -0.155
     0.793     0.533    -0.294
     0.851     0.418    -0.317
     0.686     0.597    -0.417
     0.836     0.442    -0.325
     0.790     0.509    -0.343
     0.788     0.549    -0.279
     0.741     0.468    -0.481
     0.811     0.538    -0.230
     0.706     0.493    -0.508
     0.868     0.474    -0.148
     0.902     0.410    -0.133
     0.760     0.564    -0.324
     0.884     0.365    -0.291
     0.849     0.507    -0.146
     0.762     0.584    -0.281
     0.813     0.519    -0.265
     0.831     0.516    -0.210
     0.892     0.400    -0.212
     0.795     0.472    -0.381
     0.834     0.517    -0.194
     0.678     0.678    -0.286
     0.778     0.529    -0.338
     0.824     0.543    -0.164
     0.769     0.579    -0.273
     0.863     0.407    -0.298
     0.833     0.490    -0.256
     0.827     0.533    -0.177
     0.842     0.480    -0.247
     0.781     0.440    -0.443
     0.900     0.325    -0.290
     0.771     0.461    -0.440
     0.865     0.353    -0.357
     0.796     0.565    -0.217
     0.748     0.543    -0.381
     0.807     0.429    -0.405
     0.805     0.548    -0.227
     0.793     0.587    -0.163
     0.815     0.539    -0.213
     0.787     0.519    -0.334
     0.799     0.546    -0.254
     0.836     0.482    -0.263
     0.794     0.523    -0.309
     0.913     0.329    -0.241
     0.783     0.551    -0.289
     0.823     0.442    -0.356
     0.797     0.354    -0.490
     0.784     0.536    -0.313
     0.791     0.553    -0.261
     0.758     0.563    -0.330
     0.786     0.467    -0.405
     0.716     0.528    -0.457
     0.755     0.600    -0.265
     0.801     0.449    -0.397
     0.794     0.550    -0.259
     0.841     0.533    -0.095
     0.811     0.461    -0.360
     0.912     0.351    -0.214
     0.697     0.598    -0.396
     0.809     0.428    -0.403
     0.759     0.512    -0.403
     0.818     0.519    -0.246
     0.824     0.485    -0.292
     0.855     0.436    -0.279
     0.673     0.697    -0.248
     0.820     0.509    -0.262
     0.759     0.483    -0.437
     0.865     0.436    -0.249
     0.758     0.495    -0.426
     0.770     0.512    -0.380
     0.877     0.417    -0.239
     0.754     0.546    -0.365
     0.860     0.449    -0.241
     0.844     0.451    -0.290
     0.775     0.544    -0.322
     0.762     0.565    -0.317
     0.811     0.561    -0.166
     0.766     0.561    -0.314
     0.749     0.635    -0.191
     0.792     0.517    -0.324
     0.839     0.426    -0.337
     0.820     0.440    -0.366
     0.781     0.533    -0.327
     0.752     0.557    -0.353
     0.709     0.590    -0.386
     0.878     0.448    -0.169
     0.840     0.449    -0.306
     0.803     0.544    -0.244
     0.844     0.504    -0.185
     0.692     0.619    -0.371
     0.848     0.434    -0.305
     0.794     0.448    -0.410
     0.727     0.533    -0.433
     0.737     0.633    -0.237
     0.747     0.540    -0.388
     0.758     0.515    -0.400
     0.796     0.505    -0.332
     0.826     0.475    -0.304
     0.844     0.514    -0.152
     0.811     0.518    -0.271
     0.764     0.541    -0.352
     0.823     0.568    -0.015
     0.835     0.466    -0.293
     0.791     0.539    -0.289
     0.769     0.461    -0.443
     0.803     0.446    -0.396
     0.824     0.449    -0.346
     0.808     0.481    -0.340
     0.799     0.505    -0.327
     0.777     0.597    -0.199
     0.896     0.361    -0.257
     0.748     0.537    -0.389
