     0.099    -0.714    -0.693
    -0.076    -0.770    -0.633
     0.025    -0.546    -0.837
     0.024    -0.664    -0.747
     0.083    -0.671    -0.737
     0.012    -0.625    -0.781
     0.025    -0.709    -0.705
    -0.128    -0.612    -0.780
     0.089    -0.668    -0.739
     0.064    -0.714    -0.697
     0.033    -0.743    -0.668
     0.148    -0.634    -0.759
     0.013    -0.586    -0.810
     0.030    -0.614    -0.789
     0.067    -0.670    -0.740
    -0.065    -0.761    -0.646
     0.069    -0.762    -0.643
    -0.037    -0.778    -0.628
     0.132    -0.641    -0.756
     0.133    -0.706    -0.696
     0.127    -0.614    -0.779
     0.179    -0.706    -0.685
     0.095    -0.722    -0.686
     0.024    -0.809    -0.587
     0.055    -0.616    -0.785
     0.075    -0.689    -0.721
     0.136    -0.690    -0.711
    -0.063    -0.644    -0.762
    -0.027    -0.587    -0.809
     0.079    -0.665    -0.743
     0.162    -0.554    -0.817
     0.023    -0.735    -0.677
     0.056    -0.620    -0.782
     0.059    -0.551    -0.833
    -0.102    -0.743    -0.661
     0.006    -0.780    -0.626
     0.007    -0.728    -0.685
     0.036    -0.729    -0.684
     0.033    -0.672    -0.740
     0.056    -0.842    -0.536
    -0.066    -0.489    -0.870
     0.015    -0.738    -0.675
     0.168    -0.615    -0.770
     0.076    -0.768    -0.636
     0.229    -0.662    -0.713
     0.114    -0.652    -0.750
     0.131    -0.748    -0.651
    -0.000    -0.644    -0.765
    -0.065    -0.646    -0.761
     0.019    -0.708    -0.706
     0.140    -0.694    -0.706
     0.196    -0.722    -0.664
     0.036    -0.656    -0.754
    -0.013    -0.676    -0.737
     0.022    -0.684    -0.729
     0.022    -0.588    -0.809
     0.057    -0.649    -0.759
     0.039    -0.617    -0.786
    -0.015    -0.578    -0.816
     0.140    -0.715    -0.685
     0.094    -0.572    -0.815
     0.009    -0.764    -0.646
     0.143    -0.652    -0.745
    -0.052    -0.643    -0.764
     0.159    -0.812    -0.561
     0.009    -0.765    -0.644
    -0.018    -0.729    -0.684
     0.022    -0.724    -0.689
    -0.040    -0.716    -0.697
    -0.041    -0.758    -0.651
    -0.055    -0.716    -0.696
     0.115    -0.720    -0.684
     0.090    -0.659    -0.747
     0.015    -0.594    -0.804
    -0.141    -0.634    -0.760
     0.172    -0.707    -0.686
    -0.008    -0.687    -0.727
     0.086    -0.704    -0.705
     0.057    -0.696    -0.715
     0.038    -0.561    -0.827
    -0.017    -0.723    -0.690
     0.084    -0.749    -0.657
     0.112    -0.770    -0.628
     0.030    -0.683    -0.730
     0.180    -0.764    -0.619
    -0.042    -0.735    -0.677
     0.187    -0.570    -0.800
     0.028    -0.689    -0.725
     0.158    -0.735    -0.659
     0.078    -0.721    -0.689
     0.133    -0.576    -0.807
     0.052    -0.634    -0.772
     0.030    -0.723    -0.690
    -0.067    -0.634    -0.770
     0.030    -0.728    -0.685
     0.015    -0.723    -0.691
     0.124    -0.782    -0.610
     0.117    -0.851    -0.513
     0.034    -0.652    -0.757
    -0.009    -0.603    -0.797
    -0.035    -0.613    -0.790
     0.077    -0.747    -0.660
    -0.076    -0.816    -0.573
     0.169    -0.728    -0.664
     0.049    -0.669    -0.742
     0.076    -0.644    -0.762
     0.139    -0.777    -0.614
     0.082    -0.552    -0.830
     0.042    -0.714    -0.699
    -0.003    -0.687    -0.727
    -0.228    -0.664    -0.712
     0.153    -0.645    -0.749
     0.157    -0.761    -0.630
     0.045    -0.629    -0.776
     0.050    -0.595    -0.802
     0.014    -0.694    -0.720
     0.026    -0.714    -0.699
     0.007    -0.564    -0.826
     0.113    -0.792    -0.600
     0.105    -0.597    -0.796
     0.050    -0.611    -0.790
    -0.100    -0.752    -0.652
     0.147    -0.712    -0.686
     0.095    -0.723    -0.685
     0.001    -0.726    -0.688
    -0.128    -0.646    -0.752
     0.027    -0.777    -0.629
     0.035    -0.698    -0.715
     0.006    -0.712    -0.702
     0.131    -0.692    -0.710
     0.019    -0.747    -0.665
    -0.108    -0.836    -0.538
     0.207    -0.614    -0.761
     0.132    -0.687    -0.714
    -0.025    -0.646    -0.763
     0.121    -0.611    -0.782
     0.032    -0.720    -0.694
     0.093    -0.711    -0.697
     0.044    -0.728    -0.684
    -0.017    -0.729    -0.685
    -0.120    -0.602    -0.789
     0.062    -0.767    -0.638
     0.091    -0.767    -0.635
     0.272    -0.680    -0.680
    -0.084    -0.798    -0.597
    -0.062    -0.698    -0.713
    -0.009    -0.803    -0.596
     0.170    -0.683    -0.710
    -0.004    -0.649    -0.760
     0.123    -0.727    -0.675
    -0.010    -0.663    -0.749
    -0.064    -0.722    -0.689
     0.159    -0.678    -0.717
     0.274    -0.643    -0.715
    -0.032    -0.700    -0.713
    -0.004    -0.676    -0.737
     0.125    -0.710    -0.693
    -0.003    -0.591    -0.807
     0.097    -0.712    -0.695
    -0.102    -0.640    -0.761
     0.007    -0.690    -0.723
     0.088    -0.628    -0.773
    -0.047    -0.611    -0.790
     0.072    -0.595    -0.801
    -0.007    -0.663    -0.748
    -0.025    -0.763    -0.646
    -0.016    -0.658    -0.752
     0.139    -0.610    -0.780
     0.212    -0.719    -0.661
    -0.067    -0.637    -0.768
     0.262    -0.652    -0.712
    -0.015    -0.732    -0.681
     0.028    -0.618    -0.785
     0.127    -0.706    -0.697
    -0.089    -0.656    -0.750
     0.217    -0.687    -0.693
    -0.049    -0.717    -0.695
    -0.044    -0.617    -0.785
    -0.052    -0.706    -0.706
     0.057    -0.708    -0.704
     0.115    -0.722    -0.682
     0.050    -0.695    -0.717
     0.194    -0.690    -0.697
     0.137    -0.721    -0.680
    -0.046    -0.661    -0.749
    -0.073    -0.774    -0.629
    -0.122    -0.587    -0.801
    -0.064    -0.766    -0.639
    -0.007    -0.676    -0.737
     0.069    -0.679    -0.731
     0.063    -0.630    -0.774
     0.147    -0.666    -0.731
    -0.025    -0.672    -0.740
     0.197    -0.743    -0.639
     0.072    -0.620    -0.782
     0.087    -0.653    -0.752
    -0.081    -0.705    -0.705
    -0.037    -0.749    -0.661
     0.037    -0.690    -0.722
     0.025    -0.710    -0.704
     0.086    -0.654    -0.751
    -0.109    -0.640    -0.760
     0.039    -0.695    -0.718
    -0.055    -0.641    -0.765
     0.143    -0.751    -0.645
    -0.080    -0.536    -0.840
     0.046    -0.771    -0.636
     0.193    -0.616    -0.764
     0.173    -0.682    -0.711
    -0.046    -0.646    -0.762
     0.173    -0.682    -0.710
     0.024    -0.694    -0.720
     0.043    -0.702    -0.711
     0.020    -0.593    -0.805
     0.159    -0.708    -0.688
     0.100    -0.635    -0.766
    -0.078    -0.683    -0.727
     0.051    -0.711    -0.701
     0.142    -0.763    -0.630
     0.043    -0.786    -0.616
     0.097    -0.709    -0.698
     0.146    -0.650    -0.746
     0.019    -0.729    -0.684
     0.130    -0.621    -0.773
    -0.001    -0.661    -0.750
     0.046    -0.686    -0.726
     0.009    -0.556    -0.831
     0.072    -0.664    -0.744
     0.149    -0.660    -0.736
    -0.143    -0.649    -0.747
    -0.055    -0.725    -0.687
     0.024    -0.667    -0.745
    -0.052    -0.640    -0.767
    -0.070    -0.735    -0.674
    -0.089    -0.745    -0.661
     0.041    -0.560    -0.828
     0.033    -0.698    -0.715
    -0.112    -0.645    -0.756
    -0.030    -0.799    -0.601
     0.030    -0.672    -0.740
    -0.005    -0.613    -0.790
    -0.071    -0.796    -0.601
     0.028    -0.667    -0.745
     0.096    -0.718    -0.690
    -0.106    -0.622    -0.776
    -0.119    -0.741    -0.661
     0.077    -0.619    -0.782
     0.020    -0.628    -0.778
     0.038    -0.666    -0.745
     0.112    -0.659    -0.744
    -0.037    -0.670    -0.741
    -0.101    -0.748    -0.655
     0.118    -0.749    -0.652
     0.006    -0.763    -0.646
     0.049    -0.708    -0.705
     0.092    -0.749    -0.656
    -0.044    -0.757    -0.652
     0.279    -0.714    -0.642
    -0.056    -0.695    -0.717
    -0.045    -0.693    -0.719
    -0.050    -0.670    -0.741
     0.111    -0.620    -0.776
     0.054    -0.659    -0.750
    -0.149    -0.639    -0.755
    -0.167    -0.702    -0.693
     0.023    -0.693    -0.721
     0.123    -0.652    -0.749
    -0.001    -0.606    -0.796
    -0.025    -0.637    -0.770
     0.025    -0.763    -0.646
     0.055    -0.589    -0.806
     0.008    -0.699    -0.715
     0.014    -0.632    -0.775
     0.315    -0.616    -0.722
    -0.024    -0.721    -0.692
     0.056    -0.695    -0.717
     0.099    -0.752    -0.652
     0.138    -0.729    -0.670
     0.038    -0.766    -0.641
    -0.006    -0.804    -0.595
     0.148    -0.606    -0.781
    -0.100    -0.666    -0.739
    -0.092    -0.721    -0.687
    -0.012    -0.657    -0.754
     0.129    -0.685    -0.717
    -0.022    -0.612    -0.790
     0.157    -0.737    -0.657
    -0.004    -0.635    -0.772
    -0.062    -0.757    -0.651
     0.047    -0.555    -0.830
     0.134    -0.609    -0.782
    -0.099    -0.684    -0.722
    -0.061    -0.702    -0.709
     0.047    -0.543    -0.839
     0.189    -0.681    -0.707
     0.056    -0.756    -0.652
    -0.063    -0.639    -0.767
    -0.102    -0.719    -0.688
     0.042    -0.618    -0.785
     0.111    -0.646    -0.755
     0.024    -0.580    -0.814
    -0.015    -0.820    -0.572
    -0.087    -0.720    -0.689
    -0.047    -0.740    -0.671
    -0.052    -0.758    -0.650
    -0.020    -0.732    -0.681
     0.026    -0.642    -0.766
     0.156    -0.703    -0.694
     0.039    -0.743    -0.668
    -0.015    -0.594    -0.804
    -0.013    -0.660    -0.751
     0.133    -0.635    -0.761
    -0.028    -0.713    -0.700
     0.085    -0.694    -0.715
     0.062    -0.741    -0.669
     0.009    -0.606    -0.796
     0.040    -0.769    -0.638
    -0.064    -0.677    -0.733
     0.020    -0.569    -0.822
     0.011    -0.769    -0.639
     0.085    -0.633    -0.769
     0.165    -0.756    -0.634
    -0.044    -0.814    -0.579
    -0.043    -0.682    -0.730
    -0.014    -0.536    -0.844
    -0.025    -0.667    -0.745
     0.079    -0.665    -0.743
     0.034    -0.699    -0.714
    -0.005    -0.668    -0.744
     0.028    -0.730    -0.683
     0.174    -0.683    -0.709
    -0.068    -0.689    -0.721
     0.043    -0.642    -0.765
     0.014    -0.619    -0.785
    -0.015    -0.467    -0.884
    -0.031    -0.746    -0.665
    -0.149    -0.744    -0.651
     0.048    -0.685    -0.727
    -0.077    -0.754    -0.652
     0.068    -0.702    -0.709
    -0.034    -0.728    -0.684
     0.098    -0.794    -0.600
     0.087    -0.665    -0.742
    -0.186    -0.813    -0.552
    -0.184    -0.590    -0.786
     0.186    -0.734    -0.653
    -0.133    -0.751    -0.647
    -0.122    -0.600    -0.791
    -0.018    -0.729    -0.684
    -0.015    -0.706    -0.709
     0.116    -0.717    -0.687
    -0.085    -0.730    -0.678
     0.269    -0.723    -0.636
     0.091    -0.695    -0.713
     0.011    -0.691    -0.722
     0.003    -0.749    -0.663
    -0.080    -0.678    -0.731
     0.282    -0.622    -0.730
     0.041    -0.668    -0.743
     0.023    -0.657    -0.754
     0.045    -0.655    -0.755
    -0.012    -0.591    -0.807
     0.090    -0.727    -0.681
     0.074    -0.723    -0.687
    -0.137    -0.805    -0.577
    -0.099    -0.779    -0.619
     0.050    -0.707    -0.706
     0.018    -0.589    -0.808
     0.093    -0.657    -0.748
    -0.097    -0.729    -0.677
     0.009    -0.673    -0.740
     0.168    -0.728    -0.665
     0.120    -0.696    -0.708
    -0.012    -0.751    -0.661
     0.117    -0.765    -0.634
     0.117    -0.645    -0.755
    -0.062    -0.648    -0.759
     0.183    -0.588    -0.788
    -0.051    -0.593    -0.804
     0.136    -0.679    -0.722
    -0.041    -0.735    -0.677
     0.040    -0.725    -0.688
     0.224    -0.613    -0.757
    -0.065    -0.665    -0.744
    -0.094    -0.695    -0.713
     0.143    -0.684    -0.715
    -0.050    -0.689    -0.723
     0.130    -0.693    -0.710
     0.199    -0.557    -0.806
     0.080    -0.708    -0.702
     0.094    -0.745    -0.660
     0.021    -0.613    -0.790
    -0.050    -0.774    -0.632
     0.077    -0.807    -0.586
    -0.053    -0.727    -0.685
     0.059    -0.638    -0.768
    -0.026    -0.773    -0.634
     0.099    -0.741    -0.664
     0.050    -0.644    -0.763
     0.139    -0.591    -0.794
    -0.022    -0.707    -0.707
     0.114    -0.756    -0.644
     0.002    -0.612    -0.791
     0.038    -0.747    -0.664
     0.001    -0.818    -0.575
     0.001    -0.718    -0.696
     0.063    -0.702    -0.709
     0.119    -0.662    -0.740
     0.010    -0.694    -0.720
     0.056    -0.746    -0.664
     0.124    -0.743    -0.658
    -0.064    -0.697    -0.714
     0.048    -0.674    -0.737
    -0.139    -0.702    -0.698
     0.198    -0.745    -0.637
     0.005    -0.664    -0.748
     0.254    -0.636    -0.729
     0.034    -0.786    -0.618
    -0.001    -0.566    -0.824
     0.292    -0.675    -0.678
    -0.044    -0.642    -0.765
     0.052    -0.719    -0.694
     0.029    -0.797    -0.604
     0.109    -0.655    -0.748
     0.177    -0.715    -0.677
    -0.037    -0.721    -0.692
     0.101    -0.655    -0.749
    -0.053    -0.744    -0.666
    -0.008    -0.790    -0.613
     0.144    -0.730    -0.668
     0.079    -0.685    -0.724
    -0.022    -0.584    -0.811
     0.019    -0.768    -0.640
    -0.044    -0.746    -0.664
     0.062    -0.761    -0.646
     0.038    -0.661    -0.749
    -0.090    -0.662    -0.744
     0.010    -0.766    -0.642
     0.115    -0.602    -0.790
     0.008    -0.739    -0.673
     0.138    -0.731    -0.669
     0.117    -0.590    -0.799
    -0.049    -0.732    -0.679
    -0.031    -0.698    -0.716
     0.140    -0.595    -0.792
     0.161    -0.560    -0.813
     0.157    -0.717    -0.679
    -0.168    -0.631    -0.757
     0.037    -0.728    -0.685
     0.132    -0.732    -0.669
     0.055    -0.698    -0.714
     0.158    -0.713    -0.683
    -0.125    -0.635    -0.762
     0.053    -0.725    -0.687
     0.024    -0.715    -0.698
     0.245    -0.748    -0.618
     0.075    -0.693    -0.717
     0.098    -0.757    -0.646
     0.065    -0.679    -0.732
     0.175    -0.602    -0.779
     0.177    -0.668    -0.723
    -0.074    -0.755    -0.651
     0.128    -0.713    -0.689
     0.106    -0.750    -0.653
     0.001    -0.661    -0.750
    -0.027    -0.678    -0.735
     0.135    -0.596    -0.791
     0.172    -0.769    -0.615
     0.030    -0.669    -0.743
    -0.005    -0.668    -0.744
    -0.040    -0.644    -0.764
     0.094    -0.790    -0.605
    -0.084    -0.777    -0.624
     0.058    -0.659    -0.750
     0.044    -0.647    -0.761
     0.114    -0.586    -0.803
     0.047    -0.790    -0.612
    -0.029    -0.674    -0.738
     0.089    -0.671    -0.736
    -0.081    -0.761    -0.644
    -0.009    -0.536    -0.844
     0.145    -0.713    -0.686
    -0.023    -0.815    -0.578
     0.046    -0.634    -0.772
     0.025    -0.762    -0.648
     0.051    -0.660    -0.749
     0.093    -0.606    -0.790
     0.021    -0.763    -0.646
     0.093    -0.724    -0.683
     0.038    -0.753    -0.657
    -0.068    -0.644    -0.762
    -0.037    -0.729    -0.683
     0.156    -0.724    -0.672
     0.125    -0.637    -0.761
    -0.055    -0.724    -0.688
     0.006    -0.729    -0.685
     0.120    -0.680    -0.723
    -0.002    -0.695    -0.719
     0.006    -0.729    -0.685
     0.099    -0.706    -0.702
    -0.107    -0.767    -0.633
     0.034    -0.777    -0.628
    -0.014    -0.656    -0.755
     0.132    -0.818    -0.560
    -0.081    -0.752    -0.654
     0.013    -0.706    -0.708
     0.018    -0.764    -0.645
    -0.086    -0.644    -0.761
    -0.011    -0.688    -0.725
     0.050    -0.700    -0.713
    -0.074    -0.680    -0.730
     0.051    -0.678    -0.733
    -0.156    -0.546    -0.823
    -0.012    -0.680    -0.733
    -0.030    -0.752    -0.658
    -0.052    -0.798    -0.601
     0.048    -0.790    -0.612
     0.015    -0.541    -0.841
     0.131    -0.623    -0.772
    -0.041    -0.752    -0.658
     0.085    -0.717    -0.692
     0.180    -0.699    -0.692
     0.021    -0.718    -0.695
    -0.149    -0.676    -0.722
     0.107    -0.604    -0.789
    -0.132    -0.649    -0.749
     0.067    -0.664    -0.745
     0.011    -0.671    -0.741
     0.024    -0.692    -0.722
     0.061    -0.742    -0.668
    -0.081    -0.655    -0.751
    -0.115    -0.797    -0.593
     0.140    -0.617    -0.775
    -0.042    -0.720    -0.693
     0.065    -0.582    -0.810
     0.093    -0.592    -0.801
    -0.012    -0.767    -0.641
     0.160    -0.710    -0.685
     0.076    -0.803    -0.591
     0.051    -0.825    -0.564
     0.130    -0.668    -0.732
     0.094    -0.775    -0.625
     0.164    -0.652    -0.740
     0.161    -0.719    -0.676
     0.040    -0.673    -0.738
     0.095    -0.709    -0.699
    -0.012    -0.677    -0.736
     0.059    -0.678    -0.733
     0.028    -0.709    -0.705
     0.092    -0.685    -0.723
     0.102    -0.641    -0.761
     0.036    -0.586    -0.809
    -0.026    -0.720    -0.693
    -0.075    -0.630    -0.773
     0.164    -0.768    -0.620
    -0.085    -0.720    -0.689
    -0.033    -0.732    -0.680
    -0.049    -0.571    -0.819
     0.050    -0.726    -0.686
    -0.103    -0.648    -0.755
     0.046    -0.610    -0.791
     0.198    -0.729    -0.655
     0.066    -0.657    -0.751
    -0.069    -0.671    -0.738
     0.117    -0.703    -0.702
     0.269    -0.672    -0.690
     0.136    -0.728    -0.671
     0.144    -0.610    -0.779
    -0.076    -0.844    -0.530
     0.046    -0.686    -0.726
     0.061    -0.701    -0.711
     0.024    -0.726    -0.687
     0.037    -0.682    -0.730
