     0.448     0.107    -0.887
     0.466     0.222    -0.857
     0.365     0.164    -0.916
     0.455     0.120    -0.882
     0.357     0.082    -0.930
     0.353     0.276    -0.894
     0.316     0.205    -0.926
     0.503     0.126    -0.855
     0.434     0.077    -0.898
     0.517    -0.081    -0.852
     0.458     0.212    -0.863
     0.306    -0.020    -0.952
     0.418     0.025    -0.908
     0.537     0.175    -0.825
     0.437     0.044    -0.898
     0.354     0.208    -0.912
     0.267     0.166    -0.949
     0.373     0.220    -0.901
     0.442     0.267    -0.856
     0.347     0.129    -0.929
     0.278     0.232    -0.932
     0.379    -0.003    -0.925
     0.486     0.053    -0.872
     0.273     0.120    -0.954
     0.449     0.243    -0.860
     0.379     0.070    -0.923
     0.373     0.089    -0.924
     0.367     0.210    -0.906
     0.356     0.061    -0.933
     0.332     0.165    -0.929
     0.459     0.183    -0.870
     0.292     0.061    -0.954
     0.302     0.113    -0.947
     0.380    -0.015    -0.925
     0.275     0.176    -0.945
     0.431     0.105    -0.896
     0.257     0.194    -0.947
     0.487     0.109    -0.867
     0.372     0.078    -0.925
     0.315     0.182    -0.932
     0.425     0.277    -0.862
     0.367     0.144    -0.919
     0.490     0.023    -0.872
     0.362     0.011    -0.932
     0.303     0.177    -0.936
     0.369     0.155    -0.916
     0.385     0.231    -0.894
     0.227     0.237    -0.944
     0.405     0.271    -0.873
     0.406     0.117    -0.906
     0.405     0.023    -0.914
     0.464     0.035    -0.885
     0.385     0.098    -0.918
     0.486     0.042    -0.873
     0.344     0.078    -0.936
     0.350     0.099    -0.932
     0.422    -0.004    -0.907
     0.587     0.237    -0.774
     0.419     0.244    -0.874
     0.269     0.098    -0.958
     0.370     0.247    -0.895
     0.224     0.148    -0.963
     0.363     0.229    -0.903
     0.304     0.007    -0.953
     0.317     0.193    -0.928
     0.304     0.128    -0.944
     0.366     0.120    -0.923
     0.379     0.069    -0.923
     0.331     0.127    -0.935
     0.464     0.199    -0.863
     0.388     0.173    -0.905
     0.312     0.237    -0.920
     0.485     0.303    -0.820
     0.458     0.156    -0.875
     0.330     0.122    -0.936
     0.344     0.233    -0.910
     0.484     0.039    -0.874
     0.330     0.015    -0.944
     0.417     0.150    -0.897
     0.447     0.145    -0.883
     0.419     0.213    -0.882
     0.475     0.119    -0.872
     0.374     0.272    -0.887
     0.279     0.174    -0.944
     0.307     0.036    -0.951
     0.351     0.230    -0.907
     0.281     0.035    -0.959
     0.371     0.252    -0.894
     0.273     0.198    -0.941
     0.334     0.157    -0.929
     0.390     0.315    -0.865
     0.467     0.232    -0.853
     0.400     0.133    -0.907
     0.299     0.042    -0.953
     0.215     0.174    -0.961
     0.411     0.029    -0.911
     0.285     0.123    -0.951
     0.405     0.010    -0.914
     0.416     0.006    -0.909
     0.425     0.116    -0.898
     0.440     0.190    -0.878
     0.365     0.103    -0.925
     0.397     0.263    -0.880
     0.473    -0.000    -0.881
     0.291     0.097    -0.952
     0.443     0.127    -0.888
     0.274     0.212    -0.938
     0.352     0.413    -0.840
     0.389     0.204    -0.898
     0.312     0.009    -0.950
     0.466     0.046    -0.884
     0.368     0.062    -0.928
     0.322     0.125    -0.938
     0.309     0.132    -0.942
     0.444     0.150    -0.883
     0.452     0.174    -0.875
     0.414     0.138    -0.900
     0.401     0.260    -0.878
     0.431     0.133    -0.893
     0.407     0.358    -0.840
     0.367     0.047    -0.929
     0.376     0.104    -0.921
     0.381     0.129    -0.916
     0.435    -0.026    -0.900
     0.453     0.267    -0.851
     0.459     0.101    -0.883
     0.387     0.338    -0.858
     0.399     0.030    -0.917
     0.270     0.190    -0.944
     0.342     0.164    -0.925
     0.463     0.163    -0.872
     0.470     0.115    -0.875
     0.205     0.054    -0.977
     0.364     0.117    -0.924
     0.314     0.088    -0.945
     0.261     0.200    -0.944
     0.351     0.183    -0.918
     0.390     0.126    -0.912
     0.238     0.252    -0.938
     0.405     0.233    -0.884
     0.330     0.220    -0.918
     0.410     0.129    -0.903
     0.458     0.203    -0.866
     0.356     0.026    -0.934
     0.349     0.229    -0.909
     0.378     0.153    -0.913
     0.451     0.124    -0.884
     0.389     0.077    -0.918
     0.440     0.059    -0.896
     0.331     0.171    -0.928
     0.315     0.126    -0.941
     0.506     0.202    -0.839
     0.322     0.284    -0.903
     0.395     0.280    -0.875
     0.372     0.018    -0.928
     0.333     0.086    -0.939
     0.576     0.028    -0.817
     0.477     0.138    -0.868
     0.218     0.037    -0.975
     0.489     0.083    -0.868
     0.452     0.273    -0.849
     0.346     0.107    -0.932
     0.409     0.132    -0.903
     0.449     0.142    -0.882
     0.508     0.168    -0.845
     0.323     0.105    -0.941
     0.327     0.067    -0.943
     0.423     0.031    -0.906
     0.455    -0.020    -0.890
     0.570     0.128    -0.812
     0.427     0.050    -0.903
     0.483     0.107    -0.869
     0.268     0.142    -0.953
     0.496     0.255    -0.830
     0.602     0.127    -0.788
     0.291     0.332    -0.897
     0.377     0.111    -0.919
     0.294     0.013    -0.956
     0.306     0.077    -0.949
     0.401     0.026    -0.916
     0.293     0.188    -0.938
     0.331     0.123    -0.936
     0.277     0.334    -0.901
     0.352     0.194    -0.916
     0.385     0.115    -0.916
     0.448     0.148    -0.881
     0.360     0.230    -0.904
     0.260     0.019    -0.965
     0.359     0.273    -0.893
     0.407     0.261    -0.875
     0.423     0.177    -0.889
     0.408     0.046    -0.912
     0.420     0.002    -0.907
     0.402     0.061    -0.914
     0.329     0.176    -0.928
     0.328     0.213    -0.920
     0.405     0.281    -0.870
     0.381     0.297    -0.876
     0.313     0.090    -0.946
     0.481     0.156    -0.863
     0.377     0.198    -0.905
     0.465     0.328    -0.822
     0.318     0.210    -0.925
     0.355     0.008    -0.935
     0.460     0.053    -0.886
     0.358     0.300    -0.884
     0.435    -0.044    -0.900
     0.503     0.298    -0.811
     0.429     0.045    -0.902
     0.328     0.291    -0.899
     0.402     0.094    -0.911
     0.291     0.195    -0.936
     0.538     0.029    -0.842
     0.475     0.069    -0.877
     0.323     0.087    -0.942
     0.477     0.264    -0.838
     0.313     0.275    -0.909
     0.405     0.079    -0.911
     0.279     0.181    -0.943
     0.365     0.055    -0.929
     0.392     0.078    -0.917
     0.286    -0.002    -0.958
     0.326     0.213    -0.921
     0.262     0.169    -0.950
     0.421     0.146    -0.895
     0.394     0.006    -0.919
     0.412    -0.004    -0.911
     0.401     0.170    -0.900
     0.428     0.245    -0.870
     0.156     0.103    -0.982
     0.307     0.247    -0.919
     0.493     0.137    -0.859
     0.337     0.245    -0.909
     0.370     0.004    -0.929
     0.303     0.047    -0.952
     0.324     0.179    -0.929
     0.385     0.068    -0.921
     0.352     0.357    -0.865
     0.467     0.387    -0.795
     0.304     0.054    -0.951
     0.413     0.102    -0.905
     0.336     0.185    -0.924
     0.466     0.068    -0.882
     0.333     0.061    -0.941
     0.593     0.123    -0.796
     0.398     0.169    -0.902
     0.415     0.197    -0.888
     0.364     0.168    -0.916
     0.347     0.218    -0.912
     0.187    -0.008    -0.982
     0.486    -0.001    -0.874
     0.300    -0.032    -0.953
     0.303     0.192    -0.933
     0.536     0.165    -0.828
     0.484     0.140    -0.864
     0.438     0.232    -0.868
     0.291     0.251    -0.923
     0.422     0.047    -0.905
     0.343     0.151    -0.927
     0.351     0.069    -0.934
     0.464     0.116    -0.878
     0.465     0.254    -0.848
     0.374     0.152    -0.915
     0.471     0.117    -0.874
     0.495     0.092    -0.864
     0.479     0.143    -0.866
     0.498     0.067    -0.864
     0.375     0.023    -0.927
     0.446     0.119    -0.887
     0.364     0.267    -0.892
     0.385    -0.038    -0.922
     0.430     0.202    -0.880
     0.386     0.145    -0.911
     0.341    -0.027    -0.940
     0.387     0.002    -0.922
     0.335     0.103    -0.937
     0.284     0.094    -0.954
     0.433     0.250    -0.866
     0.248     0.051    -0.968
     0.412     0.141    -0.900
     0.470     0.164    -0.867
     0.293    -0.035    -0.955
     0.538     0.184    -0.822
     0.345     0.084    -0.935
     0.206     0.153    -0.966
     0.332     0.291    -0.897
     0.372     0.097    -0.923
     0.360     0.065    -0.931
     0.380    -0.055    -0.923
     0.430     0.193    -0.882
     0.455     0.185    -0.871
     0.274     0.115    -0.955
     0.423     0.031    -0.905
     0.496     0.099    -0.863
     0.408     0.207    -0.889
     0.371     0.314    -0.874
     0.365     0.182    -0.913
     0.240     0.094    -0.966
     0.352     0.081    -0.932
     0.384     0.104    -0.917
     0.368     0.150    -0.918
     0.351    -0.056    -0.935
     0.393     0.129    -0.910
     0.320     0.158    -0.934
     0.448     0.206    -0.870
     0.315     0.213    -0.925
     0.370     0.102    -0.923
     0.415     0.293    -0.861
     0.465     0.117    -0.877
     0.398     0.167    -0.902
     0.362     0.145    -0.921
     0.386     0.057    -0.921
     0.359     0.005    -0.933
     0.337     0.133    -0.932
     0.414     0.074    -0.907
     0.416     0.099    -0.904
     0.354     0.112    -0.929
     0.358     0.047    -0.932
     0.362     0.211    -0.908
     0.380     0.166    -0.910
     0.447     0.182    -0.876
     0.495     0.127    -0.860
     0.497     0.077    -0.865
     0.356     0.123    -0.926
     0.346    -0.010    -0.938
     0.291     0.227    -0.929
     0.361     0.129    -0.924
     0.383     0.155    -0.911
     0.391     0.086    -0.916
     0.518     0.107    -0.849
     0.307     0.191    -0.932
     0.466     0.243    -0.851
     0.354    -0.054    -0.934
     0.400    -0.006    -0.916
     0.289     0.315    -0.904
     0.444    -0.077    -0.893
     0.452     0.172    -0.875
     0.263     0.120    -0.957
     0.298     0.308    -0.904
     0.400     0.396    -0.826
     0.431     0.325    -0.842
     0.291     0.118    -0.949
     0.490     0.196    -0.849
     0.293     0.252    -0.922
     0.516     0.153    -0.842
     0.382     0.076    -0.921
     0.314     0.148    -0.938
     0.424    -0.009    -0.906
     0.425     0.148    -0.893
     0.307     0.100    -0.947
     0.450     0.116    -0.885
     0.432     0.187    -0.882
     0.196     0.156    -0.968
     0.315     0.224    -0.922
     0.494     0.206    -0.844
     0.427     0.229    -0.874
     0.339     0.125    -0.933
     0.301     0.223    -0.927
     0.469     0.071    -0.880
     0.420     0.015    -0.907
     0.252     0.227    -0.941
     0.360     0.053    -0.931
     0.366    -0.018    -0.930
     0.311     0.172    -0.935
     0.298     0.234    -0.925
     0.205     0.183    -0.961
     0.377     0.078    -0.923
     0.354     0.044    -0.934
     0.357     0.121    -0.926
     0.256     0.311    -0.915
     0.493     0.124    -0.861
     0.363     0.230    -0.903
     0.312     0.098    -0.945
     0.279     0.149    -0.949
     0.392     0.053    -0.919
     0.384     0.084    -0.920
     0.407     0.162    -0.899
     0.328     0.186    -0.926
     0.386     0.287    -0.876
     0.518     0.101    -0.850
     0.421     0.236    -0.876
     0.373     0.217    -0.902
     0.288     0.264    -0.921
     0.228     0.202    -0.952
     0.284     0.273    -0.919
     0.505     0.086    -0.859
     0.358     0.085    -0.930
     0.400     0.183    -0.898
     0.390     0.186    -0.902
     0.491     0.170    -0.854
     0.310     0.310    -0.899
     0.262     0.145    -0.954
     0.314     0.122    -0.941
     0.304     0.012    -0.953
     0.495     0.194    -0.847
     0.380     0.033    -0.925
     0.352     0.175    -0.919
     0.203     0.137    -0.970
     0.338     0.256    -0.906
     0.541     0.147    -0.828
     0.478     0.191    -0.857
     0.291     0.284    -0.914
     0.270     0.122    -0.955
     0.349     0.228    -0.909
     0.280     0.079    -0.957
     0.439     0.177    -0.881
     0.240     0.165    -0.957
     0.349     0.046    -0.936
     0.470    -0.037    -0.882
     0.428     0.184    -0.885
     0.348     0.293    -0.890
     0.246     0.142    -0.959
     0.410     0.248    -0.878
     0.378    -0.052    -0.924
     0.364     0.229    -0.903
     0.268     0.121    -0.956
     0.450     0.157    -0.879
     0.250     0.190    -0.949
     0.391     0.039    -0.919
     0.335     0.023    -0.942
     0.331     0.156    -0.931
     0.272     0.094    -0.958
     0.346    -0.023    -0.938
     0.378     0.185    -0.907
     0.462     0.085    -0.883
     0.399     0.062    -0.915
     0.364     0.115    -0.924
     0.404     0.188    -0.895
     0.286     0.051    -0.957
     0.325    -0.013    -0.946
     0.528     0.159    -0.834
     0.359     0.115    -0.926
     0.192     0.258    -0.947
     0.578     0.105    -0.809
     0.405     0.164    -0.900
     0.442     0.039    -0.896
     0.402     0.033    -0.915
     0.441     0.089    -0.893
     0.466     0.119    -0.877
     0.372     0.167    -0.913
     0.513     0.064    -0.856
     0.384     0.144    -0.912
     0.372     0.046    -0.927
     0.361     0.041    -0.932
     0.429     0.091    -0.899
     0.327     0.113    -0.938
     0.518     0.067    -0.853
     0.379     0.169    -0.910
     0.332     0.118    -0.936
     0.420     0.093    -0.903
     0.364     0.258    -0.895
     0.330     0.042    -0.943
     0.212     0.253    -0.944
     0.445     0.062    -0.893
     0.450     0.160    -0.879
     0.358     0.119    -0.926
     0.289    -0.006    -0.957
     0.490    -0.014    -0.872
     0.446     0.105    -0.889
     0.475     0.155    -0.866
     0.363     0.272    -0.891
     0.482     0.147    -0.864
     0.419     0.161    -0.894
     0.433     0.097    -0.896
     0.485     0.093    -0.869
     0.354     0.020    -0.935
     0.391     0.096    -0.915
     0.338     0.101    -0.936
     0.390     0.169    -0.905
     0.445     0.080    -0.892
     0.441     0.136    -0.887
     0.327     0.090    -0.941
     0.418     0.031    -0.908
     0.341     0.207    -0.917
     0.319     0.242    -0.916
     0.427     0.078    -0.901
     0.347     0.239    -0.907
     0.456     0.261    -0.851
     0.318     0.133    -0.939
     0.218     0.262    -0.940
     0.444     0.192    -0.875
     0.633     0.142    -0.761
     0.430    -0.008    -0.903
     0.318     0.218    -0.923
     0.223     0.259    -0.940
     0.366     0.098    -0.925
     0.453     0.159    -0.877
     0.353     0.176    -0.919
     0.510     0.185    -0.840
     0.481     0.061    -0.875
     0.322     0.166    -0.932
     0.310     0.239    -0.920
     0.499     0.086    -0.862
     0.302     0.139    -0.943
     0.451     0.087    -0.888
     0.380     0.297    -0.876
     0.277     0.301    -0.912
     0.396     0.189    -0.898
     0.394     0.161    -0.905
     0.293     0.134    -0.947
     0.431     0.229    -0.873
     0.372     0.167    -0.913
     0.397     0.096    -0.913
     0.292     0.213    -0.932
     0.416    -0.003    -0.909
     0.341     0.116    -0.933
     0.358     0.172    -0.918
     0.313     0.288    -0.905
     0.401     0.079    -0.913
     0.486     0.223    -0.845
     0.484     0.182    -0.856
     0.450     0.149    -0.881
     0.456     0.114    -0.883
     0.424     0.106    -0.899
     0.401     0.163    -0.902
     0.443     0.180    -0.878
     0.440     0.101    -0.892
     0.449     0.090    -0.889
     0.278     0.147    -0.949
     0.422     0.091    -0.902
     0.435     0.116    -0.893
     0.428     0.072    -0.901
     0.368     0.085    -0.926
     0.415     0.131    -0.900
     0.352     0.216    -0.911
     0.173     0.171    -0.970
     0.394     0.067    -0.917
     0.443     0.203    -0.873
     0.479     0.202    -0.854
     0.428     0.321    -0.844
     0.390     0.087    -0.917
     0.440     0.117    -0.890
     0.478     0.187    -0.858
     0.328     0.010    -0.945
     0.295     0.155    -0.943
     0.423     0.221    -0.879
     0.371     0.213    -0.904
     0.550     0.198    -0.812
     0.219     0.129    -0.967
     0.411    -0.056    -0.910
     0.268     0.213    -0.939
     0.346     0.124    -0.930
     0.414     0.157    -0.897
     0.402     0.253    -0.880
     0.421     0.146    -0.895
     0.407     0.062    -0.911
     0.500     0.187    -0.846
     0.412     0.015    -0.911
     0.407     0.126    -0.905
     0.461     0.159    -0.873
     0.358     0.205    -0.911
     0.415     0.171    -0.893
     0.301     0.094    -0.949
     0.418     0.119    -0.900
     0.158     0.083    -0.984
     0.380     0.255    -0.889
     0.360     0.309    -0.880
     0.259     0.172    -0.951
     0.420     0.078    -0.904
     0.470     0.057    -0.881
     0.251     0.189    -0.949
     0.493     0.127    -0.860
     0.382     0.048    -0.923
     0.508     0.124    -0.852
     0.293     0.098    -0.951
     0.253     0.292    -0.923
     0.266     0.058    -0.962
     0.428     0.059    -0.902
     0.417     0.143    -0.898
     0.288     0.076    -0.955
     0.393     0.040    -0.919
     0.469     0.019    -0.883
     0.565     0.113    -0.817
     0.380     0.079    -0.922
     0.312     0.258    -0.914
     0.484     0.146    -0.863
     0.291     0.055    -0.955
     0.271    -0.004    -0.962
     0.434     0.180    -0.883
     0.339     0.236    -0.911
     0.494     0.130    -0.860
     0.475     0.063    -0.878
     0.294     0.127    -0.947
     0.483     0.198    -0.853
     0.414     0.046    -0.909
     0.285     0.183    -0.941
     0.442     0.059    -0.895
     0.434     0.106    -0.895
     0.513     0.086    -0.854
     0.487     0.125    -0.864
     0.342     0.117    -0.932
     0.232     0.241    -0.942
     0.371     0.168    -0.913
     0.509    -0.031    -0.860
     0.464     0.141    -0.875
     0.357     0.149    -0.922
     0.423     0.318    -0.849
     0.445     0.106    -0.889
     0.286     0.207    -0.936
     0.250     0.018    -0.968
     0.426     0.142    -0.894
     0.546     0.244    -0.801
     0.332     0.002    -0.943
     0.550     0.173    -0.817
     0.485     0.109    -0.868
     0.375     0.333    -0.865
     0.332     0.214    -0.919
     0.488     0.165    -0.857
     0.492     0.168    -0.854
     0.237     0.159    -0.958
     0.202     0.244    -0.948
     0.258     0.247    -0.934
     0.323     0.059    -0.945
     0.371     0.082    -0.925
     0.279    -0.036    -0.960
     0.342     0.110    -0.933
     0.354     0.031    -0.935
     0.464     0.053    -0.884
     0.454     0.140    -0.880
     0.297     0.273    -0.915
     0.362     0.313    -0.878
     0.437     0.047    -0.898
     0.305     0.083    -0.949
     0.307     0.015    -0.952
     0.462     0.207    -0.862
     0.408     0.142    -0.902
     0.311     0.188    -0.932
     0.316     0.143    -0.938
     0.557     0.219    -0.801
     0.357     0.155    -0.921
     0.447     0.029    -0.894
     0.370    -0.058    -0.927
     0.472     0.154    -0.868
     0.386     0.244    -0.890
     0.501    -0.031    -0.865
     0.332     0.226    -0.916
     0.378     0.138    -0.915
     0.416     0.153    -0.896
     0.385     0.143    -0.912
     0.485     0.197    -0.852
     0.411     0.223    -0.884
     0.132     0.401    -0.906
     0.454     0.056    -0.889
     0.524     0.136    -0.841
     0.261     0.246    -0.934
     0.462     0.133    -0.877
     0.401     0.096    -0.911
     0.481     0.203    -0.853
     0.328     0.014    -0.945
     0.406     0.200    -0.892
     0.377     0.232    -0.897
     0.476     0.125    -0.871
     0.503     0.178    -0.846
     0.396     0.350    -0.849
     0.440     0.192    -0.877
     0.378     0.200    -0.904
     0.394     0.077    -0.916
     0.369     0.248    -0.896
     0.444     0.046    -0.895
     0.429     0.104    -0.897
     0.429     0.152    -0.890
     0.428    -0.012    -0.904
     0.515     0.089    -0.853
     0.528     0.132    -0.839
     0.295     0.101    -0.950
     0.353     0.144    -0.924
     0.501     0.198    -0.842
     0.462     0.108    -0.880
     0.399     0.126    -0.908
     0.415     0.119    -0.902
     0.468    -0.025    -0.884
     0.370     0.115    -0.922
     0.440     0.220    -0.870
     0.243     0.093    -0.966
     0.213     0.114    -0.970
     0.319     0.111    -0.941
     0.341     0.055    -0.939
     0.390     0.072    -0.918
     0.301     0.092    -0.949
     0.280     0.086    -0.956
     0.385     0.160    -0.909
     0.315     0.345    -0.884
     0.430     0.086    -0.899
     0.408     0.095    -0.908
     0.394     0.015    -0.919
     0.497     0.163    -0.853
     0.397     0.239    -0.886
     0.280     0.134    -0.951
     0.448     0.104    -0.888
     0.333    -0.074    -0.940
     0.429     0.068    -0.901
     0.357     0.181    -0.916
     0.468     0.113    -0.876
     0.102     0.240    -0.965
     0.417     0.226    -0.881
     0.563     0.140    -0.815
     0.319     0.186    -0.929
     0.415     0.189    -0.890
     0.426     0.102    -0.899
     0.300     0.300    -0.905
     0.486     0.161    -0.859
     0.330     0.116    -0.937
     0.353     0.177    -0.918
     0.590     0.105    -0.801
     0.336     0.153    -0.930
     0.481     0.192    -0.855
     0.371     0.196    -0.908
     0.434     0.199    -0.879
     0.424     0.103    -0.900
     0.452     0.209    -0.867
     0.578     0.046    -0.815
     0.403     0.125    -0.907
     0.400     0.073    -0.914
     0.570     0.075    -0.818
     0.315     0.225    -0.922
     0.355     0.099    -0.930
     0.457     0.129    -0.880
     0.423     0.139    -0.895
     0.338     0.102    -0.936
     0.553     0.119    -0.825
     0.584     0.151    -0.797
     0.326    -0.080    -0.942
     0.421     0.088    -0.903
     0.498     0.051    -0.866
     0.401     0.015    -0.916
     0.506     0.277    -0.817
     0.274     0.143    -0.951
     0.240     0.261    -0.935
     0.349     0.174    -0.921
     0.381     0.205    -0.902
     0.504     0.110    -0.857
     0.238     0.149    -0.960
     0.240     0.221    -0.945
     0.339     0.070    -0.938
     0.466    -0.043    -0.884
     0.296     0.193    -0.936
     0.514     0.169    -0.841
     0.374     0.141    -0.917
     0.331     0.284    -0.900
     0.452     0.110    -0.885
     0.388    -0.092    -0.917
     0.534     0.277    -0.799
     0.349     0.166    -0.922
     0.442     0.067    -0.895
     0.429     0.264    -0.864
     0.400     0.130    -0.907
     0.372     0.162    -0.914
     0.324     0.164    -0.932
     0.405     0.268    -0.874
     0.528     0.318    -0.787
     0.557     0.209    -0.804
     0.404     0.233    -0.885
     0.628     0.155    -0.762
     0.336     0.248    -0.908
     0.336     0.169    -0.926
     0.384     0.089    -0.919
     0.374     0.111    -0.921
     0.399    -0.008    -0.917
     0.297    -0.074    -0.952
     0.406     0.242    -0.881
     0.508     0.204    -0.837
     0.160     0.374    -0.914
     0.425     0.069    -0.902
     0.261     0.105    -0.960
     0.383     0.348    -0.856
     0.288     0.192    -0.938
     0.339     0.116    -0.934
     0.385     0.028    -0.922
     0.349     0.048    -0.936
     0.382     0.355    -0.853
     0.234    -0.099    -0.967
     0.262     0.023    -0.965
     0.420     0.188    -0.888
     0.383     0.069    -0.921
     0.316     0.265    -0.911
     0.534     0.179    -0.826
     0.333     0.188    -0.924
     0.419     0.205    -0.885
     0.352     0.123    -0.928
     0.299     0.065    -0.952
     0.372     0.001    -0.928
     0.200     0.207    -0.958
     0.442     0.142    -0.886
     0.395     0.175    -0.902
     0.294     0.079    -0.952
     0.438     0.199    -0.877
     0.395     0.091    -0.914
     0.484     0.060    -0.873
     0.236     0.182    -0.954
     0.471     0.194    -0.861
     0.496     0.065    -0.866
     0.371     0.135    -0.919
     0.431     0.098    -0.897
     0.462     0.043    -0.886
     0.396     0.057    -0.917
     0.323     0.096    -0.942
     0.433     0.063    -0.899
     0.515     0.273    -0.813
     0.260     0.084    -0.962
     0.434     0.094    -0.896
     0.405     0.158    -0.900
     0.367    -0.055    -0.929
     0.501     0.225    -0.836
     0.442     0.226    -0.868
     0.316     0.083    -0.945
     0.372     0.095    -0.923
     0.371     0.050    -0.927
     0.410     0.175    -0.895
     0.375     0.242    -0.895
     0.245     0.273    -0.930
     0.468    -0.045    -0.883
     0.486    -0.008    -0.874
     0.325     0.234    -0.916
     0.484    -0.011    -0.875
     0.297     0.013    -0.955
     0.292     0.217    -0.932
     0.491     0.200    -0.848
     0.405     0.140    -0.903
     0.415     0.158    -0.896
     0.414     0.152    -0.898
     0.386     0.019    -0.922
     0.272     0.103    -0.957
     0.354     0.215    -0.910
     0.297     0.216    -0.930
     0.474     0.172    -0.863
     0.503     0.090    -0.860
     0.507     0.208    -0.836
     0.480     0.040    -0.877
     0.443     0.186    -0.877
     0.334     0.031    -0.942
     0.422     0.013    -0.906
     0.524    -0.034    -0.851
     0.246     0.114    -0.963
     0.271     0.237    -0.933
     0.312     0.215    -0.925
     0.347     0.069    -0.935
     0.376     0.134    -0.917
     0.422     0.118    -0.899
     0.382     0.291    -0.877
     0.407     0.081    -0.910
     0.339     0.169    -0.925
     0.269     0.123    -0.955
     0.450     0.076    -0.890
     0.381     0.213    -0.900
     0.215     0.184    -0.959
     0.517     0.212    -0.829
     0.364     0.184    -0.913
     0.227     0.175    -0.958
     0.455     0.262    -0.851
     0.452     0.003    -0.892
     0.344     0.059    -0.937
     0.469     0.136    -0.873
     0.430     0.146    -0.891
     0.241     0.198    -0.950
     0.343     0.119    -0.932
     0.428     0.114    -0.896
     0.301     0.302    -0.905
     0.423     0.066    -0.904
     0.404     0.175    -0.898
     0.158     0.096    -0.983
     0.323     0.228    -0.918
     0.394     0.243    -0.886
     0.473     0.062    -0.879
     0.472     0.056    -0.880
     0.543     0.004    -0.840
     0.489     0.082    -0.868
     0.298     0.122    -0.947
     0.490     0.250    -0.835
     0.423     0.226    -0.878
     0.429     0.224    -0.875
     0.455     0.237    -0.858
     0.582     0.230    -0.780
     0.442     0.073    -0.894
     0.528     0.146    -0.836
     0.304     0.330    -0.894
     0.476     0.146    -0.867
     0.281     0.150    -0.948
     0.372     0.094    -0.924
     0.370     0.209    -0.905
     0.401     0.039    -0.915
     0.365     0.116    -0.924
     0.480     0.196    -0.855
     0.412     0.132    -0.902
     0.425     0.149    -0.893
     0.405     0.154    -0.901
     0.394     0.180    -0.901
     0.359     0.102    -0.928
     0.436     0.161    -0.885
     0.306     0.131    -0.943
     0.540    -0.036    -0.841
     0.515     0.098    -0.852
     0.457    -0.002    -0.889
     0.312     0.151    -0.938
     0.429     0.216    -0.877
     0.277     0.205    -0.939
     0.339     0.299    -0.892
     0.567     0.087    -0.819
     0.323     0.132    -0.937
     0.520     0.054    -0.852
     0.310     0.197    -0.930
     0.522     0.261    -0.812
     0.319     0.063    -0.946
     0.377     0.265    -0.887
     0.291     0.084    -0.953
     0.478     0.220    -0.850
     0.461     0.107    -0.881
     0.302    -0.072    -0.951
     0.465     0.032    -0.885
     0.369     0.119    -0.922
     0.353     0.332    -0.875
     0.328     0.336    -0.883
     0.309     0.193    -0.931
     0.381     0.189    -0.905
     0.231     0.124    -0.965
     0.406     0.105    -0.908
     0.245     0.079    -0.966
     0.504     0.023    -0.863
     0.423     0.143    -0.895
     0.392     0.162    -0.905
     0.382     0.243    -0.892
     0.341     0.180    -0.923
     0.388     0.101    -0.916
     0.303     0.360    -0.882
     0.304     0.091    -0.948
     0.530     0.085    -0.843
     0.343     0.280    -0.896
     0.389     0.091    -0.917
     0.446     0.032    -0.895
     0.562     0.095    -0.822
     0.330     0.120    -0.936
     0.289     0.055    -0.956
     0.395     0.142    -0.908
     0.337     0.073    -0.939
     0.608     0.081    -0.789
     0.520     0.159    -0.839
     0.348     0.133    -0.928
     0.393     0.062    -0.918
     0.414     0.093    -0.905
     0.439     0.338    -0.833
     0.359     0.210    -0.909
     0.370     0.125    -0.921
     0.377     0.035    -0.925
     0.353     0.088    -0.932
     0.363     0.045    -0.931
     0.384     0.245    -0.890
     0.391     0.089    -0.916
     0.347    -0.003    -0.938
     0.338     0.009    -0.941
     0.386     0.204    -0.900
     0.285     0.118    -0.951
     0.398     0.192    -0.897
     0.577     0.175    -0.798
     0.300    -0.012    -0.954
     0.289     0.254    -0.923
     0.284     0.041    -0.958
     0.322     0.235    -0.917
     0.361     0.111    -0.926
     0.556    -0.009    -0.831
     0.437     0.130    -0.890
     0.404     0.240    -0.883
     0.403     0.180    -0.897
     0.237     0.227    -0.945
     0.481     0.247    -0.841
     0.121     0.022    -0.992
     0.441     0.178    -0.880
     0.624     0.116    -0.773
     0.332     0.143    -0.932
     0.253     0.001    -0.967
     0.391     0.167    -0.905
     0.276     0.287    -0.917
     0.521     0.133    -0.843
     0.295     0.212    -0.932
     0.461     0.205    -0.863
     0.397     0.195    -0.897
     0.394     0.378    -0.838
     0.346     0.076    -0.935
     0.387     0.061    -0.920
     0.261    -0.042    -0.964
     0.244     0.133    -0.960
     0.356     0.118    -0.927
     0.332     0.055    -0.942
     0.379     0.240    -0.894
     0.410     0.130    -0.903
     0.294     0.024    -0.956
     0.396     0.170    -0.902
     0.273     0.284    -0.919
     0.426     0.144    -0.893
     0.447     0.245    -0.860
     0.374     0.153    -0.915
     0.327     0.116    -0.938
     0.442     0.224    -0.869
     0.361     0.168    -0.917
     0.274     0.042    -0.961
     0.528     0.250    -0.811
     0.380     0.134    -0.915
     0.486     0.180    -0.855
     0.356     0.113    -0.928
     0.375     0.080    -0.923
     0.302     0.118    -0.946
     0.445     0.159    -0.881
     0.331     0.029    -0.943
     0.369     0.213    -0.905
     0.276     0.140    -0.951
     0.425     0.207    -0.881
     0.454     0.269    -0.849
     0.454     0.035    -0.890
     0.383     0.200    -0.902
     0.350     0.127    -0.928
     0.268     0.060    -0.961
     0.337     0.239    -0.911
     0.376     0.112    -0.920
     0.384     0.067    -0.921
     0.436     0.152    -0.887
     0.429     0.204    -0.880
     0.453     0.207    -0.867
     0.371     0.104    -0.923
     0.508     0.096    -0.856
     0.456    -0.022    -0.890
     0.386     0.056    -0.921
     0.318    -0.026    -0.948
     0.527     0.171    -0.832
     0.307     0.108    -0.945
     0.434     0.169    -0.885
     0.099     0.128    -0.987
     0.477     0.197    -0.857
     0.435     0.268    -0.860
     0.274     0.097    -0.957
     0.280     0.262    -0.924
     0.358     0.041    -0.933
     0.303     0.130    -0.944
     0.505     0.188    -0.843
     0.421     0.126    -0.898
     0.201     0.170    -0.965
     0.434     0.015    -0.901
     0.423     0.160    -0.892
     0.308     0.163    -0.937
     0.381     0.151    -0.912
     0.397    -0.059    -0.916
     0.314     0.162    -0.935
     0.341     0.153    -0.927
     0.304     0.180    -0.935
     0.324     0.054    -0.944
     0.524     0.024    -0.851
     0.543     0.046    -0.839
     0.451     0.057    -0.891
     0.391     0.058    -0.918
     0.534     0.100    -0.839
     0.365     0.257    -0.895
     0.413     0.061    -0.908
     0.605     0.127    -0.786
     0.510     0.055    -0.858
     0.344     0.210    -0.915
     0.409     0.089    -0.908
     0.614     0.213    -0.760
     0.376     0.088    -0.922
     0.433     0.212    -0.876
     0.369     0.141    -0.919
     0.261     0.172    -0.950
     0.430     0.193    -0.882
     0.356     0.205    -0.912
     0.460     0.300    -0.836
     0.360     0.368    -0.857
     0.405     0.153    -0.902
     0.466     0.092    -0.880
     0.529     0.091    -0.843
     0.484     0.254    -0.837
     0.359    -0.010    -0.933
     0.309     0.153    -0.939
     0.462     0.086    -0.883
     0.442     0.208    -0.872
     0.315     0.215    -0.925
     0.433     0.167    -0.886
     0.259     0.212    -0.943
     0.315     0.086    -0.945
     0.370     0.236    -0.899
     0.508     0.035    -0.861
     0.348     0.211    -0.913
     0.412     0.126    -0.902
     0.462     0.150    -0.874
     0.339     0.003    -0.941
     0.515     0.243    -0.822
     0.428     0.268    -0.863
     0.298     0.038    -0.954
     0.347     0.034    -0.937
     0.302     0.120    -0.946
     0.254     0.152    -0.955
     0.241     0.194    -0.951
     0.455     0.203    -0.867
     0.247     0.178    -0.953
     0.403     0.017    -0.915
     0.502     0.110    -0.858
     0.282     0.126    -0.951
     0.417     0.187    -0.889
     0.453     0.177    -0.874
     0.367     0.114    -0.923
     0.263     0.138    -0.955
     0.492     0.081    -0.867
     0.472     0.057    -0.880
     0.364     0.046    -0.930
     0.301     0.182    -0.936
     0.384     0.093    -0.919
     0.232     0.156    -0.960
     0.405     0.110    -0.908
     0.314     0.211    -0.926
     0.359     0.093    -0.929
     0.372     0.159    -0.914
     0.442     0.224    -0.868
     0.373     0.293    -0.880
     0.364     0.087    -0.927
     0.419     0.081    -0.905
     0.337     0.160    -0.928
     0.348     0.188    -0.919
     0.343     0.193    -0.919
     0.382     0.188    -0.905
     0.490     0.321    -0.810
     0.321     0.045    -0.946
     0.525     0.096    -0.846
     0.375     0.152    -0.915
     0.498     0.193    -0.845
     0.274     0.202    -0.940
     0.374     0.261    -0.890
     0.333     0.018    -0.943
     0.458     0.145    -0.877
     0.527     0.191    -0.828
     0.304     0.066    -0.950
     0.317     0.278    -0.907
     0.193     0.068    -0.979
     0.402     0.021    -0.915
     0.356     0.300    -0.885
     0.285     0.319    -0.904
     0.452     0.174    -0.875
     0.290    -0.005    -0.957
     0.200     0.214    -0.956
     0.470     0.316    -0.824
     0.432     0.213    -0.876
     0.302     0.097    -0.948
     0.377     0.063    -0.924
     0.410     0.181    -0.894
     0.270     0.127    -0.954
     0.393     0.095    -0.914
     0.374     0.146    -0.916
     0.153     0.111    -0.982
     0.514     0.252    -0.820
     0.384     0.195    -0.902
     0.355     0.079    -0.932
     0.440     0.220    -0.871
     0.482     0.060    -0.874
     0.479     0.225    -0.848
     0.411     0.198    -0.890
     0.406     0.190    -0.894
     0.401     0.202    -0.894
     0.484     0.208    -0.850
     0.293     0.278    -0.915
     0.437     0.140    -0.889
     0.449     0.001    -0.894
     0.325     0.256    -0.910
     0.405     0.187    -0.895
     0.279     0.052    -0.959
     0.335     0.151    -0.930
     0.522     0.154    -0.839
     0.394     0.120    -0.911
     0.396     0.170    -0.902
     0.342     0.248    -0.906
     0.350     0.187    -0.918
     0.465     0.104    -0.879
     0.427     0.223    -0.876
     0.375     0.118    -0.919
     0.345     0.166    -0.924
     0.501    -0.005    -0.866
     0.411     0.211    -0.887
     0.280     0.118    -0.953
     0.364     0.229    -0.903
     0.357     0.021    -0.934
     0.288     0.261    -0.921
     0.414     0.156    -0.897
     0.349     0.084    -0.933
     0.498     0.037    -0.867
     0.498     0.047    -0.866
     0.352     0.138    -0.926
     0.435     0.149    -0.888
     0.431     0.204    -0.879
     0.425     0.123    -0.897
     0.438     0.010    -0.899
     0.431     0.187    -0.883
     0.462     0.217    -0.860
     0.373     0.081    -0.924
     0.430     0.238    -0.871
     0.349    -0.041    -0.936
     0.408     0.288    -0.867
     0.207     0.284    -0.936
     0.405     0.080    -0.911
     0.194     0.109    -0.975
     0.399     0.253    -0.881
     0.399     0.215    -0.891
     0.501     0.153    -0.852
     0.342     0.133    -0.930
     0.399     0.108    -0.910
     0.358     0.218    -0.908
     0.437     0.227    -0.870
     0.338     0.084    -0.937
     0.431     0.168    -0.887
     0.378     0.201    -0.904
     0.362     0.097    -0.927
     0.212     0.159    -0.964
     0.269     0.232    -0.935
     0.244     0.124    -0.962
     0.388     0.176    -0.905
     0.426     0.335    -0.840
     0.417     0.057    -0.907
     0.319     0.116    -0.940
     0.516     0.152    -0.843
     0.261     0.337    -0.905
     0.481     0.036    -0.876
     0.403     0.028    -0.915
     0.216     0.247    -0.945
     0.352     0.079    -0.933
     0.464     0.169    -0.869
     0.500     0.238    -0.832
     0.380     0.260    -0.888
     0.473     0.087    -0.877
     0.427     0.033    -0.904
     0.419     0.210    -0.883
     0.472    -0.064    -0.879
     0.436     0.086    -0.896
     0.445     0.223    -0.867
     0.408     0.063    -0.911
     0.405     0.112    -0.908
     0.382     0.154    -0.911
     0.473     0.210    -0.856
     0.583     0.258    -0.770
     0.431     0.057    -0.901
     0.309     0.238    -0.921
     0.529     0.137    -0.837
     0.461     0.105    -0.881
     0.350     0.171    -0.921
     0.385     0.286    -0.877
     0.365     0.110    -0.924
     0.331     0.095    -0.939
     0.435     0.201    -0.878
     0.318     0.183    -0.930
     0.392     0.195    -0.899
     0.400     0.099    -0.911
     0.283    -0.059    -0.957
     0.397     0.147    -0.906
     0.270     0.101    -0.958
     0.365     0.112    -0.924
     0.377     0.210    -0.902
     0.251     0.028    -0.967
     0.403     0.086    -0.911
     0.450     0.067    -0.890
     0.388     0.103    -0.916
     0.388     0.130    -0.912
     0.435     0.086    -0.896
     0.416     0.193    -0.889
     0.492     0.281    -0.824
     0.326     0.064    -0.943
     0.432     0.188    -0.882
     0.403     0.061    -0.913
     0.481     0.041    -0.876
     0.510     0.049    -0.859
     0.321     0.175    -0.931
     0.439     0.212    -0.873
     0.462     0.045    -0.886
     0.336     0.257    -0.906
     0.318     0.058    -0.946
     0.403     0.171    -0.899
     0.347     0.088    -0.934
     0.510     0.213    -0.833
     0.313     0.102    -0.944
     0.418     0.099    -0.903
     0.436     0.244    -0.866
     0.315     0.182    -0.931
     0.387     0.198    -0.901
     0.355     0.155    -0.922
     0.374     0.147    -0.916
     0.438     0.097    -0.894
     0.405     0.283    -0.869
     0.538     0.007    -0.843
     0.529     0.303    -0.792
     0.423     0.157    -0.892
     0.376     0.010    -0.927
     0.344     0.151    -0.927
     0.324     0.144    -0.935
     0.407     0.231    -0.884
     0.510     0.299    -0.807
     0.533     0.274    -0.801
     0.432     0.099    -0.896
     0.471     0.106    -0.876
     0.407     0.148    -0.901
     0.337     0.096    -0.937
     0.462     0.173    -0.870
     0.362     0.055    -0.930
     0.427     0.099    -0.899
     0.366     0.040    -0.930
     0.490     0.280    -0.826
     0.485     0.213    -0.848
     0.285     0.252    -0.925
     0.307     0.096    -0.947
     0.252     0.189    -0.949
     0.372     0.272    -0.887
     0.422     0.231    -0.877
     0.394     0.208    -0.895
     0.381     0.366    -0.849
     0.359     0.130    -0.924
     0.435     0.102    -0.895
     0.403     0.161    -0.901
     0.547     0.123    -0.828
     0.273     0.062    -0.960
     0.410    -0.012    -0.912
     0.401     0.195    -0.895
     0.250     0.220    -0.943
     0.427     0.180    -0.886
     0.415     0.267    -0.870
     0.497     0.124    -0.859
     0.435     0.035    -0.900
     0.349     0.117    -0.930
     0.555     0.082    -0.828
     0.271     0.210    -0.939
     0.372     0.175    -0.912
     0.485    -0.008    -0.875
     0.349     0.152    -0.925
     0.210     0.114    -0.971
     0.417     0.212    -0.884
     0.384     0.131    -0.914
     0.390    -0.036    -0.920
     0.417     0.281    -0.864
     0.359     0.139    -0.923
     0.370     0.200    -0.907
     0.308     0.232    -0.923
     0.377     0.086    -0.922
     0.412     0.112    -0.904
     0.338     0.130    -0.932
     0.264     0.201    -0.943
     0.276     0.270    -0.922
     0.381     0.267    -0.885
     0.373     0.179    -0.910
     0.280     0.103    -0.954
     0.251     0.145    -0.957
     0.356     0.261    -0.897
     0.413     0.143    -0.900
     0.263     0.306    -0.915
     0.348     0.127    -0.929
     0.500     0.048    -0.865
     0.501     0.057    -0.863
     0.341     0.154    -0.927
     0.416     0.034    -0.909
     0.390     0.201    -0.899
     0.331     0.146    -0.932
     0.305     0.069    -0.950
     0.400    -0.009    -0.917
     0.271     0.229    -0.935
     0.559     0.000    -0.829
     0.384     0.308    -0.870
     0.456     0.147    -0.878
     0.456     0.076    -0.887
     0.547     0.014    -0.837
     0.358     0.108    -0.928
     0.317     0.175    -0.932
     0.331     0.073    -0.941
     0.430     0.184    -0.884
     0.302     0.375    -0.877
     0.390    -0.025    -0.921
     0.310     0.098    -0.946
     0.348     0.126    -0.929
     0.360     0.156    -0.920
     0.347     0.183    -0.920
     0.365    -0.000    -0.931
     0.427     0.173    -0.888
     0.545     0.151    -0.825
     0.398     0.123    -0.909
     0.237     0.127    -0.963
     0.269     0.159    -0.950
     0.371     0.136    -0.919
     0.533     0.123    -0.837
     0.367     0.125    -0.922
     0.381     0.134    -0.915
     0.284     0.254    -0.925
     0.395     0.075    -0.916
     0.518     0.041    -0.854
     0.334     0.155    -0.930
     0.446     0.121    -0.887
     0.251     0.152    -0.956
     0.282     0.175    -0.943
     0.483     0.123    -0.867
     0.459     0.170    -0.872
     0.358     0.003    -0.934
     0.462     0.072    -0.884
     0.421     0.149    -0.895
     0.321     0.172    -0.931
     0.548     0.024    -0.836
     0.198     0.151    -0.969
     0.388     0.227    -0.893
     0.449     0.266    -0.853
     0.490     0.281    -0.825
     0.260    -0.053    -0.964
     0.387     0.034    -0.922
     0.405     0.033    -0.914
     0.360     0.107    -0.927
     0.408     0.178    -0.895
     0.482     0.158    -0.862
     0.392     0.093    -0.915
     0.452     0.239    -0.859
     0.370     0.249    -0.895
     0.359     0.163    -0.919
     0.289     0.085    -0.954
     0.440     0.161    -0.883
     0.498     0.314    -0.808
     0.381     0.199    -0.903
     0.357     0.090    -0.930
     0.382     0.064    -0.922
     0.356     0.189    -0.915
     0.383     0.224    -0.896
     0.401     0.143    -0.905
     0.331    -0.001    -0.944
     0.407     0.101    -0.908
     0.414     0.017    -0.910
     0.419     0.041    -0.907
     0.243     0.076    -0.967
     0.170     0.184    -0.968
     0.505     0.247    -0.827
     0.240    -0.002    -0.971
     0.359     0.150    -0.921
     0.443     0.019    -0.897
     0.284     0.200    -0.938
     0.310     0.160    -0.937
     0.407     0.157    -0.900
     0.512     0.102    -0.853
     0.380     0.209    -0.901
     0.234     0.039    -0.971
     0.236     0.081    -0.968
     0.459     0.139    -0.878
     0.358     0.197    -0.913
     0.290     0.052    -0.956
     0.414     0.289    -0.863
     0.444     0.358    -0.821
     0.331     0.154    -0.931
     0.456     0.016    -0.890
     0.518     0.053    -0.854
     0.491     0.118    -0.863
     0.329     0.153    -0.932
     0.425     0.067    -0.903
     0.307     0.088    -0.948
     0.345     0.269    -0.899
     0.472     0.246    -0.847
     0.474     0.253    -0.843
     0.316     0.051    -0.947
     0.374     0.157    -0.914
     0.342     0.310    -0.887
     0.434     0.306    -0.847
     0.319     0.193    -0.928
     0.424     0.199    -0.884
     0.252     0.100    -0.963
     0.504     0.260    -0.823
     0.466     0.130    -0.875
     0.527     0.329    -0.783
     0.443     0.077    -0.893
     0.259     0.259    -0.931
     0.451     0.182    -0.874
     0.324     0.048    -0.945
     0.424     0.112    -0.899
     0.376     0.272    -0.886
     0.377     0.233    -0.896
     0.443     0.045    -0.895
     0.473     0.104    -0.875
     0.237     0.277    -0.931
     0.396     0.073    -0.915
     0.304     0.113    -0.946
     0.428     0.094    -0.899
     0.468     0.207    -0.859
     0.494     0.221    -0.841
     0.364     0.100    -0.926
     0.226     0.090    -0.970
     0.407    -0.067    -0.911
     0.483     0.171    -0.859
     0.407     0.211    -0.889
     0.228     0.105    -0.968
     0.426     0.064    -0.902
     0.271     0.205    -0.940
     0.347     0.035    -0.937
     0.451     0.153    -0.879
     0.575     0.200    -0.793
     0.507     0.087    -0.858
     0.295     0.175    -0.939
     0.283     0.058    -0.957
     0.478     0.141    -0.867
     0.457     0.227    -0.860
     0.492     0.142    -0.859
     0.492     0.160    -0.856
     0.321     0.029    -0.946
     0.153     0.103    -0.983
     0.283     0.245    -0.927
     0.271    -0.041    -0.962
     0.401     0.176    -0.899
     0.431     0.358    -0.828
     0.418    -0.013    -0.909
     0.378     0.187    -0.907
     0.284     0.238    -0.929
     0.394     0.094    -0.914
     0.287     0.241    -0.927
     0.378     0.071    -0.923
     0.332     0.181    -0.926
     0.279     0.239    -0.930
     0.440     0.084    -0.894
     0.318     0.129    -0.939
     0.438     0.058    -0.897
     0.362    -0.074    -0.929
     0.351     0.155    -0.924
     0.394     0.067    -0.917
     0.421     0.032    -0.907
     0.488    -0.004    -0.873
     0.297     0.114    -0.948
     0.390     0.117    -0.913
     0.342    -0.018    -0.940
     0.458     0.186    -0.869
     0.413     0.364    -0.835
     0.429     0.004    -0.903
     0.487     0.139    -0.862
     0.365     0.165    -0.916
     0.519     0.076    -0.851
     0.391    -0.021    -0.920
     0.354     0.269    -0.896
     0.344     0.214    -0.914
     0.416     0.257    -0.872
     0.322    -0.113    -0.940
     0.240     0.257    -0.936
     0.469     0.089    -0.879
     0.534     0.174    -0.827
     0.416     0.247    -0.875
     0.270     0.124    -0.955
     0.417     0.185    -0.890
     0.275     0.188    -0.943
     0.341    -0.026    -0.940
     0.313     0.154    -0.937
     0.271    -0.061    -0.961
     0.359     0.210    -0.909
     0.319     0.126    -0.939
     0.393     0.242    -0.887
     0.318     0.009    -0.948
     0.363     0.216    -0.906
     0.402     0.069    -0.913
     0.364     0.256    -0.895
     0.496     0.111    -0.861
     0.374     0.081    -0.924
     0.366     0.159    -0.917
     0.402     0.096    -0.911
     0.354     0.230    -0.907
     0.413     0.099    -0.905
     0.558     0.151    -0.816
     0.338     0.169    -0.926
     0.485     0.180    -0.856
     0.279     0.194    -0.941
     0.343     0.050    -0.938
     0.422     0.028    -0.906
     0.332     0.164    -0.929
     0.608     0.205    -0.767
     0.416     0.169    -0.893
     0.385     0.201    -0.901
     0.614     0.091    -0.784
     0.254     0.041    -0.966
     0.324     0.131    -0.937
     0.383     0.212    -0.899
     0.515     0.103    -0.851
     0.481     0.360    -0.800
     0.382    -0.044    -0.923
     0.483     0.134    -0.865
     0.324     0.020    -0.946
     0.385     0.061    -0.921
     0.334     0.167    -0.928
     0.475     0.140    -0.869
     0.524     0.105    -0.845
     0.198     0.236    -0.951
     0.329    -0.120    -0.936
     0.280     0.122    -0.952
     0.496     0.117    -0.860
     0.377     0.149    -0.914
     0.440     0.067    -0.895
     0.335     0.044    -0.941
     0.495     0.208    -0.844
     0.469     0.245    -0.849
     0.404    -0.005    -0.915
     0.408     0.135    -0.903
     0.449     0.091    -0.889
     0.474     0.210    -0.855
     0.339     0.108    -0.935
     0.385     0.138    -0.913
     0.297     0.141    -0.945
     0.547     0.119    -0.828
     0.428     0.134    -0.894
     0.388     0.230    -0.893
     0.545     0.106    -0.832
     0.419     0.031    -0.907
     0.302     0.032    -0.953
     0.465     0.130    -0.876
     0.310     0.050    -0.949
     0.401     0.129    -0.907
     0.333     0.098    -0.938
     0.451     0.266    -0.852
     0.460     0.091    -0.883
     0.412     0.184    -0.892
     0.373     0.052    -0.926
     0.297     0.217    -0.930
     0.429     0.141    -0.892
     0.399     0.068    -0.914
     0.398     0.321    -0.859
     0.327     0.325    -0.887
     0.427     0.137    -0.894
     0.209     0.317    -0.925
     0.465     0.063    -0.883
     0.369     0.075    -0.926
     0.427     0.056    -0.903
     0.386     0.241    -0.891
     0.408     0.064    -0.911
     0.385     0.215    -0.898
     0.497     0.150    -0.855
     0.319     0.121    -0.940
     0.272     0.172    -0.947
     0.338     0.300    -0.892
     0.344     0.071    -0.936
     0.455    -0.074    -0.888
     0.259     0.220    -0.941
     0.150     0.263    -0.953
     0.318     0.129    -0.939
     0.289     0.233    -0.929
     0.318     0.143    -0.937
     0.361     0.370    -0.856
     0.445     0.138    -0.885
     0.462     0.176    -0.869
     0.378     0.274    -0.884
     0.419     0.084    -0.904
     0.432     0.164    -0.887
     0.349     0.198    -0.916
     0.336     0.064    -0.940
     0.324     0.229    -0.918
     0.441     0.151    -0.885
     0.364     0.137    -0.921
     0.324     0.097    -0.941
     0.426     0.297    -0.855
     0.396     0.143    -0.907
     0.449     0.057    -0.892
     0.480     0.135    -0.867
     0.391     0.149    -0.908
     0.552     0.081    -0.830
     0.424     0.180    -0.888
     0.426     0.127    -0.896
     0.458    -0.024    -0.889
     0.302    -0.045    -0.952
     0.415     0.123    -0.902
     0.423     0.187    -0.887
     0.436     0.124    -0.891
     0.392     0.104    -0.914
     0.467     0.122    -0.876
     0.391     0.073    -0.918
     0.399     0.107    -0.911
     0.492     0.215    -0.844
     0.378     0.027    -0.925
     0.559     0.290    -0.777
     0.235     0.213    -0.948
     0.207     0.026    -0.978
     0.319     0.078    -0.945
     0.448     0.064    -0.892
     0.453     0.098    -0.886
     0.470     0.098    -0.877
     0.422     0.274    -0.865
     0.173     0.232    -0.957
     0.368     0.123    -0.922
     0.424     0.131    -0.896
     0.456     0.068    -0.887
     0.484     0.196    -0.853
     0.469     0.058    -0.881
     0.375     0.110    -0.921
     0.312     0.074    -0.947
     0.491     0.062    -0.869
     0.462     0.318    -0.828
     0.465     0.103    -0.879
     0.295     0.236    -0.926
     0.266     0.097    -0.959
     0.367     0.088    -0.926
     0.308     0.161    -0.938
     0.504     0.046    -0.863
     0.276     0.252    -0.927
     0.311     0.178    -0.934
     0.336     0.177    -0.925
     0.341     0.175    -0.924
     0.349     0.218    -0.912
     0.441     0.138    -0.887
     0.388     0.321    -0.864
     0.463     0.201    -0.863
     0.412     0.136    -0.901
     0.439     0.129    -0.889
     0.256     0.235    -0.938
     0.445     0.163    -0.881
     0.544     0.111    -0.832
     0.412     0.013    -0.911
     0.461     0.116    -0.880
     0.344     0.033    -0.938
     0.330     0.133    -0.935
     0.398     0.140    -0.907
     0.400    -0.027    -0.916
     0.391     0.061    -0.918
     0.594     0.196    -0.780
     0.281     0.206    -0.937
     0.374     0.087    -0.923
     0.399     0.047    -0.916
     0.455     0.226    -0.862
     0.499     0.094    -0.861
     0.306     0.182    -0.935
     0.476    -0.033    -0.879
     0.446     0.178    -0.877
     0.420     0.236    -0.876
     0.251    -0.015    -0.968
     0.362    -0.010    -0.932
     0.378     0.163    -0.911
     0.284     0.206    -0.936
     0.152     0.153    -0.976
     0.361     0.139    -0.922
     0.383     0.233    -0.894
     0.463     0.272    -0.843
     0.419    -0.033    -0.908
     0.536     0.108    -0.837
     0.535     0.136    -0.834
     0.431    -0.022    -0.902
     0.375     0.218    -0.901
     0.427     0.235    -0.873
     0.333     0.109    -0.937
     0.390     0.069    -0.918
     0.356     0.121    -0.927
     0.363     0.060    -0.930
     0.243     0.101    -0.965
     0.229     0.426    -0.875
     0.238     0.013    -0.971
     0.498     0.056    -0.865
     0.501     0.213    -0.839
     0.493     0.314    -0.811
     0.316     0.274    -0.908
     0.401     0.151    -0.904
     0.342     0.181    -0.922
     0.504     0.229    -0.833
     0.467     0.060    -0.882
     0.354     0.181    -0.917
     0.465     0.129    -0.876
     0.397     0.139    -0.907
     0.469     0.088    -0.879
     0.425     0.024    -0.905
     0.434     0.203    -0.878
     0.396     0.126    -0.909
     0.353     0.264    -0.898
     0.499     0.096    -0.861
     0.429     0.192    -0.883
     0.151     0.000    -0.989
     0.318     0.106    -0.942
     0.460     0.224    -0.859
     0.541     0.091    -0.836
     0.430     0.126    -0.894
     0.465     0.015    -0.885
     0.353     0.092    -0.931
     0.407    -0.005    -0.914
     0.379     0.028    -0.925
     0.343     0.033    -0.939
     0.300     0.150    -0.942
     0.517     0.128    -0.846
     0.438     0.105    -0.893
     0.348     0.176    -0.921
     0.524     0.130    -0.842
     0.358     0.228    -0.906
     0.340     0.229    -0.912
     0.287     0.036    -0.957
     0.427     0.208    -0.880
     0.480     0.153    -0.864
     0.391     0.127    -0.912
     0.411    -0.013    -0.911
     0.455     0.156    -0.877
     0.318     0.203    -0.926
     0.277     0.084    -0.957
     0.254    -0.037    -0.966
     0.401     0.350    -0.846
     0.365     0.033    -0.931
     0.388     0.162    -0.908
     0.235     0.368    -0.900
     0.434     0.127    -0.892
     0.434     0.233    -0.870
     0.420     0.091    -0.903
     0.490     0.207    -0.847
     0.345    -0.046    -0.938
     0.380     0.142    -0.914
     0.350     0.216    -0.912
     0.396     0.184    -0.900
     0.435     0.184    -0.882
     0.290     0.159    -0.944
     0.496     0.142    -0.857
     0.398     0.145    -0.906
     0.425     0.163    -0.890
     0.361     0.006    -0.932
     0.395     0.204    -0.896
     0.565     0.046    -0.824
     0.423     0.145    -0.894
     0.497    -0.127    -0.858
     0.397     0.288    -0.871
     0.414     0.293    -0.862
     0.276     0.267    -0.923
     0.393     0.023    -0.919
     0.387     0.256    -0.886
     0.251     0.254    -0.934
     0.444     0.103    -0.890
     0.277     0.239    -0.931
     0.316     0.289    -0.904
     0.309     0.141    -0.940
     0.332     0.097    -0.938
     0.421     0.161    -0.893
     0.282     0.056    -0.958
     0.262     0.296    -0.918
     0.288     0.165    -0.943
     0.407     0.110    -0.907
     0.285     0.194    -0.939
     0.577     0.096    -0.811
     0.501     0.185    -0.845
     0.438     0.024    -0.899
     0.442     0.151    -0.884
     0.427     0.139    -0.893
     0.245     0.233    -0.941
     0.401     0.209    -0.892
     0.423     0.254    -0.870
     0.274     0.163    -0.948
     0.370     0.273    -0.888
     0.476     0.109    -0.873
     0.511     0.065    -0.857
     0.418     0.086    -0.904
     0.421     0.073    -0.904
     0.290     0.195    -0.937
     0.432     0.156    -0.888
     0.336     0.190    -0.923
     0.377     0.143    -0.915
     0.393     0.100    -0.914
     0.389     0.050    -0.920
     0.420     0.010    -0.908
     0.363     0.142    -0.921
     0.406     0.323    -0.855
     0.488     0.176    -0.855
     0.432     0.027    -0.901
     0.342     0.106    -0.934
     0.266     0.122    -0.956
     0.312     0.187    -0.931
     0.388     0.207    -0.898
     0.358     0.176    -0.917
     0.443     0.037    -0.896
     0.327     0.186    -0.926
     0.419     0.110    -0.901
     0.393    -0.012    -0.919
     0.358     0.034    -0.933
     0.389     0.049    -0.920
     0.469     0.135    -0.873
     0.411     0.097    -0.906
     0.386     0.183    -0.904
     0.378     0.293    -0.878
     0.177     0.080    -0.981
     0.443     0.266    -0.856
     0.324    -0.077    -0.943
     0.397     0.036    -0.917
     0.456     0.284    -0.843
     0.405     0.134    -0.905
     0.521     0.013    -0.853
     0.330     0.118    -0.937
     0.271     0.098    -0.958
     0.393     0.079    -0.916
     0.415     0.178    -0.892
     0.460     0.179    -0.870
     0.409     0.150    -0.900
     0.344    -0.014    -0.939
     0.428     0.185    -0.885
     0.382    -0.035    -0.924
     0.455     0.224    -0.862
     0.515     0.211    -0.831
     0.465     0.016    -0.885
     0.478     0.236    -0.846
     0.316     0.321    -0.893
     0.242     0.325    -0.914
     0.394     0.101    -0.914
     0.329     0.290    -0.899
     0.335     0.120    -0.935
     0.555     0.012    -0.831
     0.479     0.066    -0.875
     0.448     0.302    -0.841
     0.395     0.316    -0.862
     0.306     0.013    -0.952
     0.417     0.199    -0.887
     0.338     0.192    -0.921
     0.358     0.091    -0.929
     0.311     0.149    -0.938
     0.334     0.075    -0.940
     0.446     0.051    -0.893
     0.537     0.154    -0.829
     0.353     0.148    -0.924
     0.266     0.186    -0.946
     0.269     0.187    -0.945
     0.462     0.299    -0.835
     0.449     0.152    -0.881
     0.291    -0.067    -0.954
     0.357     0.168    -0.919
     0.244     0.203    -0.948
     0.237     0.007    -0.971
     0.406     0.034    -0.913
     0.371     0.320    -0.871
     0.403     0.061    -0.913
     0.374     0.264    -0.889
     0.361     0.071    -0.930
     0.388     0.137    -0.911
     0.322     0.044    -0.946
     0.401     0.116    -0.909
     0.358     0.392    -0.848
     0.343     0.163    -0.925
     0.459     0.117    -0.881
     0.430     0.065    -0.900
     0.487     0.150    -0.860
     0.420     0.108    -0.901
     0.328     0.090    -0.940
     0.318     0.190    -0.929
     0.417     0.073    -0.906
     0.450     0.225    -0.864
     0.382     0.036    -0.924
     0.348     0.202    -0.915
     0.432     0.075    -0.899
     0.201     0.193    -0.960
     0.306     0.135    -0.943
     0.436     0.113    -0.893
     0.482     0.052    -0.875
     0.327     0.128    -0.936
     0.455     0.259    -0.852
     0.418     0.076    -0.905
     0.418     0.123    -0.900
     0.497     0.116    -0.860
     0.303     0.121    -0.945
     0.388     0.210    -0.897
     0.342     0.187    -0.921
     0.372     0.210    -0.904
     0.395     0.145    -0.907
     0.458     0.057    -0.887
     0.550     0.120    -0.827
     0.412     0.080    -0.908
     0.467     0.108    -0.878
     0.296     0.064    -0.953
     0.262     0.203    -0.943
     0.408     0.142    -0.902
     0.440     0.050    -0.897
     0.489     0.224    -0.843
     0.479     0.048    -0.877
     0.236    -0.037    -0.971
     0.411     0.065    -0.909
     0.495     0.228    -0.839
     0.365     0.120    -0.923
     0.342     0.089    -0.935
     0.313     0.240    -0.919
     0.466     0.161    -0.870
     0.420     0.193    -0.887
     0.440     0.269    -0.857
     0.633    -0.014    -0.774
     0.358     0.270    -0.894
     0.384     0.206    -0.900
     0.376     0.197    -0.905
     0.137     0.167    -0.976
     0.408     0.206    -0.889
     0.411     0.073    -0.909
     0.479     0.234    -0.846
     0.479     0.166    -0.862
     0.420     0.167    -0.892
     0.487     0.102    -0.867
     0.366     0.015    -0.930
     0.339     0.115    -0.934
     0.507     0.122    -0.853
     0.498     0.098    -0.862
     0.401     0.165    -0.901
     0.351     0.288    -0.891
     0.320     0.105    -0.942
     0.459     0.189    -0.868
     0.520     0.105    -0.847
     0.305     0.095    -0.948
     0.383     0.169    -0.908
     0.354     0.201    -0.913
     0.359     0.208    -0.910
     0.453     0.121    -0.883
     0.338     0.199    -0.920
     0.233     0.141    -0.962
     0.171     0.055    -0.984
     0.460     0.339    -0.820
     0.444     0.208    -0.871
     0.407     0.144    -0.902
     0.354     0.188    -0.916
     0.435     0.173    -0.883
     0.425     0.292    -0.857
     0.414     0.162    -0.896
     0.412     0.158    -0.897
     0.338     0.036    -0.940
     0.333     0.182    -0.925
     0.504     0.266    -0.822
     0.368     0.019    -0.930
     0.148     0.175    -0.973
     0.249     0.342    -0.906
     0.215     0.137    -0.967
     0.270     0.245    -0.931
     0.410     0.022    -0.912
     0.433     0.214    -0.876
     0.449     0.257    -0.856
     0.304     0.150    -0.941
     0.395     0.088    -0.914
     0.414     0.023    -0.910
     0.431     0.279    -0.858
     0.505     0.044    -0.862
     0.280     0.046    -0.959
     0.402     0.195    -0.895
     0.312     0.239    -0.920
     0.464     0.272    -0.843
     0.306     0.258    -0.916
     0.435     0.209    -0.876
     0.377    -0.008    -0.926
     0.451     0.069    -0.890
     0.320     0.198    -0.927
     0.300    -0.039    -0.953
     0.453     0.067    -0.889
     0.404     0.162    -0.900
     0.427     0.237    -0.873
     0.484     0.002    -0.875
     0.421     0.198    -0.885
     0.280     0.084    -0.956
     0.286     0.221    -0.933
     0.456     0.024    -0.890
     0.501     0.166    -0.849
     0.538     0.043    -0.842
     0.424     0.075    -0.903
     0.191     0.042    -0.981
     0.475     0.101    -0.874
     0.321     0.180    -0.930
     0.412     0.079    -0.908
     0.403     0.387    -0.830
     0.295     0.080    -0.952
     0.355     0.079    -0.931
     0.320     0.032    -0.947
     0.303     0.154    -0.941
     0.288     0.051    -0.956
     0.559     0.034    -0.828
     0.466     0.299    -0.833
     0.484     0.208    -0.850
     0.419     0.162    -0.894
     0.547     0.047    -0.836
     0.244     0.219    -0.945
     0.434     0.062    -0.899
     0.374     0.207    -0.904
     0.435     0.149    -0.888
     0.295    -0.097    -0.951
     0.425     0.172    -0.889
     0.439     0.131    -0.889
     0.293     0.231    -0.928
     0.318     0.062    -0.946
     0.420    -0.008    -0.907
     0.388     0.186    -0.902
     0.290     0.082    -0.954
     0.418     0.068    -0.906
     0.491     0.103    -0.865
     0.531     0.162    -0.832
     0.438     0.277    -0.855
     0.376     0.058    -0.925
     0.481     0.296    -0.825
     0.258     0.012    -0.966
     0.358     0.156    -0.921
     0.404     0.081    -0.911
     0.467     0.091    -0.880
     0.318     0.033    -0.948
     0.387     0.081    -0.919
     0.338     0.142    -0.930
     0.442     0.063    -0.895
     0.282     0.085    -0.956
     0.314     0.145    -0.938
     0.324     0.165    -0.932
     0.340     0.079    -0.937
     0.351     0.065    -0.934
     0.370     0.279    -0.886
     0.415     0.204    -0.887
     0.379     0.063    -0.923
     0.507     0.087    -0.858
     0.365     0.149    -0.919
     0.500     0.160    -0.851
     0.425     0.080    -0.902
     0.495     0.138    -0.858
     0.357     0.236    -0.904
     0.309     0.172    -0.935
     0.368     0.127    -0.921
     0.543     0.038    -0.839
     0.371    -0.093    -0.924
     0.430     0.084    -0.899
     0.415     0.202    -0.887
     0.303     0.122    -0.945
     0.385     0.219    -0.896
     0.420     0.252    -0.872
     0.484    -0.012    -0.875
     0.368     0.144    -0.918
     0.400     0.194    -0.896
     0.471     0.133    -0.872
     0.183     0.116    -0.976
     0.554     0.097    -0.827
     0.455     0.015    -0.890
     0.363     0.212    -0.908
     0.398     0.062    -0.915
     0.409     0.099    -0.907
     0.464     0.097    -0.881
     0.405     0.252    -0.879
     0.107     0.057    -0.993
     0.478     0.050    -0.877
     0.428     0.007    -0.904
     0.545     0.279    -0.790
     0.291     0.102    -0.951
     0.368     0.238    -0.899
     0.280     0.211    -0.937
     0.414     0.183    -0.892
     0.266     0.038    -0.963
     0.404     0.148    -0.903
     0.444     0.082    -0.892
     0.409     0.206    -0.889
     0.486     0.099    -0.869
     0.199     0.155    -0.968
     0.521     0.171    -0.836
     0.338     0.250    -0.907
     0.416     0.040    -0.908
     0.383     0.101    -0.918
     0.318     0.071    -0.945
     0.271     0.073    -0.960
     0.388     0.106    -0.916
     0.353     0.284    -0.891
     0.366     0.145    -0.919
     0.322     0.182    -0.929
     0.561     0.003    -0.828
     0.439     0.066    -0.896
     0.404     0.270    -0.874
     0.411    -0.073    -0.909
     0.365     0.158    -0.918
     0.353     0.175    -0.919
     0.361     0.216    -0.907
     0.311     0.230    -0.922
     0.396     0.398    -0.827
     0.595     0.172    -0.785
     0.387     0.284    -0.877
     0.322     0.221    -0.921
     0.442    -0.036    -0.896
     0.286     0.165    -0.944
     0.345     0.166    -0.924
     0.327     0.001    -0.945
     0.378     0.078    -0.923
     0.304     0.171    -0.937
     0.520     0.047    -0.853
     0.351     0.156    -0.923
     0.413     0.082    -0.907
     0.491     0.215    -0.844
     0.396     0.129    -0.909
     0.315     0.114    -0.942
     0.544    -0.035    -0.839
     0.374     0.240    -0.896
     0.376     0.137    -0.916
     0.292     0.182    -0.939
     0.343     0.101    -0.934
     0.521     0.069    -0.850
     0.512     0.269    -0.816
     0.352     0.042    -0.935
     0.252     0.160    -0.954
     0.404     0.152    -0.902
     0.365     0.071    -0.928
     0.473     0.164    -0.866
     0.368     0.053    -0.928
     0.411     0.133    -0.902
     0.473     0.100    -0.875
     0.472     0.122    -0.873
     0.265     0.201    -0.943
     0.380     0.187    -0.906
     0.421     0.303    -0.855
     0.307     0.056    -0.950
     0.511     0.096    -0.854
     0.426     0.224    -0.876
     0.162     0.136    -0.977
     0.382     0.287    -0.878
     0.294     0.297    -0.908
     0.376     0.073    -0.924
     0.383     0.334    -0.861
     0.469     0.038    -0.882
     0.388     0.308    -0.869
     0.462     0.018    -0.887
     0.375     0.109    -0.921
     0.314     0.261    -0.913
     0.150     0.311    -0.938
     0.306     0.205    -0.930
     0.340     0.049    -0.939
     0.394    -0.059    -0.917
     0.473     0.079    -0.878
     0.534     0.167    -0.829
     0.436     0.192    -0.879
     0.385     0.084    -0.919
     0.465     0.123    -0.877
     0.422     0.064    -0.904
     0.351     0.128    -0.928
     0.278     0.138    -0.951
     0.460     0.025    -0.887
     0.366     0.202    -0.908
     0.302     0.139    -0.943
     0.487     0.109    -0.867
     0.262     0.056    -0.963
     0.426     0.082    -0.901
     0.379     0.090    -0.921
     0.407     0.239    -0.882
     0.457     0.057    -0.888
     0.356     0.175    -0.918
     0.500    -0.007    -0.866
     0.390     0.136    -0.911
     0.494     0.046    -0.868
     0.308     0.206    -0.929
     0.340     0.080    -0.937
     0.251     0.080    -0.965
     0.319     0.098    -0.943
     0.307     0.268    -0.913
     0.511    -0.073    -0.857
     0.362     0.191    -0.912
     0.462     0.133    -0.877
     0.419     0.144    -0.897
     0.470     0.214    -0.856
     0.368     0.099    -0.925
     0.460    -0.028    -0.887
     0.301     0.330    -0.895
     0.278     0.151    -0.949
     0.556    -0.103    -0.825
     0.450     0.161    -0.878
     0.413     0.181    -0.893
     0.277     0.150    -0.949
     0.271     0.136    -0.953
     0.573     0.031    -0.819
     0.249     0.146    -0.957
     0.263     0.157    -0.952
     0.260     0.104    -0.960
     0.347     0.215    -0.913
     0.296     0.130    -0.946
     0.432     0.201    -0.879
     0.392     0.103    -0.914
     0.234     0.074    -0.969
     0.591     0.109    -0.799
     0.184     0.123    -0.975
     0.406    -0.008    -0.914
     0.301     0.180    -0.937
     0.260     0.047    -0.965
     0.537     0.122    -0.835
     0.233     0.385    -0.893
     0.346     0.297    -0.890
     0.515     0.158    -0.842
     0.508     0.123    -0.853
     0.307     0.094    -0.947
     0.332     0.150    -0.931
     0.572     0.278    -0.771
     0.316     0.068    -0.946
     0.508     0.064    -0.859
     0.385     0.174    -0.906
     0.251     0.075    -0.965
     0.488     0.207    -0.848
     0.366     0.080    -0.927
     0.320     0.084    -0.944
     0.403     0.085    -0.911
     0.373     0.038    -0.927
     0.397     0.127    -0.909
     0.337     0.323    -0.884
     0.491     0.231    -0.840
     0.400     0.086    -0.912
     0.486     0.082    -0.870
     0.422     0.173    -0.890
     0.415     0.328    -0.849
     0.408     0.261    -0.875
     0.388     0.161    -0.908
     0.327     0.199    -0.924
     0.278     0.062    -0.959
     0.309     0.141    -0.941
     0.361     0.187    -0.914
     0.591    -0.049    -0.805
     0.404     0.142    -0.904
     0.303     0.087    -0.949
     0.524     0.095    -0.846
     0.499     0.219    -0.839
     0.170     0.172    -0.970
     0.501     0.219    -0.838
     0.319     0.153    -0.935
     0.394     0.097    -0.914
     0.355     0.253    -0.900
     0.464     0.289    -0.837
     0.415     0.045    -0.909
     0.368     0.046    -0.929
     0.345     0.197    -0.918
     0.427     0.139    -0.893
     0.325     0.044    -0.945
     0.463     0.266    -0.846
     0.455     0.043    -0.889
     0.485     0.064    -0.872
     0.509     0.088    -0.856
     0.412     0.320    -0.853
     0.402     0.215    -0.890
     0.415     0.190    -0.890
     0.460     0.046    -0.887
     0.354    -0.023    -0.935
     0.389     0.166    -0.906
     0.522     0.169    -0.836
     0.400    -0.069    -0.914
     0.400     0.011    -0.917
     0.386     0.150    -0.910
     0.457     0.240    -0.857
     0.542     0.136    -0.830
     0.442     0.126    -0.888
     0.283     0.244    -0.928
     0.526     0.138    -0.839
     0.401     0.199    -0.894
     0.423     0.160    -0.892
     0.439     0.080    -0.895
     0.345     0.156    -0.926
     0.271     0.128    -0.954
     0.393     0.168    -0.904
     0.296     0.231    -0.927
     0.418     0.177    -0.891
     0.377     0.158    -0.912
     0.264     0.055    -0.963
     0.489     0.138    -0.861
     0.490     0.073    -0.869
     0.252     0.274    -0.928
     0.425     0.283    -0.860
     0.483     0.208    -0.851
     0.357     0.161    -0.920
     0.394     0.080    -0.915
     0.463     0.172    -0.870
     0.472     0.192    -0.860
     0.364     0.053    -0.930
     0.484     0.143    -0.863
     0.343    -0.017    -0.939
     0.321     0.134    -0.938
     0.477     0.026    -0.878
     0.505     0.202    -0.839
     0.427     0.065    -0.902
     0.163     0.095    -0.982
     0.279     0.200    -0.939
     0.531     0.104    -0.841
     0.487     0.134    -0.863
     0.482     0.323    -0.815
     0.371     0.066    -0.926
     0.384     0.301    -0.873
     0.484     0.053    -0.873
     0.347     0.097    -0.933
     0.372     0.241    -0.896
     0.449     0.048    -0.892
     0.274     0.278    -0.920
     0.425     0.193    -0.884
     0.351     0.124    -0.928
     0.430     0.142    -0.892
     0.347     0.084    -0.934
     0.299     0.157    -0.941
     0.439    -0.080    -0.895
     0.462     0.148    -0.874
     0.460     0.025    -0.888
     0.357     0.132    -0.925
     0.301     0.173    -0.938
     0.323     0.027    -0.946
     0.331     0.162    -0.930
     0.381     0.194    -0.904
     0.383     0.261    -0.886
     0.401     0.141    -0.905
     0.432     0.042    -0.901
     0.403     0.167    -0.900
     0.384     0.068    -0.921
     0.415     0.160    -0.896
     0.447     0.166    -0.879
     0.405     0.039    -0.914
     0.295     0.257    -0.920
     0.512     0.121    -0.850
     0.372     0.176    -0.911
     0.458     0.187    -0.869
     0.309     0.041    -0.950
     0.273     0.186    -0.944
     0.219     0.317    -0.923
     0.456     0.229    -0.860
     0.434     0.230    -0.871
     0.363     0.128    -0.923
     0.310    -0.024    -0.950
     0.356     0.019    -0.934
     0.384     0.215    -0.898
     0.476     0.230    -0.849
     0.380     0.078    -0.922
     0.240     0.125    -0.963
     0.591     0.172    -0.788
     0.328     0.081    -0.941
     0.348     0.192    -0.918
     0.277     0.177    -0.944
     0.438    -0.042    -0.898
     0.256     0.221    -0.941
     0.416     0.128    -0.900
     0.450     0.204    -0.869
     0.395     0.141    -0.908
     0.285     0.187    -0.940
     0.394     0.013    -0.919
     0.369     0.143    -0.918
     0.341     0.325    -0.882
     0.342     0.050    -0.938
     0.470    -0.032    -0.882
     0.360     0.158    -0.920
     0.521     0.153    -0.839
     0.201     0.086    -0.976
     0.445     0.171    -0.879
     0.344    -0.043    -0.938
     0.398     0.288    -0.871
     0.378     0.150    -0.913
     0.420     0.141    -0.897
     0.330     0.078    -0.941
     0.172     0.108    -0.979
     0.508     0.296    -0.809
     0.339     0.129    -0.932
     0.320     0.066    -0.945
     0.261     0.103    -0.960
     0.417     0.185    -0.890
     0.415     0.073    -0.907
     0.304     0.101    -0.947
     0.511     0.082    -0.856
     0.385     0.138    -0.913
     0.208     0.209    -0.955
     0.393     0.189    -0.900
     0.369     0.026    -0.929
     0.423     0.234    -0.875
     0.275     0.182    -0.944
     0.465     0.241    -0.852
     0.426     0.306    -0.851
     0.347     0.112    -0.931
     0.403     0.261    -0.877
     0.420     0.111    -0.901
     0.455     0.026    -0.890
     0.188     0.174    -0.967
     0.487     0.101    -0.867
     0.471    -0.052    -0.880
     0.239     0.153    -0.959
     0.387     0.209    -0.898
     0.536     0.097    -0.839
     0.464     0.107    -0.879
     0.288     0.194    -0.938
     0.390     0.121    -0.913
     0.360     0.289    -0.887
     0.442     0.277    -0.853
     0.308     0.140    -0.941
     0.271     0.102    -0.957
     0.336     0.253    -0.907
     0.425     0.067    -0.903
     0.401     0.113    -0.909
     0.420     0.185    -0.888
     0.339     0.020    -0.941
     0.548     0.129    -0.827
     0.377     0.111    -0.920
     0.346     0.158    -0.925
     0.481     0.177    -0.859
     0.356     0.078    -0.931
     0.437     0.066    -0.897
     0.366     0.067    -0.928
     0.382     0.128    -0.915
     0.516     0.072    -0.853
     0.413     0.135    -0.901
     0.405     0.222    -0.887
     0.385     0.197    -0.902
     0.435    -0.064    -0.898
     0.292    -0.070    -0.954
     0.447     0.287    -0.848
     0.389     0.207    -0.898
     0.411     0.114    -0.905
     0.396    -0.026    -0.918
     0.435     0.103    -0.895
     0.513     0.159    -0.843
     0.332     0.064    -0.941
     0.321     0.278    -0.906
     0.356     0.195    -0.914
     0.229     0.087    -0.970
     0.341     0.156    -0.927
     0.460     0.186    -0.868
     0.438     0.234    -0.868
     0.447     0.153    -0.881
     0.393    -0.036    -0.919
     0.397     0.259    -0.880
     0.247     0.226    -0.942
     0.312     0.169    -0.935
     0.384     0.084    -0.919
     0.423     0.121    -0.898
     0.321     0.225    -0.920
     0.227     0.105    -0.968
     0.462     0.299    -0.835
     0.325     0.009    -0.946
     0.432     0.212    -0.876
     0.420     0.166    -0.892
     0.468     0.193    -0.863
     0.361     0.116    -0.925
     0.424     0.103    -0.900
     0.289     0.110    -0.951
     0.359     0.035    -0.933
     0.490     0.060    -0.870
     0.381     0.134    -0.915
     0.385     0.073    -0.920
     0.434     0.099    -0.896
     0.360     0.250    -0.899
     0.433     0.124    -0.893
     0.274     0.070    -0.959
     0.405     0.140    -0.904
     0.435     0.127    -0.891
     0.401     0.111    -0.909
     0.544     0.276    -0.792
     0.274     0.037    -0.961
     0.273     0.143    -0.951
     0.363     0.057    -0.930
     0.190     0.192    -0.963
     0.424     0.199    -0.883
     0.427     0.081    -0.901
     0.496     0.176    -0.850
     0.311     0.203    -0.929
     0.250     0.057    -0.967
     0.280     0.121    -0.952
     0.436     0.056    -0.898
     0.395     0.139    -0.908
     0.351    -0.001    -0.936
     0.286     0.286    -0.914
     0.322     0.203    -0.925
     0.398     0.057    -0.916
     0.209     0.139    -0.968
     0.411     0.092    -0.907
     0.368     0.109    -0.923
     0.436     0.114    -0.893
     0.513     0.122    -0.850
     0.479     0.044    -0.877
     0.326    -0.057    -0.944
     0.366     0.189    -0.911
     0.373     0.193    -0.907
     0.455     0.258    -0.852
     0.384     0.157    -0.910
     0.378     0.167    -0.911
     0.210     0.181    -0.961
     0.455     0.048    -0.889
     0.255     0.192    -0.948
     0.426     0.235    -0.874
     0.405     0.304    -0.862
     0.207     0.164    -0.965
     0.287     0.035    -0.957
     0.459     0.140    -0.877
     0.291     0.123    -0.949
     0.529     0.119    -0.841
     0.347     0.141    -0.927
     0.421     0.089    -0.903
     0.260     0.153    -0.954
     0.368     0.326    -0.871
     0.262     0.141    -0.955
     0.454     0.203    -0.868
     0.233     0.076    -0.970
     0.474     0.280    -0.835
     0.545     0.054    -0.836
     0.373     0.201    -0.906
     0.378     0.115    -0.919
     0.304     0.241    -0.922
     0.336     0.134    -0.932
     0.390     0.208    -0.897
     0.220     0.027    -0.975
     0.358     0.112    -0.927
     0.539    -0.058    -0.841
     0.400     0.219    -0.890
     0.408     0.074    -0.910
     0.309     0.157    -0.938
     0.348     0.179    -0.920
     0.312     0.081    -0.947
     0.512     0.031    -0.859
     0.357     0.264    -0.896
     0.266     0.209    -0.941
     0.344     0.230    -0.910
     0.278    -0.093    -0.956
     0.373     0.023    -0.928
     0.361     0.165    -0.918
     0.241     0.058    -0.969
     0.219     0.110    -0.970
     0.360     0.160    -0.919
     0.456     0.127    -0.881
     0.472     0.191    -0.861
     0.270     0.190    -0.944
     0.311     0.195    -0.930
     0.254     0.162    -0.953
     0.519     0.247    -0.818
     0.442     0.176    -0.880
     0.323     0.123    -0.938
     0.361     0.227    -0.905
     0.516     0.082    -0.853
     0.507     0.011    -0.862
     0.280     0.137    -0.950
     0.437     0.128    -0.890
     0.186     0.021    -0.982
     0.325     0.085    -0.942
     0.398     0.319    -0.860
     0.479     0.106    -0.872
     0.371     0.082    -0.925
     0.405     0.209    -0.890
     0.132     0.051    -0.990
     0.284     0.183    -0.941
     0.303     0.211    -0.930
     0.322     0.205    -0.924
     0.265     0.252    -0.931
     0.458     0.220    -0.861
     0.447     0.132    -0.885
     0.290     0.306    -0.907
     0.327     0.084    -0.941
     0.436     0.107    -0.894
     0.411     0.167    -0.896
     0.303     0.130    -0.944
     0.327     0.165    -0.930
     0.466     0.147    -0.872
     0.395     0.160    -0.905
     0.353     0.119    -0.928
     0.384     0.267    -0.884
     0.383    -0.059    -0.922
     0.468     0.066    -0.881
     0.403     0.130    -0.906
     0.420     0.179    -0.890
     0.559     0.051    -0.828
     0.378     0.150    -0.913
     0.436     0.122    -0.892
     0.529     0.029    -0.848
     0.248     0.119    -0.962
     0.350    -0.067    -0.934
     0.385    -0.072    -0.920
     0.407     0.115    -0.906
     0.310     0.040    -0.950
     0.276     0.326    -0.904
     0.412     0.172    -0.895
     0.304     0.097    -0.948
     0.249     0.088    -0.964
     0.338     0.206    -0.918
     0.457     0.173    -0.872
     0.433     0.063    -0.899
     0.553     0.076    -0.829
     0.358     0.112    -0.927
     0.245     0.092    -0.965
     0.453     0.193    -0.870
     0.554    -0.011    -0.833
     0.257     0.181    -0.949
     0.338     0.239    -0.910
     0.390     0.079    -0.917
     0.338    -0.028    -0.941
     0.157     0.119    -0.980
     0.521     0.132    -0.843
     0.577     0.239    -0.781
     0.457     0.072    -0.887
     0.341     0.202    -0.918
     0.370     0.310    -0.876
     0.378     0.175    -0.909
     0.390     0.097    -0.915
     0.240     0.188    -0.952
     0.394     0.080    -0.916
     0.369     0.044    -0.928
     0.370     0.028    -0.929
     0.371     0.116    -0.922
     0.462    -0.057    -0.885
     0.350     0.201    -0.915
     0.419     0.052    -0.906
     0.343    -0.001    -0.939
     0.358     0.274    -0.893
     0.346     0.016    -0.938
     0.362     0.133    -0.923
     0.191     0.202    -0.961
     0.276     0.077    -0.958
     0.318     0.247    -0.915
     0.447     0.135    -0.884
     0.510     0.106    -0.853
     0.345     0.020    -0.939
     0.389     0.022    -0.921
     0.414     0.207    -0.886
     0.406     0.068    -0.911
     0.515     0.251    -0.820
     0.399     0.124    -0.908
     0.314     0.285    -0.906
     0.471     0.167    -0.866
     0.334     0.055    -0.941
     0.479     0.210    -0.852
     0.411     0.165    -0.896
     0.348     0.228    -0.909
     0.318     0.046    -0.947
     0.311     0.222    -0.924
     0.416     0.031    -0.909
     0.382     0.075    -0.921
     0.336     0.208    -0.919
     0.398     0.223    -0.890
     0.413     0.228    -0.882
     0.514    -0.001    -0.858
     0.334     0.149    -0.931
     0.279     0.099    -0.955
     0.290     0.054    -0.956
     0.381     0.034    -0.924
     0.373     0.092    -0.923
     0.419    -0.004    -0.908
     0.371    -0.001    -0.929
     0.552    -0.085    -0.830
     0.440     0.178    -0.880
     0.364     0.179    -0.914
     0.510     0.052    -0.858
     0.327    -0.081    -0.942
     0.426     0.103    -0.899
     0.473     0.266    -0.840
     0.333     0.372    -0.866
     0.357    -0.058    -0.932
     0.486     0.202    -0.850
     0.429     0.102    -0.898
     0.401     0.255    -0.880
     0.356     0.243    -0.902
     0.432    -0.019    -0.902
     0.573     0.232    -0.786
     0.302     0.130    -0.944
     0.400     0.302    -0.865
     0.288     0.136    -0.948
     0.441     0.054    -0.896
     0.460     0.126    -0.879
     0.475     0.151    -0.867
     0.444    -0.001    -0.896
     0.382     0.171    -0.908
     0.147     0.091    -0.985
     0.451     0.307    -0.838
     0.317     0.067    -0.946
     0.263    -0.046    -0.964
     0.518     0.161    -0.840
     0.511     0.230    -0.828
     0.296     0.248    -0.922
     0.379     0.111    -0.919
     0.250     0.199    -0.948
     0.465    -0.004    -0.885
     0.457    -0.019    -0.889
     0.360     0.028    -0.933
     0.270     0.088    -0.959
     0.502     0.132    -0.855
     0.391     0.210    -0.896
     0.408     0.088    -0.909
     0.298     0.052    -0.953
     0.363    -0.044    -0.931
     0.354     0.169    -0.920
     0.329     0.175    -0.928
     0.352     0.074    -0.933
     0.316     0.094    -0.944
     0.564     0.155    -0.811
     0.389     0.192    -0.901
     0.312     0.130    -0.941
     0.375    -0.100    -0.922
     0.438     0.174    -0.882
     0.313     0.152    -0.938
     0.282     0.131    -0.950
     0.330     0.201    -0.922
     0.485     0.203    -0.850
     0.410     0.112    -0.905
     0.274     0.138    -0.952
     0.366     0.239    -0.899
     0.332     0.288    -0.898
     0.329     0.040    -0.944
     0.230     0.086    -0.969
     0.367     0.182    -0.912
     0.445     0.057    -0.894
     0.323     0.215    -0.922
     0.454     0.131    -0.882
     0.391     0.140    -0.910
     0.556    -0.018    -0.831
     0.464     0.180    -0.868
     0.348     0.203    -0.915
     0.312     0.143    -0.939
     0.461     0.120    -0.879
     0.326     0.152    -0.933
     0.370     0.223    -0.902
     0.358     0.015    -0.934
     0.414     0.040    -0.909
     0.438     0.092    -0.894
     0.446     0.116    -0.887
     0.388     0.181    -0.904
     0.476     0.228    -0.849
     0.288     0.136    -0.948
     0.623     0.239    -0.744
     0.297     0.127    -0.946
     0.236     0.217    -0.947
     0.360     0.040    -0.932
     0.291     0.227    -0.929
     0.355     0.131    -0.926
     0.438     0.095    -0.894
     0.472     0.299    -0.830
     0.412     0.158    -0.897
     0.500     0.216    -0.838
     0.255     0.073    -0.964
     0.237     0.059    -0.970
     0.303     0.127    -0.944
     0.313     0.024    -0.949
     0.409     0.029    -0.912
     0.412     0.153    -0.898
     0.510     0.186    -0.840
     0.450     0.215    -0.867
     0.310     0.117    -0.943
     0.277     0.060    -0.959
     0.276     0.263    -0.924
     0.376     0.126    -0.918
     0.341     0.145    -0.929
     0.402     0.005    -0.915
     0.483     0.128    -0.866
     0.450     0.003    -0.893
     0.429     0.223    -0.875
     0.328     0.179    -0.928
     0.285     0.097    -0.954
     0.288    -0.060    -0.956
     0.334     0.115    -0.936
     0.267     0.127    -0.955
     0.360     0.037    -0.932
     0.287     0.179    -0.941
     0.410     0.095    -0.907
     0.190     0.126    -0.974
     0.355     0.138    -0.925
     0.394     0.120    -0.911
     0.377     0.323    -0.868
     0.469     0.092    -0.879
     0.389     0.092    -0.917
     0.463     0.231    -0.856
     0.234     0.159    -0.959
     0.473     0.104    -0.875
     0.567     0.067    -0.821
     0.372     0.034    -0.928
     0.370     0.050    -0.928
     0.345     0.148    -0.927
     0.396     0.214    -0.893
     0.536     0.129    -0.835
     0.318     0.341    -0.885
     0.314     0.099    -0.944
     0.513     0.114    -0.851
     0.427     0.190    -0.884
     0.388     0.184    -0.903
     0.450    -0.077    -0.890
     0.481     0.283    -0.830
     0.384     0.304    -0.872
     0.432     0.038    -0.901
     0.423     0.141    -0.895
     0.458     0.239    -0.856
     0.304     0.055    -0.951
     0.331     0.277    -0.902
     0.192    -0.021    -0.981
     0.333     0.217    -0.918
     0.475     0.088    -0.876
     0.288     0.177    -0.941
     0.411     0.052    -0.910
     0.409     0.212    -0.887
     0.538     0.119    -0.835
     0.349     0.211    -0.913
     0.409     0.004    -0.912
     0.462     0.167    -0.871
     0.207     0.204    -0.957
     0.250     0.098    -0.963
     0.465     0.126    -0.876
     0.279     0.119    -0.953
     0.461     0.067    -0.885
     0.516     0.163    -0.841
     0.371     0.054    -0.927
     0.327     0.171    -0.929
     0.316     0.222    -0.922
     0.244     0.167    -0.955
     0.373     0.118    -0.920
     0.290     0.194    -0.937
     0.290     0.173    -0.941
     0.388     0.009    -0.922
     0.352     0.120    -0.928
     0.276     0.072    -0.958
     0.563     0.152    -0.813
     0.397     0.123    -0.910
     0.475     0.289    -0.831
     0.446     0.111    -0.888
     0.192     0.110    -0.975
     0.497     0.002    -0.868
     0.373     0.096    -0.923
     0.400     0.195    -0.896
     0.182     0.127    -0.975
     0.283     0.108    -0.953
     0.381     0.116    -0.917
     0.507     0.247    -0.826
     0.409     0.148    -0.900
     0.353    -0.005    -0.936
     0.489     0.135    -0.862
     0.441     0.135    -0.887
     0.395    -0.059    -0.917
     0.305     0.252    -0.919
     0.234     0.147    -0.961
     0.375     0.194    -0.907
     0.232     0.034    -0.972
     0.368     0.125    -0.921
     0.402     0.085    -0.911
     0.327     0.019    -0.945
     0.415     0.086    -0.906
     0.399     0.097    -0.912
     0.304     0.128    -0.944
     0.530     0.130    -0.838
     0.466     0.191    -0.864
     0.283     0.098    -0.954
     0.256     0.356    -0.899
     0.302     0.174    -0.937
     0.310    -0.097    -0.946
     0.317     0.257    -0.913
     0.358     0.158    -0.920
     0.292     0.108    -0.950
     0.512     0.261    -0.818
     0.374     0.123    -0.919
     0.348     0.294    -0.890
     0.337     0.126    -0.933
     0.389     0.139    -0.911
     0.445     0.122    -0.887
     0.328     0.116    -0.938
     0.331     0.305    -0.893
     0.490     0.135    -0.861
     0.506     0.200    -0.839
     0.388     0.076    -0.919
     0.393     0.047    -0.918
     0.346     0.075    -0.935
     0.609     0.081    -0.789
     0.576     0.203    -0.792
     0.312     0.186    -0.932
     0.418     0.138    -0.898
     0.213     0.255    -0.943
     0.368     0.089    -0.925
     0.367    -0.031    -0.930
     0.322     0.081    -0.943
     0.388     0.256    -0.885
     0.418     0.135    -0.898
     0.437     0.214    -0.874
     0.369    -0.044    -0.929
     0.366     0.104    -0.925
     0.457     0.176    -0.872
     0.385     0.214    -0.898
     0.448     0.030    -0.893
     0.415     0.171    -0.893
     0.510     0.206    -0.835
     0.315     0.201    -0.927
     0.579     0.034    -0.815
     0.346     0.010    -0.938
     0.470     0.191    -0.862
     0.316     0.150    -0.937
     0.280     0.178    -0.943
     0.419     0.255    -0.872
     0.330     0.093    -0.939
     0.393     0.073    -0.917
     0.439     0.103    -0.892
     0.430     0.197    -0.881
     0.476     0.283    -0.833
     0.453     0.159    -0.877
     0.547     0.079    -0.833
     0.396     0.172    -0.902
     0.550     0.213    -0.808
     0.295     0.177    -0.939
     0.379    -0.051    -0.924
     0.409     0.132    -0.903
     0.495     0.050    -0.868
     0.437     0.077    -0.896
     0.326     0.144    -0.934
