     0.050     0.104     0.993
     0.004    -0.022     1.000
     0.015    -0.029     0.999
     0.267     0.001     0.964
     0.043    -0.069     0.997
    -0.142     0.118     0.983
     0.114    -0.071     0.991
     0.021    -0.045     0.999
    -0.071     0.166     0.984
     0.161    -0.052     0.986
    -0.011    -0.031     0.999
     0.264    -0.209     0.941
    -0.089    -0.265     0.960
     0.090     0.141     0.986
     0.164    -0.019     0.986
     0.167    -0.038     0.985
    -0.025     0.034     0.999
     0.092     0.061     0.994
     0.045    -0.331     0.943
     0.168    -0.150     0.974
    -0.016     0.043     0.999
     0.013     0.082     0.997
     0.121     0.089     0.989
     0.068    -0.036     0.997
     0.029    -0.117     0.993
     0.026     0.062     0.998
    -0.086    -0.075     0.994
     0.082     0.109     0.991
    -0.078    -0.059     0.995
     0.177    -0.062     0.982
     0.065     0.044     0.997
     0.233     0.103     0.967
     0.051    -0.102     0.993
     0.098    -0.166     0.981
     0.146    -0.134     0.980
     0.151    -0.051     0.987
     0.177     0.066     0.982
     0.075    -0.174     0.982
    -0.014     0.044     0.999
     0.197     0.069     0.978
     0.120    -0.230     0.966
    -0.011     0.016     1.000
     0.180    -0.125     0.976
     0.071    -0.111     0.991
    -0.003     0.036     0.999
     0.096     0.014     0.995
     0.139    -0.077     0.987
    -0.041    -0.093     0.995
     0.146    -0.086     0.985
     0.082     0.084     0.993
     0.090     0.000     0.996
     0.097     0.104     0.990
     0.099    -0.167     0.981
     0.260    -0.153     0.954
    -0.032     0.077     0.997
    -0.097     0.041     0.994
     0.042    -0.201     0.979
     0.077    -0.052     0.996
     0.069    -0.121     0.990
     0.079     0.066     0.995
    -0.046     0.079     0.996
     0.185    -0.044     0.982
     0.213    -0.032     0.977
     0.140     0.019     0.990
     0.234     0.141     0.962
     0.183    -0.103     0.978
     0.144    -0.149     0.978
     0.226    -0.115     0.967
     0.030     0.017     0.999
     0.086    -0.043     0.995
     0.120    -0.009     0.993
     0.159     0.032     0.987
     0.059    -0.044     0.997
     0.070    -0.060     0.996
    -0.066    -0.044     0.997
    -0.131    -0.166     0.977
    -0.138    -0.210     0.968
     0.010     0.002     1.000
     0.023     0.009     1.000
     0.094    -0.133     0.987
     0.137     0.032     0.990
     0.128    -0.006     0.992
     0.265     0.055     0.963
     0.176    -0.211     0.962
     0.165     0.025     0.986
     0.075    -0.040     0.996
    -0.071    -0.056     0.996
     0.064     0.051     0.997
    -0.093    -0.139     0.986
    -0.151    -0.046     0.987
     0.227     0.059     0.972
     0.134     0.128     0.983
     0.129    -0.075     0.989
     0.006    -0.070     0.998
    -0.020     0.050     0.999
     0.201    -0.006     0.980
     0.073     0.051     0.996
     0.073    -0.206     0.976
    -0.030     0.022     0.999
     0.163    -0.038     0.986
     0.027    -0.121     0.992
     0.191    -0.061     0.980
     0.160     0.095     0.983
    -0.051     0.016     0.999
     0.036    -0.022     0.999
     0.288     0.054     0.956
     0.073     0.051     0.996
    -0.057    -0.010     0.998
     0.200     0.062     0.978
     0.012    -0.230     0.973
    -0.006    -0.094     0.996
     0.078     0.006     0.997
     0.314     0.208     0.926
    -0.102     0.056     0.993
     0.114    -0.126     0.985
     0.044     0.062     0.997
     0.171     0.004     0.985
     0.177    -0.139     0.974
     0.091    -0.187     0.978
     0.102     0.088     0.991
    -0.075    -0.024     0.997
     0.209    -0.080     0.975
     0.093    -0.090     0.992
     0.147     0.047     0.988
    -0.040    -0.262     0.964
    -0.202    -0.351     0.914
     0.140    -0.170     0.976
