     0.707    -0.511     0.489
     0.711    -0.539     0.453
     0.657    -0.512     0.553
    -0.102    -0.965     0.243
     0.755    -0.576     0.314
     0.730    -0.528     0.434
     0.425    -0.663     0.616
     0.199    -0.199     0.960
     0.688    -0.477     0.548
     0.302    -0.468     0.830
     0.478    -0.811     0.337
     0.878    -0.462     0.129
     0.473    -0.309     0.825
     0.625    -0.680     0.383
     0.143    -0.319     0.937
     0.562    -0.811     0.165
     0.414    -0.779     0.471
     0.119    -0.035     0.992
     0.942    -0.331    -0.048
     0.385    -0.146     0.911
     0.314    -0.923     0.220
     0.748    -0.519     0.413
     0.281    -0.732     0.621
     0.404    -0.331     0.853
     0.571    -0.468     0.675
     0.365     0.525     0.769
     0.868    -0.422     0.263
     0.309    -0.839     0.449
     0.728    -0.566     0.386
     0.395    -0.703     0.592
     0.705    -0.572     0.420
     0.632    -0.390     0.669
     0.464    -0.640     0.612
     0.569    -0.681     0.461
     0.550    -0.590     0.591
     0.807    -0.425     0.411
     0.523    -0.637     0.566
    -0.006    -0.572     0.820
     0.405    -0.759     0.510
    -0.196    -0.587     0.785
     0.858    -0.489     0.157
     0.517     0.254     0.818
     0.153    -0.242     0.958
     0.018    -0.844     0.536
     0.695    -0.598     0.400
     0.745    -0.359     0.562
     0.600     0.031     0.800
     0.766    -0.510     0.392
     0.820    -0.112     0.561
     0.940    -0.208     0.269
     0.182    -0.306     0.935
     0.803    -0.206     0.559
     0.184    -0.476     0.860
     0.627    -0.474     0.619
     0.558    -0.772     0.304
     0.355    -0.550     0.756
     0.270    -0.962     0.040
     0.556    -0.501     0.664
     0.814    -0.369     0.449
     0.670    -0.725    -0.160
     0.008    -0.482     0.876
     0.499    -0.050     0.865
     0.413    -0.616     0.671
     0.782    -0.414     0.465
     0.427    -0.565     0.706
     0.760    -0.176     0.626
    -0.151    -0.608     0.779
     0.166    -0.540     0.825
     0.512    -0.057     0.857
     0.312    -0.624     0.716
     0.053    -0.691     0.721
     0.451    -0.098     0.887
     0.738    -0.352     0.576
     0.583    -0.695     0.422
     0.093    -0.738     0.669
     0.472    -0.573     0.670
     0.829    -0.246     0.502
     0.854     0.210     0.477
     0.425    -0.516     0.744
     0.399    -0.843     0.360
    -0.043    -0.886     0.461
     0.850    -0.089     0.519
     0.095    -0.663     0.742
     0.332    -0.606     0.723
    -0.261    -0.656     0.708
     0.458    -0.142     0.878
     0.107    -0.467     0.878
     0.511    -0.698     0.501
     0.394    -0.453     0.800
     0.595    -0.506     0.624
     0.446    -0.876     0.186
     0.381    -0.487     0.786
     0.215    -0.948     0.235
     0.637    -0.591     0.494
     0.794    -0.258     0.551
     0.452    -0.526     0.720
     0.511    -0.566     0.647
     0.476    -0.373     0.796
     0.312    -0.561     0.767
     0.147    -0.976     0.161
     0.482    -0.105     0.870
    -0.003    -0.591     0.807
     0.540    -0.573     0.617
     0.263    -0.787     0.559
     0.309    -0.393     0.866
     0.470    -0.601     0.646
     0.267    -0.847     0.459
     0.091    -0.454     0.886
     0.707    -0.515     0.484
     0.686    -0.588     0.429
     0.073    -0.538     0.840
     0.580    -0.267     0.770
     0.584    -0.349     0.733
     0.345    -0.481     0.806
     0.454    -0.654     0.605
     0.793    -0.269     0.547
    -0.023    -0.647     0.762
     0.625    -0.459     0.631
     0.439    -0.389     0.810
     0.636     0.313     0.705
     0.537    -0.606     0.587
     0.445     0.024     0.895
     0.439    -0.439     0.784
     0.463    -0.546     0.698
     0.191    -0.594     0.781
     0.516    -0.760     0.395
     0.869    -0.283     0.405
     0.627    -0.751     0.210
     0.721    -0.587     0.368
     0.373    -0.310     0.875
     0.501    -0.658     0.562
     0.714    -0.456     0.532
     0.251    -0.467     0.848
     0.613    -0.167     0.772
     0.239     0.345     0.907
     0.557    -0.714     0.423
     0.244    -0.845     0.476
     0.747    -0.196     0.635
     0.589    -0.088     0.804
     0.430    -0.730     0.531
     0.499    -0.540     0.678
     0.642    -0.424     0.638
     0.736    -0.523     0.429
     0.840    -0.485     0.245
     0.020    -0.875     0.484
     0.736    -0.533     0.417
     0.672    -0.364     0.645
     0.729    -0.108     0.676
     0.311    -0.629     0.713
     0.335    -0.786     0.519
     0.701     0.094     0.706
     0.366    -0.476     0.800
     0.921    -0.237     0.310
     0.485    -0.394     0.781
     0.184    -0.523     0.832
     0.166    -0.305     0.938
     0.515    -0.569     0.641
     0.312    -0.526     0.791
     0.674    -0.725     0.142
     0.512    -0.325     0.795
     0.652    -0.407     0.640
     0.331    -0.318     0.888
     0.209    -0.792     0.574
     0.586    -0.370     0.720
     0.453    -0.220     0.864
     0.045    -0.277     0.960
     0.534    -0.712     0.455
     0.198    -0.974     0.110
     0.230    -0.951     0.207
     0.009    -0.641     0.767
     0.172    -0.473     0.864
     0.270    -0.115     0.956
     0.535    -0.729     0.426
     0.218    -0.976     0.020
     0.425    -0.615     0.664
     0.055    -0.814     0.578
     0.447    -0.620     0.645
     0.232    -0.188     0.954
     0.627    -0.693     0.356
     0.570    -0.661     0.488
     0.570    -0.767     0.294
     0.770    -0.424     0.477
     0.393    -0.566     0.725
     0.835    -0.543    -0.093
     0.635    -0.212     0.743
     0.511    -0.730     0.454
     0.482    -0.674     0.560
     0.134    -0.471     0.872
     0.461    -0.441     0.770
     0.280    -0.839     0.467
    -0.025    -0.846     0.533
     0.754    -0.462     0.467
     0.263    -0.811     0.523
     0.699    -0.576     0.425
     0.455    -0.415     0.788
     0.896    -0.001     0.444
     0.111    -0.541     0.834
     0.613    -0.167     0.773
     0.357    -0.100     0.929
     0.087    -0.701     0.708
     0.677    -0.528     0.513
     0.209    -0.646     0.734
     0.768    -0.623    -0.146
     0.358    -0.896     0.261
     0.149    -0.742     0.654
     0.257    -0.615     0.746
     0.687    -0.228     0.690
     0.582    -0.656     0.480
     0.334     0.034     0.942
     0.358    -0.932     0.062
     0.633    -0.510     0.583
     0.768    -0.008     0.641
     0.336    -0.496     0.801
     0.598    -0.696     0.397
     0.522    -0.582     0.623
     0.275    -0.733     0.622
     0.691     0.009     0.723
     0.803    -0.342     0.487
     0.055    -0.685     0.727
     0.092    -0.970     0.225
     0.214    -0.847     0.487
     0.386    -0.831     0.400
     0.781     0.053     0.622
     0.622    -0.485     0.615
     0.557    -0.703     0.442
    -0.101    -0.416     0.904
     0.817    -0.021     0.577
     0.487    -0.682     0.545
     0.382    -0.474     0.793
     0.418    -0.673     0.610
     0.195    -0.529     0.826
     0.190    -0.717     0.670
     0.546    -0.629     0.553
     0.585    -0.460     0.668
     0.586    -0.693     0.420
     0.861    -0.498     0.102
     0.312    -0.558     0.769
     0.486    -0.632     0.603
     0.439    -0.686     0.580
    -0.146    -0.475     0.868
     0.647    -0.447     0.617
     0.553    -0.820     0.150
     0.751    -0.545     0.372
     0.576    -0.431     0.695
     0.275    -0.778     0.565
     0.927    -0.243     0.286
     0.079    -0.705     0.705
     0.575    -0.436     0.692
     0.311    -0.756     0.576
     0.551    -0.270     0.790
     0.296    -0.660     0.690
     0.161    -0.483     0.861
     0.421    -0.144     0.896
     0.781    -0.344     0.521
     0.052    -0.454     0.890
     0.648    -0.556     0.520
     0.598    -0.637     0.487
     0.762     0.129     0.635
     0.482    -0.874     0.067
     0.219    -0.725     0.653
     0.283    -0.704     0.651
     0.615    -0.546     0.569
     0.189    -0.823     0.536
     0.791    -0.480     0.378
     0.641    -0.672     0.371
     0.570    -0.219     0.792
     0.523    -0.724     0.450
     0.553    -0.606     0.573
     0.419    -0.189     0.888
    -0.036    -0.603     0.797
     0.795    -0.565    -0.220
     0.366    -0.747     0.555
     0.007    -0.965     0.264
     0.923    -0.190     0.335
     0.297    -0.697     0.653
     0.436    -0.495     0.751
     0.257    -0.832     0.492
     0.449    -0.782     0.432
     0.680    -0.619     0.393
     0.988    -0.073     0.136
     0.014    -0.128     0.992
     0.250    -0.803     0.542
     0.325    -0.303     0.896
     0.402    -0.721     0.565
     0.581    -0.600     0.550
     0.475    -0.806     0.352
     0.893    -0.037     0.448
     0.691    -0.477     0.543
     0.176    -0.982     0.072
     0.203    -0.867     0.455
     0.691    -0.317     0.649
     0.795    -0.545     0.267
     0.413    -0.910     0.031
     0.452    -0.587     0.672
     0.525    -0.594     0.610
     0.607    -0.602     0.518
     0.517    -0.247     0.820
     0.563    -0.652     0.508
     0.343    -0.618     0.707
     0.359    -0.701     0.616
     0.612    -0.344     0.713
     0.342    -0.761     0.551
     0.394    -0.307     0.866
     0.445    -0.567     0.693
     0.645    -0.125     0.754
     0.503    -0.809     0.304
     0.209    -0.719     0.663
    -0.372    -0.661     0.652
     0.618    -0.673     0.407
     0.065    -0.583     0.810
     0.957     0.061     0.282
     0.295    -0.483     0.825
     0.277    -0.440     0.854
     0.359    -0.331     0.873
     0.511    -0.041     0.858
     0.472    -0.856     0.212
     0.542    -0.719     0.436
     0.662    -0.392     0.639
     0.120    -0.764     0.634
     0.350    -0.676     0.649
     0.848     0.084     0.523
     0.238    -0.631     0.738
     0.456    -0.593     0.664
     0.052    -0.597     0.801
     0.264    -0.678     0.686
     0.056    -0.821     0.568
     0.526    -0.644     0.556
     0.172    -0.319     0.932
     0.349    -0.830     0.435
    -0.577    -0.724     0.377
     0.803    -0.133     0.581
     0.520    -0.744     0.419
     0.458    -0.061     0.887
    -0.058    -0.570     0.820
     0.785    -0.614     0.085
     0.816    -0.310     0.488
     0.772    -0.581     0.256
     0.586    -0.423     0.691
     0.672    -0.441     0.595
     0.445    -0.515     0.732
     0.602    -0.487     0.633
     0.211    -0.907     0.365
     0.027    -0.358     0.933
     0.066    -0.717     0.694
     0.566    -0.181     0.804
     0.092    -0.653     0.752
     0.693    -0.590     0.416
     0.350    -0.797     0.492
     0.252    -0.830     0.497
     0.148    -0.541     0.828
     0.438    -0.703     0.561
     0.665    -0.478     0.573
     0.388    -0.605     0.695
     0.143    -0.726     0.672
     0.478    -0.443     0.759
     0.090    -0.891     0.446
     0.385    -0.370     0.846
     0.356    -0.792     0.496
     0.626    -0.769    -0.130
     0.384    -0.309     0.870
     0.552    -0.793     0.259
     0.603    -0.796     0.056
    -0.264    -0.849     0.458
     0.392    -0.468     0.792
     0.658    -0.263     0.706
     0.397     0.030     0.917
     0.442    -0.885     0.144
     0.727    -0.540     0.424
     0.703    -0.584     0.407
     0.419    -0.438     0.795
     0.674    -0.656     0.339
     0.863    -0.349     0.364
     0.429    -0.817     0.386
    -0.360     0.021     0.933
     0.394    -0.519     0.758
     0.893     0.315     0.323
     0.773    -0.470     0.427
     0.097    -0.326     0.940
     0.601    -0.596     0.532
     0.302     0.127     0.945
     0.829    -0.354     0.433
     0.378    -0.496     0.782
     0.316     0.025     0.948
     0.218    -0.687     0.693
     0.394    -0.285     0.874
     0.695    -0.710     0.115
     0.387    -0.274     0.880
     0.635    -0.765     0.108
     0.833    -0.337     0.439
     0.731    -0.305     0.610
     0.320    -0.476     0.819
     0.754    -0.302     0.584
     0.255    -0.715     0.650
     0.334    -0.499     0.800
     0.388    -0.731     0.561
     0.546    -0.550     0.632
    -0.203    -0.979    -0.023
     0.695    -0.542     0.472
     0.646    -0.076     0.759
     0.342    -0.706     0.620
     0.567    -0.674     0.474
     0.635    -0.397     0.662
     0.555    -0.774     0.306
     0.122    -0.879     0.461
     0.055    -0.925     0.375
     0.141    -0.988     0.064
     0.165    -0.368     0.915
     0.737    -0.675     0.027
     0.336    -0.895     0.292
     0.704    -0.589     0.397
     0.296    -0.500     0.814
    -0.012    -0.771     0.637
     0.482    -0.824     0.299
     0.314    -0.609     0.728
     0.001    -0.570     0.822
     0.719    -0.624     0.306
     0.728    -0.376     0.573
     0.761    -0.596     0.255
    -0.026    -0.425     0.905
     0.575    -0.417     0.704
     0.407    -0.851     0.332
    -0.024    -0.822     0.569
     0.699    -0.213     0.683
     0.292    -0.679     0.674
     0.607     0.003     0.794
     0.451    -0.730     0.513
     0.563    -0.616     0.551
     0.643    -0.289     0.710
     0.486    -0.496     0.720
     0.566    -0.517     0.642
     0.460     0.148     0.875
     0.000    -0.701     0.713
     0.221    -0.530     0.819
     0.325    -0.732     0.599
    -0.046    -0.488     0.872
    -0.089    -0.352     0.932
     0.683    -0.247     0.687
     0.521    -0.819     0.241
     0.716    -0.565     0.410
     0.272    -0.744     0.610
     0.366    -0.258     0.894
     0.572    -0.303     0.762
     0.733    -0.263     0.628
     0.444    -0.340     0.829
     0.249    -0.581     0.775
     0.263    -0.743     0.616
     0.354    -0.918    -0.180
     0.123    -0.560     0.819
     0.767    -0.368     0.526
     0.100    -0.741     0.664
     0.386    -0.460     0.800
     0.688    -0.108     0.718
     0.313    -0.564     0.764
     0.498    -0.088     0.863
     0.500    -0.743     0.446
     0.901    -0.366     0.235
     0.214    -0.854     0.474
     0.366    -0.835     0.411
     0.954    -0.242     0.178
     0.097    -0.834     0.544
     0.543    -0.694     0.473
     0.248    -0.807     0.536
     0.532    -0.652     0.540
     0.426    -0.215     0.879
     0.122    -0.931     0.345
     0.576    -0.814     0.080
     0.391    -0.174     0.904
     0.849    -0.415     0.327
    -0.135    -0.201     0.970
     0.187    -0.758     0.625
     0.131    -0.676     0.726
     0.451    -0.695     0.560
     0.565    -0.219     0.795
     0.313    -0.501     0.807
     0.700    -0.620     0.354
     0.718    -0.145     0.680
     0.015    -0.999     0.035
     0.381    -0.923     0.062
     0.391    -0.465     0.794
     0.611    -0.753     0.244
     0.258    -0.259     0.931
     0.415    -0.593     0.690
     0.586    -0.483     0.650
     0.550    -0.683     0.481
     0.588    -0.383     0.713
     0.646    -0.355     0.676
    -0.460    -0.224     0.859
     0.157    -0.164     0.974
     0.487    -0.639     0.596
     0.133     0.011     0.991
     0.509    -0.490     0.708
     0.557    -0.687     0.467
     0.271    -0.914     0.302
     0.591    -0.595     0.544
     0.783    -0.229     0.579
    -0.277    -0.742     0.611
     0.597    -0.666     0.448
     0.059    -0.648     0.759
     0.870    -0.337     0.361
     0.673    -0.613     0.414
     0.581    -0.215     0.785
     0.266    -0.261     0.928
     0.450    -0.515     0.730
     0.493    -0.608     0.623
     0.717    -0.634     0.290
     0.579    -0.158     0.800
     0.805    -0.408     0.431
     0.042    -0.665     0.746
     0.931     0.147     0.333
     0.515    -0.349     0.783
     0.204    -0.806     0.556
     0.916    -0.079     0.392
     0.434    -0.411     0.802
     0.588    -0.610     0.530
     0.310    -0.414     0.856
     0.898    -0.425     0.113
     0.470    -0.445     0.762
     0.320    -0.800     0.507
     0.407    -0.553     0.727
     0.581    -0.347     0.737
     0.727    -0.509     0.460
     0.663    -0.602     0.446
     0.727    -0.655     0.208
     0.626    -0.356     0.694
     0.297    -0.182     0.937
     0.273    -0.728     0.629
     0.093    -0.876     0.474
     0.540    -0.596     0.594
     0.237    -0.913     0.333
     0.171    -0.976     0.138
     0.828    -0.360     0.430
     0.555    -0.516     0.653
     0.252    -0.478     0.841
    -0.069    -0.224     0.972
     0.076    -0.930     0.359
     0.384    -0.675     0.629
     0.402    -0.556     0.728
     0.644    -0.458     0.612
     0.250    -0.496     0.831
     0.426    -0.816     0.390
     0.958    -0.014     0.286
     0.662    -0.323     0.676
     0.460    -0.572     0.679
     0.809    -0.212     0.548
     0.517    -0.214     0.829
     0.110    -0.963     0.247
     0.710    -0.590     0.385
     0.949    -0.201     0.242
     0.734    -0.460     0.499
     0.310    -0.742     0.594
     0.428    -0.567     0.704
     0.436    -0.802     0.408
     0.473    -0.030     0.881
     0.065    -0.947     0.315
     0.429    -0.577     0.695
     0.606    -0.664     0.438
     0.538    -0.400     0.742
     0.205    -0.890     0.408
     0.452    -0.571     0.685
     0.209     0.056     0.976
     0.991     0.066    -0.117
     0.100    -0.395     0.913
     0.539    -0.055     0.840
     0.415    -0.756     0.505
     0.408    -0.289     0.866
     0.348    -0.398     0.849
     0.947    -0.020     0.320
     0.778    -0.249     0.577
     0.312    -0.403     0.860
    -0.170    -0.316     0.933
    -0.010    -0.890     0.455
     0.573    -0.727     0.378
     0.303    -0.936     0.177
     0.663    -0.527     0.532
     0.356    -0.832     0.426
     0.320    -0.381     0.867
     0.143    -0.990    -0.008
     0.858     0.068     0.509
     0.120    -0.884     0.451
    -0.000    -0.909     0.417
     0.086    -0.872     0.481
     0.732    -0.118     0.671
     0.463    -0.583     0.667
     0.183    -0.528     0.829
    -0.013    -0.445     0.895
     0.629    -0.002     0.778
     0.139    -0.827     0.545
     0.215    -0.288     0.933
     0.717    -0.512     0.473
     0.734    -0.452     0.507
     0.536    -0.540     0.649
     0.618    -0.668     0.414
    -0.136    -0.823     0.552
     0.601    -0.084     0.795
     0.485    -0.255     0.837
    -0.018    -0.890     0.456
     0.395    -0.054     0.917
     0.957    -0.137     0.257
    -0.124    -0.431     0.894
     0.607    -0.378     0.699
     0.548    -0.825     0.137
     0.274    -0.479     0.834
     0.553    -0.702     0.449
     0.452     0.136     0.881
    -0.172    -0.759     0.628
     0.724    -0.567     0.393
     0.592    -0.496     0.635
     0.741    -0.671     0.020
     0.516    -0.486     0.706
     0.293    -0.270     0.917
     0.367    -0.462     0.807
     0.571    -0.799     0.187
     0.546    -0.475     0.690
     0.778    -0.620     0.104
     0.504    -0.655     0.563
     0.814    -0.474     0.336
     0.559    -0.631     0.537
     0.239    -0.587     0.774
     0.444    -0.610     0.656
     0.876    -0.464    -0.129
     0.165    -0.472     0.866
     0.508     0.013     0.861
     0.641    -0.410     0.648
     0.140    -0.795     0.591
     0.288    -0.775     0.563
     0.434    -0.084     0.897
     0.244    -0.256     0.935
     0.768    -0.222     0.601
     0.367    -0.489     0.791
     0.064    -0.803     0.592
     0.123    -0.635     0.762
     0.533    -0.416     0.736
     0.305    -0.451     0.839
    -0.766    -0.307     0.566
     0.697    -0.687     0.204
     0.277    -0.709     0.649
     0.401    -0.798     0.449
     0.445     0.043     0.895
     0.038    -0.243     0.969
    -0.016    -0.875     0.484
     0.507    -0.132     0.852
    -0.078    -0.582     0.810
     0.381    -0.530     0.758
     0.364    -0.635     0.681
     0.928    -0.128     0.350
     0.170    -0.456     0.873
     0.586    -0.421     0.692
     0.431    -0.522     0.736
     0.511    -0.689     0.514
     0.890    -0.390     0.236
     0.481    -0.636     0.604
     0.369    -0.528     0.765
     0.569    -0.679     0.464
     0.487    -0.632     0.603
     0.761    -0.498     0.415
     0.375    -0.780     0.501
     0.327    -0.830     0.452
     0.504    -0.230     0.833
     0.513    -0.182     0.839
     0.067    -0.142     0.988
     0.265    -0.444     0.856
     0.252     0.032     0.967
     0.583    -0.632     0.510
     0.433    -0.600     0.673
     0.571    -0.547     0.613
     0.496    -0.703     0.509
    -0.323    -0.697     0.640
     0.244    -0.820     0.517
     0.413    -0.365     0.834
     0.704    -0.421     0.571
     0.550    -0.266     0.792
     0.896    -0.443    -0.002
     0.083    -0.323     0.943
     0.139    -0.579     0.803
     0.403    -0.554     0.729
     0.070    -0.218     0.973
     0.893    -0.106     0.437
     0.520    -0.609     0.598
     0.510    -0.839     0.190
     0.712    -0.407     0.571
     0.087    -0.111     0.990
     0.908    -0.367     0.201
    -0.055    -0.533     0.844
     0.462    -0.663     0.589
    -0.199    -0.533     0.822
    -0.234    -0.620     0.749
     0.970    -0.176    -0.165
     0.677    -0.415     0.608
     0.699    -0.369     0.612
     0.345    -0.559     0.754
     0.567    -0.660     0.492
     0.507    -0.859     0.072
     0.844    -0.489     0.223
     0.465    -0.488     0.738
    -0.254    -0.425     0.868
     0.721    -0.489     0.492
     0.008    -0.928     0.373
     0.709    -0.097     0.698
     0.802    -0.321     0.503
     0.152    -0.193     0.969
     0.632    -0.434     0.642
     0.174    -0.939     0.297
     0.445    -0.843     0.301
     0.772    -0.634    -0.035
     0.413    -0.900     0.139
     0.568    -0.718     0.403
     0.397    -0.658     0.640
     0.596    -0.546     0.589
     0.439    -0.701     0.562
     0.462    -0.785     0.412
     0.740    -0.265     0.618
    -0.200    -0.347     0.916
     0.691     0.183     0.699
     0.445    -0.472     0.761
     0.719    -0.589     0.369
     0.516    -0.510     0.688
     0.841    -0.407     0.356
    -0.059    -0.708     0.703
     0.845     0.097     0.526
     0.691    -0.416     0.592
     0.559    -0.013     0.829
     0.860    -0.465     0.211
     0.898    -0.399     0.185
     0.650    -0.742     0.164
     0.467    -0.617     0.633
     0.462    -0.475     0.749
     0.550    -0.835    -0.001
     0.962    -0.255     0.094
     0.497    -0.837     0.230
     0.309    -0.791     0.528
    -0.365    -0.250     0.897
     0.662    -0.002     0.749
     0.533    -0.345     0.772
    -0.203    -0.948     0.245
     0.248    -0.736     0.630
    -0.184    -0.980    -0.081
     0.924    -0.162     0.346
     0.577    -0.491     0.652
     0.847    -0.324     0.421
     0.735    -0.092     0.672
     1.000    -0.003    -0.024
     0.667    -0.565     0.485
     0.033    -0.924     0.380
     0.405    -0.090     0.910
     0.383    -0.754     0.534
     0.033    -0.833     0.553
     0.458    -0.209     0.864
     0.948    -0.228     0.221
     0.658    -0.553     0.511
     0.481    -0.493     0.725
     0.523    -0.679     0.515
     0.563    -0.801     0.201
     0.892    -0.137     0.431
     0.294    -0.133     0.947
     0.333    -0.250     0.909
     0.504    -0.364     0.783
     0.330    -0.401     0.854
     0.191    -0.788     0.585
     0.045    -0.768     0.639
     0.765    -0.630     0.136
     0.453    -0.285     0.845
     0.571    -0.666     0.480
     0.452    -0.711     0.539
    -0.099    -0.552     0.828
     0.536    -0.567     0.625
     0.083    -0.975     0.205
     0.610     0.178     0.772
     0.661    -0.452     0.598
     0.649    -0.668     0.365
     0.537    -0.732     0.421
     0.452    -0.246     0.858
     0.817    -0.463     0.344
     0.448    -0.665     0.597
     0.614    -0.465     0.637
     0.707    -0.589     0.391
     0.851    -0.412     0.325
     0.738    -0.569     0.364
     0.651     0.052     0.758
     0.549    -0.502     0.668
     0.509    -0.620     0.597
     0.712    -0.644     0.281
     0.446    -0.407     0.797
     0.110    -0.502     0.858
     0.533    -0.737     0.417
     0.625    -0.291     0.724
     0.604    -0.557     0.571
     0.653    -0.377     0.657
    -0.035    -0.663     0.748
     0.907    -0.387     0.166
     0.368    -0.622     0.691
     0.892    -0.237     0.385
     0.314    -0.641     0.701
     0.526    -0.825     0.205
     0.931     0.124     0.344
     0.633    -0.756     0.165
    -0.065    -0.546     0.835
     0.565    -0.815    -0.129
     0.331     0.077     0.941
     0.203    -0.736     0.645
     0.818    -0.316     0.480
     0.786     0.148     0.600
     0.149    -0.868     0.475
     0.259    -0.429     0.865
     0.120    -0.667     0.735
     0.545    -0.309     0.780
     0.291    -0.875     0.387
     0.760    -0.394     0.518
     0.305    -0.818     0.488
    -0.023    -0.335     0.942
     0.503     0.161     0.849
     0.725    -0.312     0.615
    -0.440    -0.240     0.866
     0.822    -0.530     0.210
    -0.168    -0.962     0.213
     0.502    -0.398     0.768
     0.487    -0.596     0.638
     0.634    -0.335     0.697
     0.687    -0.354     0.635
     0.646    -0.528     0.551
     0.438    -0.506     0.743
     0.683    -0.246     0.687
     0.758    -0.591     0.277
     0.415    -0.827     0.379
     0.366    -0.576     0.731
     0.545    -0.775     0.318
     0.504    -0.575     0.644
     0.665    -0.734     0.139
     0.444    -0.314     0.839
    -0.186    -0.535     0.824
     0.397    -0.890     0.224
     0.935     0.059     0.350
     0.304    -0.687     0.660
     0.403    -0.289     0.868
     0.509    -0.523     0.684
     0.467    -0.786     0.405
     0.616    -0.573     0.541
     0.852    -0.157     0.500
    -0.104    -0.718     0.688
     0.791    -0.607     0.075
     0.077    -0.461     0.884
     0.716     0.365     0.595
     0.731    -0.364     0.576
     0.826    -0.244     0.508
     0.488    -0.317     0.813
     0.456    -0.705     0.544
     0.366    -0.879     0.306
     0.882    -0.456     0.118
     0.207    -0.599     0.774
     0.186    -0.539     0.822
     0.978    -0.185    -0.099
     0.398    -0.821     0.410
    -0.010    -0.803     0.596
     0.536     0.073     0.841
     0.772    -0.262     0.579
     0.131    -0.774     0.620
     0.466    -0.417     0.780
     0.288     0.126     0.949
     0.550    -0.305     0.777
     0.636    -0.311     0.706
     0.383    -0.444     0.810
     0.846    -0.496     0.196
     0.691    -0.177     0.701
     0.683    -0.719     0.126
     0.407    -0.633     0.658
     0.532    -0.747     0.399
     0.635    -0.527     0.565
     0.630    -0.576     0.520
     0.520    -0.672     0.528
     0.687    -0.217     0.694
     0.305    -0.923     0.235
     0.713    -0.690    -0.124
     0.799    -0.533     0.278
     0.574    -0.759     0.307
     0.766    -0.530     0.363
     0.821    -0.192     0.537
     0.374    -0.348     0.859
     0.624    -0.746     0.232
     0.362    -0.464     0.808
    -0.504    -0.754     0.421
     0.004    -0.543     0.840
     0.713    -0.509     0.482
     0.368    -0.448     0.814
    -0.046    -0.573     0.819
     0.118    -0.653     0.748
     0.392    -0.595     0.702
     0.571    -0.738     0.359
     0.402    -0.777     0.485
     0.937    -0.338     0.092
     0.387    -0.484     0.785
     0.865    -0.426     0.265
     0.367    -0.744     0.559
     0.716    -0.561     0.415
     0.534    -0.391     0.750
     0.316    -0.793     0.521
     0.216    -0.964     0.154
     0.175    -0.805     0.567
     0.503    -0.564     0.655
     0.844    -0.237     0.481
     0.344    -0.677     0.651
     0.383    -0.680     0.625
     0.417    -0.206     0.885
     0.651    -0.592     0.474
     0.191    -0.886     0.423
     0.890    -0.362     0.279
     0.451    -0.156     0.879
     0.828    -0.498     0.258
     0.261    -0.915     0.307
     0.776    -0.615     0.143
     0.114    -0.893     0.436
     0.567    -0.425     0.705
     0.620    -0.318     0.717
    -0.191    -0.655     0.731
     0.545    -0.239     0.804
     0.531    -0.431     0.730
    -0.061    -0.879     0.473
     0.101    -0.201     0.974
     0.370    -0.907     0.201
     0.337    -0.367     0.867
     0.307    -0.737     0.602
     0.681    -0.603     0.416
     0.356    -0.912     0.204
     0.376    -0.034     0.926
     0.564    -0.358     0.744
     0.608    -0.728     0.318
     0.607     0.029     0.794
     0.209    -0.882     0.421
     0.482    -0.327     0.813
     0.780    -0.362     0.510
     0.531    -0.376     0.759
     0.445    -0.799     0.405
    -0.109    -0.763     0.637
     0.629    -0.180     0.756
     0.614    -0.688     0.387
     0.570    -0.398     0.719
     0.427    -0.413     0.804
     0.572    -0.771     0.279
     0.140    -0.416     0.899
     0.803    -0.473     0.363
     0.461    -0.674     0.577
     0.822    -0.565     0.072
     0.379    -0.097     0.920
     0.471    -0.686     0.555
     0.523    -0.409     0.748
    -0.189    -0.528     0.828
     0.278    -0.608     0.743
     0.431    -0.809     0.400
     0.544    -0.797     0.261
     0.577    -0.799     0.168
     0.554    -0.584     0.593
     0.070    -0.807     0.586
     0.162    -0.709     0.687
     0.441    -0.757     0.483
     0.842    -0.460     0.282
     0.996     0.014     0.090
     0.533    -0.563     0.632
     0.853    -0.206     0.480
     0.756    -0.482     0.443
     0.437     0.056     0.898
     0.771    -0.358     0.526
     0.840     0.176     0.513
     0.356    -0.531     0.769
     0.888    -0.176     0.425
     0.482    -0.257     0.838
     0.176    -0.178     0.968
     0.314    -0.315     0.896
     0.644    -0.746     0.167
     0.536    -0.833     0.140
     0.453    -0.462     0.762
     0.301    -0.952     0.061
     0.679    -0.603     0.418
     0.180    -0.983    -0.035
     0.060    -0.444     0.894
     0.406     0.308     0.860
     0.463    -0.548     0.697
     0.638    -0.671     0.378
     0.459    -0.409     0.788
     0.578    -0.723     0.378
     0.721    -0.511     0.468
     0.250    -0.863     0.439
     0.376    -0.795     0.475
     0.294    -0.889     0.351
     0.403    -0.480     0.779
     0.332    -0.687     0.646
     0.484    -0.629     0.609
     0.232    -0.559     0.796
     0.409    -0.600     0.687
     0.754    -0.303     0.583
     0.164    -0.277     0.947
     0.710    -0.348     0.613
     0.938    -0.004     0.345
     0.268    -0.907     0.325
     0.376    -0.783     0.496
     0.593    -0.409     0.693
     0.551    -0.527     0.647
    -0.084    -0.430     0.899
     0.253     0.022     0.967
     0.514    -0.794     0.324
     0.556    -0.500     0.665
     0.498    -0.745     0.444
     0.643     0.010     0.766
     0.755    -0.498     0.426
     0.790    -0.560    -0.250
     0.756    -0.190     0.627
     0.585    -0.725     0.363
     0.162    -0.549     0.820
     0.035    -0.870     0.492
     0.336    -0.842     0.423
     0.638    -0.297     0.710
    -0.059    -0.459     0.886
     0.674    -0.260     0.692
    -0.049    -0.533     0.844
     0.271    -0.615     0.740
     0.184    -0.704     0.686
     0.581    -0.481     0.657
     0.709    -0.551     0.440
     0.747    -0.411     0.522
    -0.017    -0.500     0.866
     0.031    -0.411     0.911
     0.387    -0.684     0.618
     0.517    -0.262     0.815
     0.144    -0.807     0.573
     0.266    -0.938     0.224
     0.274    -0.774     0.572
     0.043    -0.889     0.456
     0.095    -0.753     0.651
    -0.142    -0.360     0.922
     0.229    -0.876     0.425
     0.411    -0.884     0.223
     0.771    -0.414     0.484
