     0.109     0.438     0.892
     0.094     0.427     0.899
     0.068     0.550     0.832
     0.121     0.573     0.810
     0.114     0.551     0.827
     0.102     0.489     0.866
     0.132     0.563     0.816
     0.049     0.532     0.845
    -0.054     0.567     0.822
    -0.166     0.671     0.722
    -0.077     0.516     0.853
    -0.040     0.448     0.893
    -0.015     0.467     0.884
     0.057     0.506     0.860
    -0.002     0.503     0.864
    -0.090     0.520     0.849
     0.025     0.509     0.860
     0.055     0.495     0.867
    -0.035     0.572     0.820
     0.061     0.577     0.815
     0.009     0.538     0.843
    -0.049     0.546     0.836
     0.017     0.480     0.877
    -0.160     0.385     0.909
     0.010     0.575     0.818
    -0.052     0.568     0.821
     0.045     0.615     0.787
     0.023     0.586     0.810
    -0.048     0.438     0.898
    -0.036     0.482     0.875
    -0.018     0.554     0.833
     0.096     0.508     0.856
    -0.004     0.469     0.883
    -0.077     0.476     0.876
     0.046     0.580     0.813
    -0.004     0.398     0.917
     0.022     0.518     0.855
     0.069     0.555     0.829
     0.109     0.460     0.881
     0.007     0.623     0.782
     0.082     0.498     0.863
     0.069     0.630     0.774
     0.077     0.486     0.870
     0.005     0.535     0.845
     0.157     0.418     0.895
     0.105     0.555     0.825
     0.014     0.562     0.827
     0.035     0.445     0.895
     0.015     0.595     0.803
     0.017     0.550     0.835
     0.002     0.531     0.848
     0.049     0.587     0.808
     0.003     0.525     0.851
    -0.025     0.492     0.871
    -0.002     0.556     0.831
    -0.001     0.416     0.909
     0.017     0.465     0.885
    -0.013     0.428     0.904
    -0.092     0.430     0.898
    -0.071     0.505     0.860
     0.085     0.675     0.733
     0.177     0.531     0.829
     0.036     0.507     0.861
    -0.044     0.425     0.904
    -0.044     0.536     0.843
     0.099     0.459     0.883
     0.089     0.594     0.800
    -0.062     0.510     0.858
    -0.078     0.351     0.933
     0.086     0.543     0.836
     0.041     0.589     0.807
    -0.103     0.506     0.857
     0.112     0.502     0.857
     0.067     0.481     0.874
    -0.149     0.511     0.847
    -0.005     0.533     0.846
    -0.010     0.626     0.780
    -0.012     0.529     0.849
    -0.045     0.519     0.853
    -0.020     0.450     0.893
     0.016     0.599     0.801
     0.183     0.468     0.865
     0.048     0.501     0.864
     0.023     0.527     0.849
     0.090     0.384     0.919
     0.049     0.474     0.879
    -0.025     0.577     0.816
     0.015     0.549     0.836
     0.041     0.477     0.878
     0.049     0.566     0.823
     0.040     0.479     0.877
    -0.029     0.661     0.750
     0.034     0.575     0.817
    -0.095     0.440     0.893
     0.151     0.538     0.829
     0.054     0.479     0.876
     0.055     0.543     0.838
     0.126     0.482     0.867
    -0.061     0.486     0.872
     0.080     0.483     0.872
    -0.001     0.486     0.874
    -0.033     0.413     0.910
    -0.055     0.560     0.826
    -0.071     0.473     0.878
    -0.023     0.553     0.833
     0.071     0.410     0.909
    -0.044     0.493     0.869
    -0.052     0.483     0.874
     0.128     0.556     0.821
     0.007     0.455     0.890
     0.001     0.449     0.894
    -0.065     0.384     0.921
    -0.024     0.419     0.908
     0.108     0.615     0.781
     0.073     0.521     0.850
     0.083     0.472     0.878
     0.123     0.583     0.803
     0.179     0.470     0.864
     0.077     0.308     0.948
     0.208     0.495     0.843
    -0.051     0.494     0.868
    -0.073     0.446     0.892
     0.047     0.572     0.819
     0.057     0.557     0.828
    -0.023     0.478     0.878
    -0.056     0.442     0.895
     0.012     0.476     0.880
    -0.031     0.529     0.848
     0.027     0.536     0.843
     0.172     0.454     0.874
     0.072     0.489     0.870
     0.066     0.597     0.800
    -0.012     0.442     0.897
     0.040     0.453     0.891
     0.021     0.512     0.859
     0.116     0.451     0.885
     0.018     0.512     0.859
     0.154     0.365     0.918
     0.098     0.497     0.862
    -0.063     0.477     0.877
     0.120     0.617     0.778
     0.035     0.564     0.825
     0.035     0.419     0.907
    -0.123     0.459     0.880
    -0.079     0.514     0.854
    -0.199     0.568     0.799
    -0.006     0.498     0.867
    -0.010     0.375     0.927
     0.065     0.519     0.852
     0.203     0.567     0.798
    -0.066     0.471     0.880
    -0.002     0.432     0.902
     0.016     0.495     0.869
     0.041     0.362     0.931
     0.098     0.416     0.904
    -0.022     0.497     0.867
     0.058     0.442     0.895
     0.098     0.589     0.802
    -0.053     0.381     0.923
     0.084     0.405     0.911
    -0.050     0.526     0.849
     0.052     0.478     0.877
     0.058     0.571     0.819
    -0.082     0.390     0.917
    -0.031     0.553     0.833
    -0.101     0.568     0.817
     0.106     0.482     0.870
    -0.015     0.456     0.890
     0.155     0.493     0.856
     0.005     0.497     0.867
     0.121     0.549     0.827
     0.066     0.541     0.839
    -0.001     0.600     0.800
     0.019     0.461     0.887
     0.052     0.588     0.807
    -0.118     0.595     0.795
     0.119     0.598     0.792
     0.073     0.511     0.856
     0.056     0.542     0.839
     0.009     0.380     0.925
     0.014     0.512     0.859
     0.001     0.454     0.891
    -0.150     0.453     0.879
    -0.019     0.510     0.860
     0.165     0.607     0.777
    -0.027     0.470     0.882
    -0.010     0.459     0.888
    -0.047     0.609     0.792
     0.033     0.592     0.805
     0.050     0.574     0.818
     0.046     0.503     0.863
    -0.066     0.637     0.768
     0.082     0.554     0.829
    -0.018     0.486     0.874
     0.022     0.566     0.824
     0.057     0.506     0.861
     0.038     0.418     0.908
    -0.037     0.397     0.917
    -0.008     0.546     0.838
     0.057     0.555     0.830
     0.003     0.498     0.867
     0.110     0.440     0.891
     0.022     0.475     0.880
    -0.041     0.492     0.869
    -0.068     0.481     0.874
    -0.049     0.414     0.909
    -0.187     0.398     0.898
     0.059     0.442     0.895
    -0.106     0.449     0.887
     0.029     0.531     0.847
     0.122     0.550     0.826
     0.085     0.490     0.868
     0.114     0.556     0.823
    -0.131     0.549     0.826
     0.040     0.529     0.848
     0.128     0.612     0.780
    -0.070     0.430     0.900
    -0.039     0.571     0.820
    -0.017     0.514     0.858
    -0.040     0.439     0.897
     0.091     0.481     0.872
     0.039     0.477     0.878
    -0.171     0.415     0.894
    -0.128     0.538     0.833
    -0.030     0.558     0.830
     0.020     0.640     0.768
     0.043     0.517     0.855
    -0.047     0.497     0.866
     0.083     0.544     0.835
     0.039     0.436     0.899
     0.056     0.466     0.883
     0.046     0.594     0.803
     0.019     0.522     0.853
     0.124     0.628     0.768
     0.012     0.392     0.920
     0.132     0.533     0.836
    -0.094     0.588     0.803
    -0.088     0.539     0.838
     0.038     0.432     0.901
    -0.065     0.565     0.823
     0.042     0.455     0.889
     0.104     0.401     0.910
     0.111     0.564     0.818
     0.027     0.543     0.840
    -0.023     0.465     0.885
    -0.049     0.457     0.888
     0.113     0.680     0.725
     0.018     0.609     0.793
    -0.005     0.489     0.872
    -0.006     0.537     0.844
    -0.018     0.521     0.853
    -0.001     0.540     0.842
    -0.093     0.495     0.864
     0.122     0.562     0.818
     0.064     0.503     0.862
     0.015     0.504     0.864
    -0.077     0.581     0.810
     0.133     0.396     0.908
     0.018     0.524     0.851
     0.087     0.477     0.875
    -0.035     0.591     0.806
    -0.096     0.373     0.923
    -0.134     0.367     0.920
     0.070     0.587     0.806
    -0.034     0.497     0.867
     0.202     0.432     0.879
     0.052     0.581     0.812
     0.053     0.548     0.834
    -0.036     0.617     0.786
     0.002     0.565     0.825
     0.069     0.502     0.862
    -0.016     0.583     0.813
     0.043     0.484     0.874
     0.073     0.543     0.836
    -0.062     0.507     0.860
     0.023     0.588     0.808
     0.060     0.421     0.905
    -0.062     0.450     0.891
     0.040     0.520     0.853
     0.138     0.498     0.856
    -0.131     0.451     0.883
     0.094     0.454     0.886
    -0.104     0.547     0.831
     0.003     0.438     0.899
    -0.110     0.507     0.855
    -0.010     0.585     0.811
     0.012     0.527     0.849
     0.157     0.573     0.805
     0.084     0.531     0.843
    -0.052     0.511     0.858
    -0.151     0.561     0.814
    -0.046     0.413     0.910
     0.061     0.482     0.874
     0.067     0.502     0.863
    -0.032     0.585     0.810
     0.054     0.433     0.900
     0.091     0.573     0.814
     0.134     0.447     0.884
     0.191     0.494     0.848
    -0.111     0.437     0.892
     0.243     0.383     0.891
     0.032     0.600     0.799
     0.021     0.459     0.888
    -0.018     0.483     0.876
     0.009     0.410     0.912
    -0.031     0.465     0.885
     0.059     0.556     0.829
     0.002     0.473     0.881
     0.071     0.454     0.888
     0.026     0.633     0.773
     0.061     0.471     0.880
    -0.034     0.570     0.821
     0.107     0.519     0.848
     0.042     0.470     0.882
     0.060     0.579     0.813
     0.019     0.487     0.873
    -0.055     0.483     0.874
    -0.069     0.482     0.873
    -0.026     0.499     0.866
    -0.039     0.544     0.838
    -0.027     0.491     0.871
     0.015     0.439     0.898
    -0.082     0.433     0.897
     0.039     0.516     0.856
     0.007     0.522     0.853
     0.068     0.492     0.868
    -0.037     0.491     0.871
    -0.037     0.514     0.857
     0.080     0.373     0.924
     0.046     0.482     0.875
     0.109     0.513     0.852
    -0.060     0.625     0.778
     0.140     0.401     0.905
     0.066     0.590     0.805
     0.001     0.532     0.847
     0.188     0.504     0.843
     0.092     0.455     0.886
     0.129     0.454     0.881
    -0.205     0.554     0.807
     0.020     0.596     0.803
    -0.095     0.536     0.839
    -0.019     0.563     0.826
    -0.001     0.439     0.898
     0.103     0.446     0.889
    -0.158     0.586     0.795
     0.036     0.400     0.916
    -0.003     0.495     0.869
     0.010     0.578     0.816
    -0.002     0.689     0.725
     0.023     0.536     0.844
    -0.010     0.643     0.765
     0.038     0.461     0.887
     0.030     0.571     0.820
     0.137     0.459     0.878
     0.143     0.451     0.881
     0.025     0.454     0.890
    -0.012     0.493     0.870
    -0.016     0.453     0.891
     0.030     0.551     0.834
     0.143     0.610     0.780
    -0.122     0.446     0.887
    -0.024     0.594     0.804
     0.010     0.567     0.824
     0.188     0.490     0.851
    -0.012     0.672     0.740
    -0.037     0.545     0.837
    -0.079     0.368     0.926
     0.079     0.503     0.860
     0.054     0.596     0.801
     0.061     0.430     0.901
    -0.024     0.567     0.823
     0.031     0.364     0.931
     0.111     0.490     0.865
    -0.007     0.509     0.861
     0.006     0.571     0.821
     0.155     0.547     0.823
     0.065     0.424     0.903
    -0.002     0.545     0.839
     0.040     0.577     0.816
     0.053     0.484     0.873
     0.018     0.502     0.865
     0.004     0.558     0.830
     0.017     0.490     0.872
    -0.034     0.491     0.871
    -0.071     0.549     0.833
     0.000     0.540     0.842
     0.014     0.617     0.787
     0.094     0.503     0.859
     0.035     0.461     0.887
    -0.115     0.366     0.923
    -0.060     0.536     0.842
     0.069     0.619     0.782
    -0.007     0.556     0.831
    -0.140     0.379     0.915
     0.191     0.594     0.782
     0.001     0.701     0.713
     0.122     0.538     0.834
    -0.163     0.458     0.874
     0.124     0.552     0.824
     0.091     0.517     0.851
     0.073     0.285     0.956
    -0.028     0.507     0.861
    -0.013     0.443     0.896
    -0.210     0.483     0.850
    -0.048     0.721     0.692
     0.050     0.459     0.887
     0.116     0.581     0.805
     0.009     0.587     0.809
     0.024     0.491     0.871
     0.039     0.600     0.799
    -0.048     0.438     0.897
     0.030     0.514     0.857
    -0.014     0.625     0.780
     0.029     0.346     0.938
     0.055     0.499     0.865
     0.110     0.579     0.808
    -0.079     0.590     0.804
     0.166     0.528     0.833
    -0.052     0.551     0.833
     0.106     0.360     0.927
     0.151     0.478     0.865
    -0.036     0.391     0.920
     0.092     0.486     0.869
     0.026     0.429     0.903
     0.121     0.575     0.809
     0.085     0.458     0.885
    -0.007     0.401     0.916
    -0.012     0.423     0.906
    -0.013     0.439     0.898
     0.004     0.504     0.864
    -0.137     0.505     0.852
    -0.078     0.433     0.898
    -0.052     0.441     0.896
     0.048     0.634     0.772
    -0.064     0.534     0.843
     0.101     0.514     0.852
     0.047     0.507     0.860
     0.014     0.390     0.921
     0.106     0.466     0.878
     0.193     0.397     0.897
     0.021     0.436     0.900
     0.135     0.529     0.838
     0.027     0.510     0.860
     0.016     0.398     0.917
    -0.135     0.534     0.835
    -0.022     0.507     0.861
    -0.050     0.569     0.821
     0.068     0.554     0.830
     0.098     0.539     0.836
    -0.005     0.548     0.837
    -0.118     0.357     0.927
     0.034     0.549     0.835
    -0.028     0.640     0.768
     0.034     0.427     0.904
     0.001     0.460     0.888
    -0.125     0.515     0.848
     0.015     0.500     0.866
     0.063     0.672     0.738
    -0.126     0.489     0.863
    -0.071     0.479     0.875
    -0.057     0.466     0.883
     0.024     0.579     0.815
    -0.077     0.507     0.858
     0.015     0.550     0.835
     0.183     0.460     0.869
    -0.081     0.628     0.774
     0.089     0.633     0.769
    -0.176     0.538     0.824
     0.014     0.500     0.866
     0.071     0.496     0.866
     0.025     0.534     0.845
     0.028     0.533     0.846
     0.030     0.596     0.802
     0.040     0.489     0.871
    -0.081     0.440     0.894
     0.045     0.515     0.856
     0.030     0.460     0.888
    -0.039     0.529     0.848
     0.050     0.479     0.876
     0.110     0.594     0.797
    -0.096     0.481     0.871
     0.010     0.504     0.864
    -0.003     0.622     0.783
    -0.054     0.529     0.847
    -0.036     0.449     0.893
     0.008     0.486     0.874
     0.104     0.570     0.815
     0.121     0.530     0.839
    -0.028     0.507     0.862
    -0.047     0.584     0.811
    -0.046     0.481     0.875
    -0.014     0.491     0.871
     0.044     0.489     0.871
     0.091     0.481     0.872
     0.144     0.530     0.835
     0.048     0.446     0.894
     0.068     0.366     0.928
     0.009     0.511     0.860
     0.079     0.467     0.881
    -0.030     0.576     0.817
    -0.047     0.352     0.935
    -0.034     0.454     0.891
     0.060     0.604     0.794
    -0.100     0.579     0.809
     0.090     0.412     0.907
     0.109     0.584     0.805
    -0.005     0.530     0.848
     0.138     0.551     0.823
     0.069     0.531     0.845
     0.014     0.590     0.807
    -0.014     0.575     0.818
     0.092     0.484     0.870
     0.047     0.452     0.891
    -0.202     0.564     0.800
     0.054     0.396     0.917
    -0.105     0.503     0.858
     0.019     0.515     0.857
    -0.049     0.492     0.869
     0.057     0.541     0.839
     0.006     0.593     0.805
     0.113     0.500     0.859
    -0.006     0.489     0.872
    -0.014     0.537     0.844
     0.117     0.429     0.896
     0.039     0.508     0.860
     0.039     0.453     0.891
    -0.037     0.523     0.851
    -0.061     0.420     0.905
    -0.037     0.513     0.858
     0.015     0.579     0.815
     0.047     0.548     0.835
     0.136     0.542     0.829
     0.038     0.559     0.828
     0.061     0.374     0.926
     0.042     0.475     0.879
    -0.066     0.507     0.860
    -0.011     0.412     0.911
    -0.049     0.536     0.843
     0.072     0.559     0.826
     0.033     0.474     0.880
     0.000     0.445     0.896
    -0.103     0.415     0.904
    -0.036     0.477     0.878
     0.009     0.466     0.885
    -0.037     0.466     0.884
    -0.028     0.442     0.897
     0.140     0.515     0.846
    -0.010     0.622     0.783
    -0.038     0.483     0.875
     0.021     0.443     0.896
    -0.007     0.528     0.849
    -0.038     0.514     0.857
    -0.011     0.452     0.892
    -0.082     0.526     0.847
    -0.100     0.500     0.860
     0.045     0.552     0.833
     0.051     0.554     0.831
    -0.034     0.414     0.910
    -0.029     0.612     0.791
     0.038     0.533     0.845
    -0.038     0.440     0.897
     0.134     0.491     0.861
     0.047     0.387     0.921
     0.056     0.548     0.834
    -0.016     0.496     0.868
     0.114     0.545     0.831
    -0.065     0.548     0.834
    -0.107     0.618     0.779
     0.021     0.448     0.894
     0.054     0.601     0.797
    -0.025     0.543     0.839
     0.023     0.478     0.878
    -0.139     0.603     0.785
    -0.002     0.508     0.861
     0.106     0.597     0.795
     0.131     0.439     0.889
     0.018     0.407     0.913
    -0.000     0.419     0.908
    -0.134     0.611     0.780
     0.067     0.595     0.801
     0.109     0.514     0.851
     0.021     0.564     0.826
     0.042     0.522     0.852
     0.077     0.379     0.922
    -0.008     0.414     0.910
    -0.043     0.570     0.821
    -0.037     0.465     0.885
     0.076     0.477     0.876
     0.074     0.455     0.887
     0.035     0.513     0.858
    -0.062     0.552     0.832
     0.113     0.543     0.832
     0.084     0.526     0.846
     0.135     0.486     0.863
     0.040     0.500     0.865
    -0.017     0.457     0.889
    -0.049     0.443     0.895
    -0.065     0.458     0.887
     0.045     0.394     0.918
     0.024     0.488     0.873
    -0.075     0.311     0.947
     0.064     0.467     0.882
    -0.029     0.498     0.867
    -0.081     0.445     0.892
    -0.013     0.514     0.858
    -0.044     0.378     0.925
     0.027     0.424     0.905
    -0.054     0.602     0.796
     0.051     0.412     0.910
    -0.033     0.515     0.857
    -0.018     0.394     0.919
     0.064     0.470     0.880
    -0.007     0.544     0.839
     0.011     0.524     0.852
     0.057     0.565     0.823
     0.076     0.470     0.879
    -0.095     0.495     0.864
    -0.096     0.561     0.822
     0.037     0.446     0.894
     0.030     0.438     0.898
     0.058     0.485     0.872
    -0.001     0.517     0.856
    -0.129     0.528     0.839
     0.000     0.410     0.912
    -0.024     0.545     0.838
     0.022     0.565     0.824
    -0.028     0.457     0.889
    -0.005     0.449     0.893
     0.069     0.448     0.891
    -0.050     0.561     0.826
    -0.055     0.560     0.827
     0.057     0.543     0.838
    -0.015     0.594     0.804
    -0.010     0.668     0.744
     0.054     0.453     0.890
    -0.035     0.455     0.890
     0.037     0.396     0.917
    -0.029     0.460     0.887
     0.039     0.558     0.829
     0.025     0.481     0.876
     0.132     0.390     0.911
     0.093     0.475     0.875
    -0.149     0.615     0.774
     0.043     0.375     0.926
     0.066     0.486     0.872
    -0.053     0.509     0.859
     0.003     0.472     0.882
    -0.140     0.517     0.844
    -0.064     0.547     0.835
    -0.065     0.593     0.803
     0.068     0.534     0.843
     0.020     0.588     0.808
    -0.068     0.575     0.815
    -0.051     0.581     0.812
    -0.155     0.476     0.866
    -0.042     0.549     0.835
    -0.015     0.526     0.850
     0.038     0.550     0.835
     0.046     0.606     0.794
    -0.031     0.584     0.811
    -0.039     0.556     0.830
    -0.026     0.421     0.907
     0.007     0.445     0.896
    -0.026     0.558     0.830
     0.036     0.570     0.821
    -0.045     0.408     0.912
     0.071     0.510     0.857
    -0.060     0.570     0.820
     0.051     0.528     0.848
     0.047     0.617     0.786
     0.108     0.620     0.777
    -0.001     0.644     0.765
     0.072     0.643     0.763
     0.005     0.495     0.869
    -0.001     0.490     0.872
     0.038     0.436     0.899
     0.082     0.557     0.826
     0.006     0.520     0.854
     0.115     0.463     0.879
     0.009     0.618     0.786
     0.012     0.448     0.894
    -0.036     0.439     0.898
     0.115     0.583     0.804
    -0.043     0.564     0.824
     0.079     0.531     0.844
     0.173     0.559     0.811
    -0.045     0.526     0.849
     0.060     0.527     0.848
     0.160     0.534     0.830
    -0.045     0.610     0.791
     0.155     0.506     0.848
     0.092     0.513     0.853
     0.064     0.460     0.886
     0.025     0.542     0.840
    -0.092     0.562     0.822
     0.025     0.526     0.850
    -0.020     0.461     0.887
     0.081     0.592     0.802
     0.097     0.589     0.803
     0.039     0.673     0.738
    -0.031     0.553     0.833
    -0.011     0.475     0.880
     0.100     0.444     0.890
     0.023     0.395     0.919
    -0.006     0.426     0.905
     0.073     0.464     0.883
    -0.116     0.537     0.836
     0.110     0.555     0.824
    -0.030     0.503     0.864
    -0.017     0.548     0.836
     0.111     0.522     0.846
    -0.137     0.621     0.772
    -0.092     0.432     0.897
    -0.010     0.342     0.940
    -0.047     0.607     0.794
     0.046     0.589     0.807
    -0.119     0.499     0.858
     0.056     0.422     0.905
     0.036     0.489     0.872
    -0.140     0.436     0.889
     0.171     0.425     0.889
    -0.005     0.510     0.860
    -0.015     0.495     0.869
     0.170     0.473     0.865
     0.051     0.567     0.822
    -0.015     0.544     0.839
     0.068     0.547     0.835
     0.097     0.595     0.798
    -0.112     0.474     0.874
    -0.002     0.419     0.908
     0.105     0.561     0.821
     0.077     0.441     0.894
     0.170     0.546     0.820
    -0.002     0.633     0.774
    -0.089     0.517     0.851
    -0.008     0.417     0.909
    -0.014     0.502     0.864
     0.072     0.527     0.847
     0.064     0.556     0.829
    -0.066     0.482     0.874
    -0.026     0.490     0.871
     0.021     0.425     0.905
     0.145     0.464     0.874
    -0.032     0.432     0.901
     0.017     0.514     0.858
    -0.006     0.491     0.871
    -0.048     0.481     0.875
     0.021     0.514     0.858
    -0.116     0.577     0.808
     0.029     0.467     0.884
    -0.059     0.573     0.818
    -0.197     0.411     0.890
     0.114     0.518     0.848
    -0.091     0.608     0.789
     0.072     0.472     0.879
    -0.010     0.429     0.903
     0.025     0.521     0.853
    -0.001     0.520     0.854
    -0.041     0.462     0.886
     0.048     0.452     0.890
     0.034     0.383     0.923
     0.037     0.519     0.854
     0.028     0.549     0.836
     0.019     0.584     0.811
    -0.123     0.445     0.887
     0.037     0.440     0.897
     0.043     0.432     0.901
     0.037     0.544     0.839
     0.022     0.611     0.791
     0.059     0.667     0.743
     0.007     0.450     0.893
     0.088     0.449     0.889
    -0.049     0.434     0.899
     0.037     0.551     0.834
    -0.005     0.470     0.882
     0.046     0.585     0.810
     0.012     0.496     0.868
     0.069     0.534     0.843
    -0.078     0.482     0.872
     0.034     0.474     0.880
    -0.040     0.472     0.880
    -0.084     0.620     0.780
     0.022     0.541     0.841
    -0.190     0.529     0.827
     0.009     0.528     0.849
     0.105     0.416     0.903
     0.077     0.461     0.884
     0.085     0.604     0.792
    -0.057     0.664     0.746
     0.057     0.528     0.847
    -0.055     0.463     0.884
     0.003     0.466     0.885
     0.023     0.473     0.881
    -0.105     0.502     0.859
    -0.014     0.544     0.839
     0.009     0.473     0.881
     0.054     0.585     0.809
    -0.034     0.458     0.888
     0.037     0.492     0.870
     0.066     0.560     0.826
     0.077     0.539     0.839
    -0.075     0.521     0.850
     0.113     0.506     0.855
     0.011     0.379     0.925
     0.016     0.557     0.831
    -0.093     0.474     0.876
    -0.041     0.592     0.805
    -0.036     0.529     0.848
    -0.016     0.572     0.820
    -0.013     0.434     0.901
    -0.119     0.473     0.873
     0.042     0.501     0.864
     0.028     0.397     0.917
    -0.131     0.594     0.794
     0.164     0.463     0.871
     0.194     0.566     0.801
     0.041     0.440     0.897
     0.026     0.665     0.746
    -0.100     0.541     0.835
    -0.039     0.576     0.817
     0.143     0.551     0.822
     0.065     0.433     0.899
    -0.017     0.523     0.852
     0.023     0.467     0.884
    -0.109     0.510     0.853
     0.013     0.500     0.866
     0.063     0.571     0.818
     0.163     0.545     0.822
    -0.082     0.533     0.842
     0.024     0.496     0.868
     0.016     0.541     0.841
    -0.021     0.423     0.906
