     0.101    -0.985    -0.139
     0.079    -0.995    -0.064
     0.148    -0.989    -0.025
     0.141    -0.989     0.036
     0.207    -0.969    -0.135
     0.126    -0.992    -0.026
    -0.055    -0.992    -0.112
     0.141    -0.984    -0.113
     0.056    -0.982    -0.183
     0.052    -0.986    -0.157
     0.130    -0.991    -0.030
     0.093    -0.995    -0.043
     0.035    -0.987    -0.154
     0.080    -0.996    -0.044
     0.056    -0.987    -0.152
     0.029    -0.986    -0.162
     0.086    -0.989    -0.119
     0.169    -0.985    -0.041
     0.088    -0.993    -0.083
     0.136    -0.982    -0.133
     0.152    -0.981    -0.117
     0.066    -0.978    -0.196
     0.174    -0.973     0.149
    -0.053    -0.993    -0.103
     0.146    -0.965    -0.219
     0.015    -0.986    -0.168
     0.178    -0.974    -0.137
     0.204    -0.975    -0.088
     0.027    -0.952    -0.305
     0.067    -0.982    -0.174
     0.080    -0.994    -0.073
     0.035    -0.988    -0.149
     0.092    -0.988    -0.128
    -0.015    -0.973    -0.232
     0.094    -0.976    -0.199
     0.211    -0.978     0.002
    -0.046    -0.990    -0.130
     0.204    -0.974    -0.095
     0.018    -1.000     0.007
    -0.038    -0.996     0.084
     0.036    -0.997    -0.069
     0.185    -0.969    -0.163
     0.037    -0.991    -0.125
     0.030    -0.978    -0.206
     0.152    -0.983    -0.105
     0.076    -0.994    -0.078
     0.043    -0.995    -0.091
    -0.027    -0.986    -0.162
     0.066    -0.995    -0.073
     0.106    -0.993    -0.055
     0.002    -0.989    -0.145
     0.047    -0.987    -0.156
     0.163    -0.972    -0.168
    -0.076    -0.989    -0.130
     0.140    -0.978    -0.155
     0.150    -0.989    -0.021
     0.028    -0.991    -0.131
     0.026    -0.998    -0.065
     0.132    -0.970    -0.203
     0.177    -0.975    -0.131
     0.158    -0.987    -0.033
     0.140    -0.979    -0.146
     0.236    -0.936    -0.260
     0.076    -0.989    -0.130
     0.022    -0.995    -0.092
     0.211    -0.972    -0.105
     0.160    -0.969    -0.191
     0.104    -0.953    -0.284
     0.210    -0.973    -0.093
     0.100    -0.979    -0.179
     0.157    -0.968    -0.197
     0.189    -0.973    -0.133
     0.098    -0.982    -0.160
     0.107    -0.991    -0.084
     0.182    -0.983     0.011
     0.079    -0.996    -0.048
     0.110    -0.991    -0.072
     0.025    -0.987    -0.158
     0.003    -0.996    -0.091
     0.158    -0.980    -0.121
     0.072    -0.969    -0.238
     0.006    -0.985    -0.173
    -0.061    -0.998    -0.033
     0.109    -0.990    -0.084
     0.065    -0.992    -0.106
     0.147    -0.988    -0.039
     0.052    -0.983    -0.174
     0.020    -0.997    -0.080
     0.086    -0.991    -0.100
     0.190    -0.944    -0.271
     0.048    -0.991    -0.121
     0.009    -0.996    -0.094
     0.227    -0.972    -0.061
    -0.008    -0.993    -0.114
     0.335    -0.923    -0.188
     0.094    -0.989    -0.115
     0.069    -0.997     0.027
     0.220    -0.973    -0.071
     0.154    -0.954    -0.256
     0.134    -0.977    -0.168
     0.146    -0.977    -0.153
     0.099    -0.995    -0.031
     0.242    -0.947    -0.211
     0.130    -0.952    -0.279
     0.158    -0.978    -0.137
     0.021    -0.999     0.026
     0.062    -0.990    -0.125
     0.184    -0.959    -0.213
    -0.100    -0.982    -0.163
     0.106    -0.981    -0.162
     0.078    -0.989    -0.130
     0.180    -0.970    -0.164
    -0.016    -0.998    -0.068
     0.051    -0.998    -0.031
     0.147    -0.980    -0.137
     0.102    -0.993    -0.054
     0.196    -0.970    -0.142
     0.090    -0.991    -0.095
     0.138    -0.965    -0.222
     0.117    -0.971    -0.211
    -0.026    -0.998    -0.059
     0.166    -0.979    -0.119
     0.011    -0.979    -0.202
     0.087    -0.996    -0.010
     0.160    -0.980    -0.119
     0.013    -0.997    -0.077
     0.119    -0.950    -0.288
     0.088    -0.993    -0.075
     0.145    -0.986    -0.088
     0.143    -0.987     0.070
    -0.005    -0.993    -0.118
     0.073    -0.985    -0.155
     0.068    -0.988    -0.137
     0.172    -0.983    -0.056
     0.074    -0.986    -0.151
     0.195    -0.972    -0.132
     0.102    -0.974    -0.203
     0.105    -0.970    -0.218
     0.062    -0.987    -0.149
     0.040    -0.998    -0.043
     0.188    -0.951    -0.246
     0.223    -0.968    -0.115
     0.168    -0.951    -0.259
     0.035    -0.987    -0.160
    -0.018    -0.987    -0.158
     0.063    -0.967    -0.247
     0.175    -0.975    -0.139
     0.084    -0.993    -0.088
     0.246    -0.969    -0.031
     0.091    -0.982    -0.168
     0.217    -0.971    -0.103
    -0.010    -0.975    -0.221
    -0.042    -0.992    -0.122
     0.120    -0.984    -0.129
     0.112    -0.992    -0.049
     0.032    -0.991    -0.132
     0.113    -0.972    -0.207
    -0.120    -0.991    -0.058
    -0.076    -0.985    -0.158
     0.051    -0.998    -0.040
     0.018    -0.984    -0.176
     0.153    -0.971    -0.185
     0.142    -0.988     0.055
     0.151    -0.975    -0.164
     0.085    -0.994    -0.066
     0.134    -0.955    -0.265
     0.109    -0.992    -0.069
     0.101    -0.984    -0.150
    -0.041    -0.977    -0.207
    -0.030    -0.984    -0.176
     0.170    -0.961    -0.218
     0.016    -0.985    -0.172
    -0.029    -0.999    -0.016
     0.170    -0.981    -0.091
     0.151    -0.966    -0.209
     0.086    -0.982    -0.167
     0.098    -0.990    -0.104
     0.125    -0.952    -0.280
     0.041    -0.990    -0.131
    -0.029    -0.999    -0.029
     0.174    -0.984    -0.026
     0.111    -0.976    -0.188
     0.048    -0.995    -0.087
     0.087    -0.955    -0.283
     0.115    -0.993    -0.026
     0.034    -0.991    -0.129
     0.128    -0.991    -0.046
     0.004    -0.993    -0.117
     0.256    -0.941    -0.220
     0.125    -0.989     0.079
     0.016    -0.971    -0.237
     0.185    -0.974    -0.133
     0.005    -1.000    -0.028
     0.205    -0.963    -0.177
     0.103    -0.995    -0.011
     0.040    -0.994    -0.100
     0.080    -0.994    -0.078
     0.027    -0.995    -0.094
    -0.028    -0.971    -0.238
     0.035    -0.997    -0.071
     0.082    -0.997    -0.001
     0.020    -0.976    -0.216
     0.086    -0.984    -0.155
     0.074    -0.977    -0.200
    -0.058    -0.996    -0.063
     0.122    -0.992    -0.025
     0.046    -0.980    -0.196
     0.052    -0.981    -0.188
     0.057    -0.976    -0.211
     0.005    -0.961    -0.276
     0.039    -0.975    -0.220
     0.167    -0.981    -0.104
     0.176    -0.982    -0.071
     0.073    -0.992    -0.105
    -0.029    -0.999    -0.033
     0.046    -0.999     0.015
    -0.018    -1.000    -0.000
     0.133    -0.968    -0.215
     0.129    -0.973    -0.191
    -0.108    -0.980    -0.170
     0.084    -0.994    -0.065
     0.180    -0.983    -0.018
     0.027    -0.977    -0.213
     0.054    -0.968    -0.245
     0.108    -0.991    -0.084
     0.124    -0.986    -0.113
     0.095    -0.995    -0.003
     0.003    -0.989    -0.149
     0.072    -0.995    -0.073
     0.108    -0.967    -0.232
    -0.018    -1.000    -0.013
     0.159    -0.984    -0.077
     0.108    -0.959    -0.260
    -0.004    -0.982    -0.187
     0.115    -0.992     0.045
     0.039    -0.982    -0.186
     0.073    -0.988    -0.136
     0.160    -0.987    -0.014
     0.054    -0.996    -0.075
    -0.008    -0.999    -0.053
     0.331    -0.937    -0.110
     0.108    -0.989    -0.105
     0.079    -0.995    -0.060
     0.022    -1.000     0.022
     0.016    -0.998     0.060
     0.169    -0.978    -0.123
     0.222    -0.957    -0.187
     0.130    -0.990    -0.050
     0.087    -0.960    -0.267
     0.204    -0.977    -0.058
     0.028    -0.978    -0.206
     0.126    -0.992     0.013
     0.082    -0.995    -0.065
     0.067    -0.994    -0.082
     0.257    -0.955    -0.146
     0.179    -0.957    -0.230
     0.167    -0.970    -0.178
     0.185    -0.973    -0.137
     0.031    -0.997    -0.074
     0.030    -0.993    -0.118
     0.178    -0.984    -0.004
     0.096    -0.989    -0.114
     0.047    -0.998    -0.045
     0.029    -0.990    -0.135
     0.111    -0.972    -0.205
     0.140    -0.949    -0.283
     0.107    -0.988    -0.110
    -0.010    -0.993    -0.114
     0.120    -0.988    -0.092
     0.050    -0.968    -0.245
     0.077    -0.996    -0.040
     0.171    -0.943    -0.287
     0.065    -0.997    -0.053
     0.189    -0.981    -0.049
     0.173    -0.954    -0.245
     0.217    -0.976     0.006
     0.126    -0.969    -0.211
     0.112    -0.977    -0.180
     0.072    -0.996    -0.047
     0.131    -0.983    -0.132
     0.066    -0.976    -0.207
     0.059    -0.998     0.007
    -0.040    -0.988    -0.148
     0.197    -0.961    -0.194
     0.016    -1.000     0.022
    -0.086    -0.990    -0.116
     0.252    -0.950    -0.186
     0.034    -0.991    -0.128
     0.132    -0.977    -0.167
    -0.001    -0.962    -0.272
     0.218    -0.961    -0.169
    -0.043    -0.994    -0.102
     0.113    -0.961    -0.253
     0.054    -0.984    -0.170
     0.015    -0.997    -0.070
     0.213    -0.950    -0.226
     0.133    -0.990    -0.056
     0.049    -0.981    -0.187
     0.031    -0.964    -0.264
     0.245    -0.969    -0.027
     0.175    -0.973    -0.154
    -0.029    -0.999     0.024
     0.019    -0.976    -0.215
     0.167    -0.965    -0.204
     0.109    -0.990     0.093
     0.288    -0.952    -0.106
     0.148    -0.985    -0.085
     0.081    -0.987    -0.136
    -0.029    -0.989    -0.145
     0.067    -0.984    -0.166
     0.072    -0.971    -0.229
     0.131    -0.945    -0.299
    -0.029    -0.992    -0.125
     0.076    -0.992    -0.102
     0.102    -0.976    -0.191
     0.122    -0.984    -0.132
     0.068    -0.963    -0.261
     0.049    -0.995    -0.087
     0.123    -0.983    -0.138
     0.054    -0.983    -0.177
     0.015    -0.989    -0.145
     0.208    -0.978    -0.031
     0.226    -0.953    -0.204
     0.078    -0.997     0.006
     0.107    -0.984    -0.139
     0.159    -0.986    -0.048
     0.059    -0.997     0.041
     0.075    -0.997    -0.015
     0.175    -0.984    -0.025
     0.057    -0.952    -0.302
     0.076    -0.970    -0.230
    -0.042    -0.998    -0.043
     0.087    -0.986    -0.143
    -0.018    -0.979    -0.203
     0.120    -0.957    -0.264
     0.043    -0.985    -0.165
     0.071    -0.983    -0.170
     0.061    -0.963    -0.262
     0.061    -0.997     0.046
     0.125    -0.969    -0.213
     0.054    -0.980    -0.190
    -0.014    -0.987    -0.158
     0.008    -0.982    -0.191
    -0.039    -0.993    -0.114
     0.163    -0.987    -0.008
     0.026    -0.995    -0.091
     0.023    -0.976    -0.217
     0.178    -0.983    -0.042
     0.063    -0.993    -0.099
     0.184    -0.957    -0.224
     0.082    -0.977    -0.198
     0.086    -0.989    -0.118
     0.112    -0.985    -0.128
     0.125    -0.969    -0.214
     0.070    -0.980    -0.184
     0.163    -0.986     0.024
     0.067    -0.994    -0.089
     0.199    -0.979    -0.037
     0.054    -0.998    -0.023
    -0.085    -0.995    -0.062
     0.062    -0.989    -0.133
     0.181    -0.982    -0.055
     0.022    -0.994    -0.103
     0.033    -0.996    -0.080
     0.032    -0.971    -0.235
     0.078    -0.980    -0.183
     0.053    -0.991    -0.126
     0.013    -0.981    -0.192
     0.082    -0.987    -0.136
     0.056    -0.991    -0.121
     0.100    -0.983    -0.153
    -0.062    -0.981    -0.183
     0.136    -0.989    -0.066
     0.176    -0.953    -0.247
     0.116    -0.986    -0.122
     0.050    -0.985    -0.166
     0.247    -0.944    -0.217
    -0.051    -0.986    -0.156
     0.072    -0.984    -0.165
     0.184    -0.969    -0.163
     0.124    -0.983    -0.137
    -0.060    -0.982    -0.178
     0.066    -0.992    -0.110
     0.060    -0.980    -0.191
     0.029    -0.998    -0.064
     0.071    -0.996    -0.053
     0.026    -0.987    -0.161
     0.183    -0.982    -0.052
     0.074    -0.997     0.019
     0.174    -0.969    -0.176
     0.145    -0.982    -0.123
    -0.083    -0.970    -0.229
     0.191    -0.977    -0.092
     0.163    -0.981    -0.107
     0.136    -0.959    -0.249
     0.158    -0.969    -0.192
    -0.020    -0.999    -0.037
     0.114    -0.985    -0.130
    -0.003    -1.000    -0.030
    -0.002    -0.967    -0.254
    -0.032    -0.980    -0.198
     0.044    -0.974    -0.220
     0.015    -0.990    -0.141
     0.015    -0.973    -0.232
    -0.042    -0.992    -0.115
     0.169    -0.943    -0.287
     0.094    -0.987    -0.131
     0.105    -0.990    -0.095
     0.052    -0.998    -0.021
     0.023    -0.996    -0.090
     0.154    -0.974    -0.167
     0.045    -0.986    -0.161
     0.030    -0.992    -0.120
     0.188    -0.944    -0.271
     0.202    -0.971    -0.126
    -0.076    -0.994     0.084
     0.143    -0.988     0.051
    -0.005    -0.991    -0.134
    -0.037    -0.981    -0.192
     0.067    -0.996    -0.053
    -0.002    -0.992    -0.127
     0.053    -0.997    -0.049
     0.077    -0.993    -0.084
     0.103    -0.988    -0.116
    -0.070    -0.997    -0.026
     0.073    -0.990    -0.119
     0.035    -0.990    -0.136
     0.025    -0.998    -0.060
     0.009    -0.997    -0.071
     0.043    -0.984    -0.176
     0.048    -0.992    -0.118
     0.076    -0.973    -0.219
     0.126    -0.955    -0.269
     0.117    -0.991    -0.070
     0.102    -0.991    -0.084
     0.093    -0.991    -0.100
     0.018    -1.000     0.010
     0.198    -0.928    -0.316
     0.076    -0.953    -0.293
     0.191    -0.969    -0.157
     0.136    -0.989    -0.066
     0.091    -0.992    -0.086
     0.114    -0.993     0.029
    -0.085    -0.994    -0.072
    -0.068    -0.979    -0.193
     0.098    -0.974    -0.205
     0.138    -0.971    -0.196
    -0.153    -0.985    -0.079
    -0.076    -0.987    -0.143
     0.108    -0.953    -0.283
     0.165    -0.956    -0.242
     0.141    -0.989    -0.039
     0.087    -0.995    -0.049
    -0.011    -0.990    -0.142
     0.022    -0.980    -0.199
     0.098    -0.986    -0.133
    -0.005    -0.975    -0.220
     0.110    -0.993    -0.047
    -0.032    -0.994    -0.105
     0.105    -0.994     0.035
    -0.006    -0.992    -0.126
     0.137    -0.970    -0.203
     0.080    -0.994    -0.078
     0.085    -0.981    -0.176
     0.046    -0.968    -0.246
     0.081    -0.991     0.102
     0.082    -0.993     0.081
     0.051    -0.992    -0.116
     0.247    -0.962     0.115
     0.089    -0.996    -0.026
     0.101    -0.995     0.005
     0.052    -0.997    -0.054
     0.201    -0.974    -0.108
    -0.137    -0.988    -0.077
     0.092    -0.988    -0.126
     0.047    -0.999     0.020
     0.056    -0.992    -0.115
     0.009    -0.990    -0.143
     0.129    -0.992     0.013
     0.078    -0.995    -0.067
    -0.017    -0.986    -0.167
     0.152    -0.984     0.092
     0.035    -0.971    -0.237
     0.225    -0.973    -0.054
    -0.020    -0.998    -0.064
     0.046    -0.995    -0.089
     0.125    -0.992     0.033
     0.071    -0.997     0.023
     0.150    -0.980    -0.131
    -0.054    -0.993    -0.103
     0.129    -0.991    -0.022
     0.196    -0.980    -0.047
    -0.007    -0.967    -0.256
     0.204    -0.979    -0.008
     0.032    -0.973    -0.229
     0.046    -0.991    -0.126
     0.054    -0.982    -0.178
     0.140    -0.957    -0.255
     0.117    -0.989    -0.089
     0.192    -0.968    -0.161
     0.274    -0.945    -0.179
     0.134    -0.981    -0.138
     0.102    -0.975    -0.195
     0.127    -0.989    -0.070
     0.046    -0.967    -0.250
    -0.067    -0.997    -0.049
     0.156    -0.987    -0.034
     0.038    -0.994     0.098
     0.193    -0.963    -0.190
     0.055    -0.993    -0.103
    -0.089    -0.980    -0.177
    -0.010    -0.984    -0.177
     0.036    -0.996    -0.078
     0.069    -0.994    -0.089
     0.312    -0.947    -0.071
     0.110    -0.978    -0.177
     0.027    -0.999    -0.043
     0.192    -0.961    -0.200
     0.081    -0.976    -0.201
     0.034    -0.980    -0.198
     0.062    -0.992    -0.110
     0.158    -0.984    -0.077
    -0.037    -0.999     0.028
     0.118    -0.988    -0.095
     0.027    -0.991    -0.134
    -0.095    -0.960    -0.265
     0.118    -0.992    -0.043
     0.153    -0.983    -0.102
    -0.016    -0.999     0.036
     0.109    -0.981    -0.159
     0.052    -0.994    -0.097
     0.206    -0.978    -0.021
     0.141    -0.990     0.005
     0.020    -0.981    -0.193
     0.122    -0.967    -0.223
     0.126    -0.989    -0.083
     0.133    -0.988    -0.077
     0.020    -0.990    -0.140
     0.077    -0.991    -0.110
    -0.075    -0.989    -0.125
     0.188    -0.966    -0.176
     0.059    -0.978    -0.200
     0.162    -0.982    -0.095
    -0.042    -0.997    -0.071
     0.112    -0.982    -0.151
     0.028    -0.991    -0.132
     0.064    -0.982    -0.180
     0.092    -0.954    -0.286
    -0.006    -0.999    -0.054
     0.048    -0.989    -0.137
     0.023    -0.995    -0.094
     0.148    -0.989     0.016
    -0.036    -0.959    -0.281
     0.115    -0.958    -0.261
     0.155    -0.987    -0.052
     0.041    -0.986    -0.159
     0.138    -0.989    -0.049
     0.132    -0.980    -0.150
     0.109    -0.976    -0.187
     0.057    -0.995    -0.087
    -0.030    -0.999    -0.023
     0.046    -0.972    -0.230
     0.078    -0.996    -0.037
     0.079    -0.986    -0.147
    -0.046    -0.976    -0.211
     0.040    -0.986    -0.164
     0.054    -0.976    -0.211
     0.025    -1.000    -0.010
     0.079    -0.994    -0.076
     0.155    -0.985    -0.081
     0.107    -0.990    -0.092
     0.130    -0.991     0.020
     0.087    -0.980    -0.177
     0.078    -0.996    -0.043
     0.117    -0.991     0.069
     0.253    -0.959    -0.129
     0.081    -0.995     0.050
    -0.055    -0.996    -0.068
     0.262    -0.929    -0.261
     0.155    -0.976    -0.154
     0.092    -0.989    -0.113
     0.066    -0.995     0.078
     0.180    -0.982    -0.052
     0.256    -0.952    -0.169
     0.045    -0.993    -0.113
    -0.005    -0.990    -0.140
    -0.086    -0.990    -0.110
     0.018    -0.969    -0.246
     0.034    -0.986    -0.161
    -0.014    -0.987    -0.160
     0.038    -0.999    -0.009
     0.163    -0.985     0.064
     0.274    -0.952    -0.134
     0.171    -0.950    -0.263
    -0.028    -0.989    -0.142
     0.181    -0.983    -0.029
     0.220    -0.974    -0.055
     0.073    -0.994    -0.085
     0.078    -0.978    -0.195
     0.065    -0.996    -0.065
     0.152    -0.983    -0.101
    -0.029    -0.985    -0.168
     0.001    -0.998     0.069
     0.022    -0.990    -0.137
     0.182    -0.968    -0.172
     0.001    -0.993    -0.120
     0.036    -0.996    -0.083
    -0.058    -0.983    -0.176
     0.124    -0.986    -0.108
     0.124    -0.985    -0.120
     0.241    -0.947    -0.210
     0.162    -0.981    -0.109
     0.069    -0.997    -0.026
     0.129    -0.981    -0.148
     0.037    -0.998    -0.042
     0.150    -0.979    -0.140
     0.099    -0.982    -0.161
    -0.017    -0.945    -0.326
     0.005    -0.992    -0.126
     0.103    -0.977    -0.188
     0.115    -0.987    -0.113
     0.036    -0.995    -0.095
     0.080    -0.985    -0.150
    -0.004    -0.985    -0.171
     0.180    -0.983    -0.031
     0.216    -0.976     0.000
    -0.006    -0.994    -0.113
     0.100    -0.975    -0.198
     0.105    -0.994     0.011
    -0.061    -0.988    -0.145
    -0.005    -0.956    -0.292
     0.081    -0.987    -0.137
     0.086    -0.987    -0.139
     0.060    -0.994    -0.091
     0.051    -0.996    -0.073
     0.014    -0.995    -0.095
     0.100    -0.991    -0.088
    -0.012    -0.981    -0.191
    -0.010    -0.984    -0.179
     0.018    -0.995    -0.097
    -0.060    -0.988    -0.143
    -0.111    -0.986    -0.122
    -0.008    -0.995    -0.098
     0.028    -0.991    -0.129
     0.070    -0.960    -0.272
     0.177    -0.977    -0.123
     0.080    -0.993    -0.088
    -0.007    -0.971    -0.238
     0.131    -0.970    -0.202
     0.179    -0.979    -0.097
     0.144    -0.976    -0.164
     0.078    -0.991    -0.110
     0.156    -0.985    -0.076
     0.085    -0.970    -0.229
     0.180    -0.954    -0.239
     0.131    -0.989    -0.069
     0.044    -0.991    -0.124
     0.191    -0.982     0.002
     0.037    -0.976    -0.214
    -0.041    -0.999    -0.026
     0.052    -0.992    -0.112
     0.051    -0.989    -0.140
     0.167    -0.957    -0.237
     0.018    -0.992    -0.126
     0.233    -0.961    -0.152
    -0.069    -0.965    -0.254
     0.108    -0.966    -0.236
     0.060    -0.973    -0.224
     0.004    -0.979    -0.205
     0.078    -0.992    -0.102
     0.075    -0.990    -0.116
     0.065    -0.988    -0.142
     0.142    -0.966    -0.216
    -0.016    -0.977    -0.214
     0.212    -0.974     0.087
     0.040    -0.978    -0.207
     0.175    -0.984     0.026
     0.140    -0.986    -0.091
     0.108    -0.994    -0.030
    -0.086    -0.994    -0.064
     0.141    -0.976    -0.169
     0.113    -0.972    -0.206
     0.093    -0.957    -0.275
     0.009    -0.994     0.105
     0.080    -0.983    -0.163
    -0.039    -0.969    -0.245
     0.112    -0.974    -0.197
     0.101    -0.978    -0.184
     0.087    -0.955    -0.283
     0.115    -0.983    -0.143
     0.134    -0.991    -0.025
     0.054    -0.997     0.060
     0.042    -0.988    -0.146
     0.121    -0.988    -0.096
     0.046    -0.968    -0.247
     0.044    -0.948    -0.316
    -0.034    -0.999     0.011
     0.309    -0.947    -0.092
     0.103    -0.974    -0.200
     0.081    -0.994    -0.072
    -0.019    -0.942    -0.335
    -0.005    -0.998    -0.056
     0.096    -0.987    -0.132
     0.137    -0.976    -0.171
    -0.013    -1.000     0.007
     0.038    -0.999    -0.002
     0.245    -0.969     0.025
    -0.048    -0.968    -0.247
     0.037    -0.964    -0.263
     0.102    -0.995     0.019
     0.122    -0.986    -0.116
     0.084    -0.970    -0.226
     0.092    -0.992    -0.085
     0.066    -0.998     0.009
     0.136    -0.970    -0.203
     0.053    -0.995     0.084
     0.177    -0.980     0.086
     0.092    -0.957    -0.275
     0.020    -0.983    -0.181
    -0.075    -0.993    -0.088
     0.130    -0.991    -0.032
     0.085    -0.996     0.010
     0.128    -0.988    -0.087
     0.076    -0.968    -0.238
     0.012    -1.000    -0.021
     0.184    -0.972    -0.143
     0.066    -0.985    -0.160
    -0.058    -0.988    -0.145
     0.096    -0.995    -0.011
     0.014    -0.973    -0.230
     0.159    -0.984    -0.077
     0.023    -0.999    -0.037
     0.048    -0.996    -0.077
     0.153    -0.985    -0.076
    -0.016    -0.992    -0.123
     0.018    -0.953    -0.303
     0.215    -0.976    -0.040
     0.067    -0.972    -0.226
     0.023    -0.988    -0.153
     0.088    -0.985    -0.145
     0.128    -0.991    -0.023
     0.219    -0.973    -0.079
     0.120    -0.993    -0.010
    -0.103    -0.986    -0.132
     0.106    -0.989    -0.103
     0.078    -0.996    -0.050
     0.126    -0.976    -0.177
     0.100    -0.994     0.048
     0.018    -0.993    -0.114
     0.131    -0.981    -0.142
     0.024    -0.979    -0.203
    -0.052    -0.998    -0.031
     0.017    -1.000    -0.001
     0.056    -0.979    -0.197
     0.023    -0.999    -0.031
     0.064    -0.989    -0.134
     0.287    -0.939    -0.191
     0.191    -0.982     0.009
     0.158    -0.976    -0.147
     0.000    -1.000     0.013
     0.006    -0.987    -0.160
     0.254    -0.964    -0.081
     0.118    -0.985    -0.128
     0.042    -0.996    -0.084
     0.070    -0.992    -0.104
     0.107    -0.991    -0.076
     0.058    -0.975    -0.215
    -0.097    -0.989    -0.114
    -0.005    -0.994    -0.105
     0.059    -0.980    -0.190
    -0.014    -0.999    -0.046
     0.136    -0.987    -0.089
     0.054    -0.986    -0.160
     0.089    -0.994    -0.059
    -0.033    -0.965    -0.261
    -0.071    -0.997    -0.025
     0.149    -0.978    -0.148
     0.066    -0.992    -0.105
    -0.023    -0.994    -0.104
     0.183    -0.983    -0.030
     0.149    -0.963    -0.226
     0.038    -0.988    -0.152
    -0.047    -0.959    -0.279
     0.043    -0.998    -0.049
     0.167    -0.979    -0.114
     0.042    -0.978    -0.206
     0.120    -0.986    -0.115
    -0.048    -0.991    -0.127
     0.092    -0.957    -0.274
     0.222    -0.969    -0.107
     0.119    -0.987    -0.105
     0.065    -0.993    -0.099
     0.019    -0.982    -0.190
     0.031    -0.968    -0.250
     0.081    -0.996    -0.040
     0.032    -0.971    -0.237
     0.138    -0.973    -0.187
     0.039    -0.995    -0.087
     0.308    -0.950     0.050
    -0.007    -1.000    -0.015
     0.004    -0.992    -0.124
     0.067    -0.997    -0.033
    -0.109    -0.974    -0.197
     0.213    -0.966    -0.146
     0.074    -0.995    -0.073
    -0.012    -0.994    -0.104
     0.108    -0.991    -0.085
     0.165    -0.986    -0.029
     0.028    -1.000    -0.008
     0.009    -0.975    -0.220
    -0.053    -0.999    -0.002
     0.039    -0.994    -0.103
     0.048    -0.996    -0.073
    -0.038    -0.992    -0.123
     0.077    -0.992    -0.100
     0.034    -0.999    -0.018
     0.012    -0.974    -0.226
     0.225    -0.974    -0.017
     0.128    -0.989    -0.070
     0.068    -0.997    -0.038
     0.097    -0.984    -0.152
    -0.046    -0.985    -0.164
     0.035    -0.999    -0.037
    -0.064    -0.987    -0.147
     0.071    -0.997     0.035
     0.159    -0.979    -0.125
     0.082    -0.996     0.038
     0.067    -0.987    -0.149
     0.259    -0.960    -0.110
     0.112    -0.975    -0.194
     0.090    -0.980    -0.175
     0.142    -0.974    -0.177
     0.051    -0.991    -0.121
     0.013    -0.998    -0.055
     0.139    -0.951    -0.276
     0.146    -0.953    -0.264
     0.169    -0.985     0.027
     0.060    -0.994    -0.087
     0.170    -0.912    -0.372
     0.183    -0.966    -0.182
     0.111    -0.972    -0.206
    -0.023    -0.994    -0.103
     0.162    -0.984    -0.075
     0.018    -0.997    -0.079
     0.168    -0.979    -0.112
     0.119    -0.991    -0.065
     0.192    -0.980    -0.046
     0.172    -0.974    -0.150
     0.114    -0.947    -0.299
     0.135    -0.982    -0.131
     0.080    -0.949    -0.304
     0.209    -0.965    -0.160
     0.175    -0.967    -0.183
     0.112    -0.991    -0.075
     0.215    -0.959    -0.185
     0.001    -0.990    -0.139
     0.078    -0.962    -0.263
    -0.010    -0.990    -0.142
     0.169    -0.963    -0.210
     0.041    -0.975    -0.219
     0.178    -0.966    -0.185
    -0.022    -0.997    -0.071
     0.026    -0.980    -0.199
     0.062    -0.994    -0.089
     0.054    -0.992    -0.116
     0.088    -0.981    -0.175
     0.128    -0.976    -0.175
     0.189    -0.957    -0.222
     0.094    -0.962    -0.256
     0.099    -0.994    -0.034
     0.197    -0.955    -0.220
     0.153    -0.988    -0.004
    -0.082    -0.988    -0.130
     0.118    -0.993     0.022
     0.054    -0.994    -0.097
     0.196    -0.975    -0.106
     0.030    -0.992    -0.122
     0.110    -0.987    -0.115
     0.017    -0.987    -0.161
     0.070    -0.994    -0.089
    -0.004    -0.994    -0.105
     0.172    -0.978    -0.119
     0.036    -0.990    -0.135
     0.148    -0.965    -0.216
     0.064    -0.983    -0.174
     0.079    -0.975    -0.210
    -0.083    -0.974    -0.209
     0.191    -0.970    -0.153
     0.032    -0.998    -0.057
     0.102    -0.993    -0.051
     0.141    -0.959    -0.247
     0.103    -0.977    -0.185
     0.037    -0.994    -0.104
     0.116    -0.993    -0.007
     0.179    -0.976    -0.125
     0.172    -0.932    -0.319
     0.072    -0.992    -0.106
    -0.035    -0.987    -0.155
    -0.025    -0.995    -0.096
     0.123    -0.983    -0.138
     0.106    -0.993    -0.049
    -0.065    -0.993    -0.098
     0.014    -1.000    -0.014
     0.063    -0.987    -0.145
    -0.002    -1.000    -0.004
     0.123    -0.992    -0.007
     0.119    -0.975    -0.188
     0.094    -0.995    -0.026
     0.035    -0.987    -0.157
     0.112    -0.987    -0.117
     0.055    -0.953    -0.299
     0.124    -0.964    -0.234
     0.007    -0.996    -0.088
     0.077    -0.982    -0.170
    -0.027    -0.993    -0.112
     0.126    -0.954    -0.271
     0.207    -0.978    -0.035
     0.093    -0.994    -0.064
     0.058    -0.992    -0.115
     0.178    -0.964    -0.196
    -0.034    -0.996    -0.077
     0.070    -0.976    -0.206
     0.118    -0.978    -0.173
     0.064    -0.998    -0.023
     0.102    -0.990    -0.098
     0.093    -0.980    -0.174
     0.188    -0.967    -0.171
     0.042    -0.953    -0.301
     0.066    -0.984    -0.164
     0.115    -0.986    -0.122
     0.131    -0.975    -0.182
    -0.015    -0.979    -0.203
     0.130    -0.968    -0.216
     0.159    -0.987    -0.026
     0.030    -0.994    -0.103
     0.126    -0.971    -0.204
     0.170    -0.965    -0.197
     0.248    -0.939    -0.236
     0.078    -0.997     0.019
     0.146    -0.976    -0.159
     0.083    -0.993    -0.089
     0.228    -0.971    -0.076
     0.156    -0.981    -0.113
     0.041    -0.999     0.004
     0.226    -0.960    -0.165
     0.045    -0.986    -0.158
     0.168    -0.962    -0.217
     0.019    -0.992    -0.128
     0.143    -0.955    -0.260
     0.044    -0.961    -0.275
     0.027    -0.994    -0.104
     0.248    -0.935    -0.252
     0.110    -0.980    -0.166
     0.134    -0.961    -0.240
     0.076    -0.975    -0.207
     0.078    -0.997     0.019
     0.133    -0.990    -0.037
     0.135    -0.980    -0.144
     0.116    -0.976    -0.186
     0.045    -0.984    -0.173
     0.042    -0.999     0.002
     0.055    -0.996    -0.070
     0.094    -0.994    -0.050
    -0.010    -0.980    -0.197
     0.083    -0.996    -0.033
     0.135    -0.985    -0.105
    -0.033    -0.977    -0.211
     0.111    -0.968    -0.223
     0.056    -0.991    -0.123
     0.050    -0.998     0.049
     0.142    -0.986    -0.090
     0.288    -0.946    -0.153
     0.035    -0.986    -0.160
     0.122    -0.992    -0.019
     0.112    -0.984    -0.142
     0.200    -0.967    -0.158
     0.125    -0.976    -0.178
     0.125    -0.989    -0.082
     0.149    -0.972    -0.180
     0.187    -0.958    -0.217
     0.110    -0.974    -0.196
    -0.003    -0.983    -0.182
     0.061    -0.987    -0.151
     0.052    -0.988    -0.146
     0.081    -0.976    -0.202
     0.173    -0.984    -0.048
     0.144    -0.989    -0.014
     0.126    -0.972    -0.197
     0.083    -0.963    -0.255
     0.174    -0.973    -0.152
    -0.034    -0.973    -0.229
    -0.000    -0.981    -0.195
     0.105    -0.986    -0.131
     0.043    -0.999     0.010
     0.104    -0.995     0.000
     0.067    -0.979    -0.193
     0.148    -0.970    -0.191
     0.107    -0.992    -0.073
    -0.164    -0.986    -0.027
    -0.014    -0.999    -0.038
     0.024    -0.996    -0.086
     0.102    -0.898    -0.428
    -0.010    -0.999     0.034
     0.225    -0.974    -0.009
     0.027    -0.998    -0.062
    -0.004    -0.993    -0.118
     0.059    -0.974    -0.218
     0.108    -0.993    -0.043
    -0.049    -0.976    -0.214
     0.137    -0.982     0.129
    -0.030    -0.997    -0.077
    -0.001    -0.982    -0.188
     0.139    -0.982    -0.128
    -0.035    -0.984    -0.173
     0.071    -0.993    -0.095
     0.018    -0.999    -0.044
     0.127    -0.992     0.011
     0.157    -0.984    -0.088
    -0.120    -0.989    -0.082
     0.033    -0.997    -0.073
     0.206    -0.970    -0.131
    -0.017    -0.984    -0.179
     0.061    -0.961    -0.268
     0.194    -0.980    -0.051
     0.135    -0.985    -0.108
     0.128    -0.980    -0.156
     0.099    -0.987    -0.124
    -0.229    -0.951    -0.206
     0.183    -0.978    -0.097
     0.134    -0.989    -0.056
     0.102    -0.981    -0.164
     0.227    -0.924    -0.307
     0.012    -0.998    -0.063
     0.050    -0.998    -0.022
     0.159    -0.964    -0.213
    -0.060    -0.995    -0.078
     0.047    -0.999    -0.010
     0.060    -0.998    -0.034
     0.001    -0.986    -0.164
     0.118    -0.988    -0.099
    -0.075    -0.995    -0.067
     0.145    -0.969    -0.198
     0.086    -0.992    -0.093
     0.106    -0.990    -0.092
     0.082    -0.994    -0.067
     0.041    -0.995    -0.094
     0.007    -0.987    -0.163
     0.116    -0.978    -0.175
     0.180    -0.971    -0.159
     0.016    -0.987    -0.160
    -0.031    -0.984    -0.178
     0.011    -0.998    -0.068
     0.131    -0.965    -0.228
    -0.001    -0.969    -0.245
     0.105    -0.982    -0.158
     0.092    -0.962    -0.257
     0.027    -0.992    -0.126
    -0.082    -0.993    -0.084
     0.101    -0.961    -0.257
     0.132    -0.950    -0.282
     0.048    -0.977    -0.208
     0.127    -0.976    -0.178
     0.098    -0.993    -0.064
     0.234    -0.962    -0.140
     0.019    -0.987    -0.159
     0.035    -0.950    -0.310
     0.044    -0.997    -0.059
     0.098    -0.974    -0.204
     0.014    -0.989    -0.148
     0.076    -0.993    -0.094
     0.123    -0.983    -0.139
     0.010    -0.997    -0.077
     0.061    -0.992    -0.111
     0.195    -0.968    -0.156
     0.085    -0.995    -0.053
     0.221    -0.965    -0.139
     0.055    -0.973    -0.224
     0.201    -0.967    -0.159
     0.071    -0.997    -0.016
     0.140    -0.967    -0.214
     0.092    -0.996    -0.004
     0.084    -0.943    -0.323
    -0.068    -0.997    -0.021
    -0.136    -0.984    -0.111
     0.058    -0.973    -0.222
     0.193    -0.980    -0.049
    -0.046    -0.975    -0.217
     0.222    -0.918    -0.329
     0.147    -0.988    -0.053
     0.212    -0.967    -0.142
     0.074    -0.994    -0.085
     0.177    -0.981    -0.075
    -0.009    -0.989    -0.146
     0.044    -0.977    -0.207
     0.053    -0.968    -0.244
    -0.118    -0.993     0.001
     0.125    -0.968    -0.218
     0.069    -0.996    -0.051
     0.023    -0.995    -0.100
     0.204    -0.963    -0.176
     0.053    -0.997    -0.055
    -0.004    -0.988    -0.153
     0.061    -0.998    -0.018
     0.073    -0.984    -0.160
     0.116    -0.984    -0.135
    -0.058    -0.982    -0.180
     0.039    -0.996    -0.080
     0.248    -0.960    -0.128
    -0.009    -0.998    -0.069
    -0.069    -0.992    -0.107
     0.159    -0.975    -0.152
     0.139    -0.966    -0.220
     0.138    -0.959    -0.247
     0.072    -0.977    -0.203
     0.048    -0.984    -0.172
     0.168    -0.986     0.013
    -0.008    -0.996    -0.084
    -0.006    -0.972    -0.235
     0.176    -0.957    -0.231
     0.124    -0.981    -0.152
     0.101    -0.963    -0.248
     0.092    -0.985    -0.146
     0.129    -0.974    -0.185
     0.143    -0.961    -0.238
     0.100    -0.993    -0.065
     0.119    -0.990    -0.081
     0.159    -0.977    -0.143
     0.028    -0.978    -0.206
     0.158    -0.960    -0.232
     0.094    -0.982    -0.164
     0.088    -0.987    -0.133
     0.109    -0.994    -0.021
     0.030    -0.996    -0.088
     0.049    -0.971    -0.235
     0.142    -0.980    -0.140
     0.165    -0.946    -0.277
     0.135    -0.958    -0.254
    -0.033    -0.969    -0.244
     0.170    -0.985     0.012
     0.074    -0.987    -0.145
     0.042    -0.991    -0.127
     0.067    -0.998     0.000
     0.067    -0.989    -0.129
     0.192    -0.973    -0.125
     0.123    -0.987    -0.108
    -0.004    -0.975    -0.220
    -0.033    -0.994    -0.104
     0.141    -0.964    -0.227
    -0.024    -0.995    -0.092
     0.265    -0.935    -0.236
     0.111    -0.983    -0.148
     0.190    -0.958    -0.213
     0.202    -0.979    -0.027
     0.277    -0.961     0.016
     0.074    -0.981    -0.182
    -0.018    -0.999    -0.039
     0.050    -0.996    -0.070
    -0.067    -0.994    -0.085
     0.021    -0.999    -0.030
     0.109    -0.987    -0.119
     0.122    -0.985    -0.126
     0.241    -0.964    -0.112
     0.084    -0.991    -0.101
     0.183    -0.982    -0.051
     0.191    -0.981    -0.024
     0.154    -0.970    -0.189
    -0.012    -0.993    -0.122
    -0.040    -0.997    -0.073
     0.255    -0.963    -0.087
    -0.065    -0.961    -0.271
     0.212    -0.975    -0.071
     0.079    -0.973    -0.217
     0.051    -0.993    -0.109
     0.152    -0.983    -0.104
    -0.026    -0.998    -0.054
     0.166    -0.974    -0.154
     0.048    -0.992    -0.120
     0.006    -0.982    -0.191
    -0.049    -0.986    -0.156
     0.117    -0.993     0.019
    -0.072    -0.993    -0.099
     0.015    -0.997    -0.078
     0.007    -0.982    -0.187
     0.027    -0.999    -0.019
     0.191    -0.982     0.002
     0.148    -0.988    -0.041
     0.075    -0.978    -0.192
     0.017    -0.999    -0.033
     0.125    -0.975    -0.185
     0.073    -0.984    -0.160
     0.097    -0.993    -0.062
    -0.049    -0.998    -0.030
     0.006    -1.000     0.000
     0.113    -0.993    -0.032
    -0.029    -0.993    -0.112
     0.077    -0.993    -0.091
     0.077    -0.997    -0.021
     0.026    -0.966    -0.257
     0.049    -0.999    -0.013
     0.076    -0.997    -0.029
     0.081    -0.985    -0.152
     0.058    -0.993    -0.101
     0.109    -0.987    -0.115
    -0.010    -1.000    -0.023
     0.173    -0.966    -0.192
     0.155    -0.972    -0.175
     0.006    -0.995    -0.104
     0.036    -0.989    -0.147
     0.200    -0.977    -0.068
    -0.037    -0.997    -0.071
     0.269    -0.945    -0.188
     0.070    -0.997     0.018
     0.115    -0.991    -0.061
     0.137    -0.968    -0.212
     0.083    -0.987    -0.138
     0.046    -0.979    -0.197
     0.083    -0.992    -0.097
     0.036    -0.980    -0.196
     0.036    -0.989    -0.143
     0.175    -0.974    -0.146
     0.100    -0.985    -0.144
     0.037    -0.999    -0.015
     0.130    -0.980    -0.152
     0.161    -0.965    -0.206
     0.000    -0.997    -0.071
     0.074    -0.995    -0.070
     0.095    -0.981    -0.168
     0.004    -0.998     0.060
     0.081    -0.997    -0.021
     0.111    -0.992    -0.051
     0.185    -0.975    -0.120
     0.135    -0.991    -0.017
     0.061    -0.982    -0.178
     0.024    -1.000    -0.019
     0.038    -0.985    -0.166
     0.033    -0.994    -0.106
     0.102    -0.986    -0.135
    -0.047    -0.988    -0.150
    -0.018    -0.998    -0.052
     0.049    -0.990    -0.133
    -0.035    -0.995    -0.089
     0.194    -0.965    -0.178
     0.129    -0.989    -0.076
     0.146    -0.979    -0.141
     0.110    -0.990    -0.092
     0.141    -0.988    -0.070
     0.095    -0.975    -0.199
     0.113    -0.991    -0.076
     0.105    -0.985    -0.139
    -0.175    -0.984    -0.040
    -0.150    -0.969    -0.195
     0.071    -0.970    -0.233
     0.063    -0.992    -0.111
     0.146    -0.982    -0.117
    -0.022    -0.998    -0.061
    -0.067    -0.998     0.002
     0.160    -0.986    -0.034
     0.120    -0.979    -0.162
     0.064    -0.996    -0.068
    -0.021    -0.998    -0.058
     0.081    -0.986    -0.148
    -0.045    -0.998     0.046
     0.076    -0.989    -0.129
     0.010    -0.943    -0.332
     0.088    -0.986    -0.138
     0.082    -0.976    -0.199
     0.102    -0.980    -0.171
     0.068    -0.990    -0.127
     0.019    -0.993    -0.120
     0.140    -0.939    -0.313
     0.154    -0.966    -0.208
     0.015    -0.990    -0.138
     0.083    -0.996    -0.026
     0.123    -0.985    -0.118
     0.272    -0.949    -0.159
     0.089    -0.984    -0.153
     0.055    -0.961    -0.270
     0.157    -0.975    -0.157
     0.042    -0.995    -0.092
    -0.077    -0.983    -0.168
     0.014    -0.991    -0.136
     0.083    -0.994    -0.067
     0.036    -0.991    -0.129
     0.042    -0.999    -0.001
     0.166    -0.984    -0.071
     0.044    -0.980    -0.195
     0.186    -0.978    -0.097
     0.063    -0.980    -0.189
     0.052    -0.996    -0.079
    -0.026    -0.976    -0.215
     0.128    -0.980    -0.153
     0.087    -0.983    -0.164
     0.074    -0.996     0.045
     0.024    -0.965    -0.260
     0.229    -0.972    -0.059
     0.030    -0.987    -0.159
     0.062    -0.997     0.055
     0.031    -0.973    -0.229
    -0.017    -0.999    -0.042
    -0.010    -0.988    -0.152
     0.093    -0.986    -0.136
     0.112    -0.992    -0.061
     0.142    -0.990    -0.022
     0.185    -0.967    -0.177
    -0.054    -0.997     0.058
    -0.098    -0.966    -0.237
     0.054    -0.983    -0.176
     0.054    -0.986    -0.158
     0.110    -0.968    -0.227
     0.058    -0.995    -0.080
     0.048    -0.999    -0.010
     0.120    -0.993    -0.022
    -0.100    -0.982    -0.162
     0.174    -0.984    -0.048
     0.001    -0.982    -0.190
     0.167    -0.986     0.013
     0.065    -0.988    -0.143
     0.129    -0.986    -0.104
     0.213    -0.968    -0.134
     0.176    -0.981    -0.083
     0.079    -0.994    -0.075
    -0.008    -1.000     0.005
     0.090    -0.969    -0.228
     0.011    -0.982    -0.189
     0.275    -0.960    -0.050
     0.146    -0.988    -0.039
     0.056    -0.986    -0.158
     0.065    -0.984    -0.166
     0.158    -0.978    -0.134
     0.162    -0.961    -0.225
     0.140    -0.989     0.053
     0.101    -0.971    -0.216
     0.177    -0.983    -0.040
     0.002    -0.999    -0.036
     0.013    -0.986    -0.165
     0.096    -0.991    -0.096
     0.152    -0.964    -0.219
    -0.114    -0.977    -0.180
     0.054    -0.997     0.049
     0.147    -0.975    -0.165
     0.119    -0.980    -0.159
     0.001    -0.996    -0.093
     0.225    -0.971     0.086
     0.012    -0.996    -0.091
     0.046    -0.980    -0.192
     0.030    -0.993    -0.111
     0.195    -0.977    -0.083
     0.025    -0.994    -0.103
     0.124    -0.975    -0.185
     0.208    -0.973    -0.103
     0.118    -0.986    -0.121
     0.152    -0.982    -0.110
    -0.033    -0.991    -0.131
     0.125    -0.990     0.060
    -0.044    -0.992    -0.115
     0.143    -0.973    -0.179
     0.126    -0.982    -0.143
     0.048    -0.986    -0.159
     0.113    -0.993    -0.041
     0.172    -0.975    -0.144
     0.183    -0.981    -0.058
     0.054    -0.991    -0.122
     0.018    -0.996    -0.086
     0.181    -0.980    -0.078
     0.024    -0.991    -0.128
     0.009    -0.996    -0.089
     0.292    -0.956    -0.034
     0.101    -0.989    -0.107
     0.131    -0.944    -0.301
     0.121    -0.988    -0.092
     0.097    -0.993    -0.067
     0.009    -0.998    -0.062
     0.156    -0.983    -0.092
     0.179    -0.974    -0.137
     0.110    -0.978    -0.178
     0.164    -0.968    -0.192
     0.167    -0.985    -0.049
     0.101    -0.982    -0.162
     0.277    -0.960    -0.034
    -0.025    -0.987    -0.156
     0.053    -0.952    -0.303
     0.146    -0.969    -0.202
     0.131    -0.991    -0.000
     0.161    -0.985    -0.059
     0.171    -0.983    -0.072
     0.151    -0.982    -0.115
     0.139    -0.981    -0.132
     0.097    -0.991    -0.090
     0.127    -0.991    -0.041
     0.154    -0.983    -0.098
     0.150    -0.969    -0.195
     0.027    -0.977    -0.211
     0.177    -0.981    -0.082
     0.083    -0.991    -0.103
     0.150    -0.986    -0.077
    -0.037    -0.995    -0.095
    -0.034    -0.987    -0.159
     0.052    -0.995    -0.084
     0.215    -0.974    -0.073
     0.067    -0.990    -0.121
     0.011    -0.995    -0.100
     0.088    -0.989    -0.117
     0.068    -0.986    -0.151
     0.094    -0.992    -0.086
     0.029    -0.999    -0.015
     0.033    -0.988    -0.153
     0.153    -0.978    -0.141
     0.143    -0.978    -0.151
    -0.005    -0.995    -0.100
     0.144    -0.976    -0.160
     0.102    -0.944    -0.314
     0.114    -0.989    -0.091
     0.036    -0.994    -0.105
     0.087    -0.988    -0.129
     0.030    -0.920    -0.392
     0.040    -0.995    -0.088
     0.013    -0.991    -0.136
    -0.019    -1.000     0.022
     0.083    -0.977    -0.194
     0.112    -0.944    -0.311
     0.010    -0.986    -0.167
     0.131    -0.984    -0.118
    -0.035    -0.998     0.046
     0.042    -0.999    -0.028
     0.184    -0.963    -0.199
     0.133    -0.988    -0.078
    -0.011    -1.000     0.002
     0.075    -0.980    -0.184
    -0.043    -0.991    -0.126
     0.289    -0.956    -0.049
     0.024    -0.989    -0.149
     0.101    -0.990    -0.102
     0.109    -0.973    -0.203
     0.365    -0.929    -0.061
     0.166    -0.937    -0.308
    -0.000    -1.000    -0.029
     0.118    -0.983    -0.143
     0.071    -0.984    -0.161
     0.138    -0.986    -0.092
     0.127    -0.970    -0.207
     0.185    -0.975    -0.127
     0.004    -0.998    -0.057
     0.131    -0.982    -0.137
     0.150    -0.974    -0.171
     0.066    -0.992    -0.109
    -0.010    -0.997    -0.082
     0.144    -0.989    -0.039
     0.144    -0.946    -0.291
     0.140    -0.968    -0.210
     0.090    -0.996    -0.001
    -0.039    -0.999    -0.024
     0.144    -0.949    -0.281
     0.085    -0.981    -0.177
    -0.039    -0.990     0.134
     0.073    -0.997    -0.002
     0.015    -0.988    -0.155
     0.119    -0.978    -0.174
     0.021    -0.999    -0.043
     0.145    -0.961    -0.235
     0.147    -0.982    -0.121
     0.149    -0.979    -0.139
     0.112    -0.985    -0.134
     0.100    -0.974    -0.202
     0.140    -0.959    -0.248
     0.002    -1.000     0.025
     0.173    -0.979    -0.107
    -0.041    -0.997    -0.058
     0.110    -0.964    -0.241
     0.148    -0.985    -0.085
     0.091    -0.975    -0.205
     0.132    -0.984    -0.122
     0.052    -0.995    -0.086
     0.201    -0.975    -0.092
    -0.027    -0.999    -0.035
     0.072    -0.969    -0.238
     0.107    -0.982    -0.154
    -0.040    -0.978    -0.204
    -0.037    -0.985    -0.171
     0.077    -0.994    -0.082
     0.084    -0.983    -0.165
     0.149    -0.988     0.037
     0.197    -0.979    -0.049
    -0.023    -1.000     0.010
    -0.027    -0.988    -0.152
     0.083    -0.985    -0.150
     0.034    -0.989    -0.141
    -0.020    -0.999    -0.031
     0.031    -0.999    -0.029
     0.060    -0.993    -0.103
     0.221    -0.972    -0.082
     0.143    -0.974    -0.177
    -0.017    -0.985    -0.173
     0.068    -0.991    -0.115
     0.021    -0.985    -0.168
     0.075    -0.997     0.022
     0.128    -0.987    -0.100
     0.103    -0.984    -0.142
     0.115    -0.975    -0.190
     0.105    -0.977    -0.186
     0.045    -0.994    -0.103
    -0.098    -0.995    -0.011
     0.184    -0.977    -0.108
     0.008    -0.974    -0.225
     0.131    -0.983    -0.130
     0.132    -0.971    -0.200
     0.167    -0.972    -0.168
     0.011    -0.969    -0.246
     0.094    -0.988    -0.127
     0.025    -0.998    -0.065
    -0.111    -0.974    -0.198
    -0.026    -0.970    -0.243
     0.173    -0.951    -0.257
    -0.191    -0.954    -0.231
    -0.072    -0.992    -0.101
     0.090    -0.982    -0.168
     0.018    -0.977    -0.211
     0.037    -0.984    -0.177
     0.065    -0.959    -0.275
     0.095    -0.979    -0.180
     0.216    -0.975    -0.055
    -0.085    -0.991    -0.100
     0.170    -0.983    -0.074
     0.091    -0.995    -0.046
     0.179    -0.976    -0.127
     0.018    -0.999     0.033
     0.283    -0.953    -0.107
     0.183    -0.970    -0.159
     0.122    -0.992    -0.010
     0.062    -0.988     0.139
    -0.028    -0.974    -0.226
     0.039    -0.998    -0.043
     0.144    -0.980    -0.136
     0.046    -0.975    -0.217
     0.234    -0.965    -0.122
     0.098    -0.990    -0.106
     0.129    -0.972    -0.197
     0.155    -0.950    -0.270
    -0.022    -0.990    -0.143
     0.054    -0.977    -0.206
    -0.123    -0.992    -0.027
     0.128    -0.970    -0.208
     0.078    -0.986    -0.150
     0.213    -0.974    -0.083
     0.194    -0.975    -0.106
     0.057    -0.995    -0.078
     0.220    -0.975    -0.031
     0.003    -0.967    -0.253
     0.016    -0.998    -0.067
     0.039    -0.991    -0.125
     0.050    -0.989    -0.140
     0.117    -0.993     0.033
     0.121    -0.986    -0.113
     0.167    -0.982    -0.082
     0.197    -0.942    -0.270
     0.159    -0.960    -0.233
     0.029    -0.991    -0.133
    -0.069    -0.992    -0.103
     0.111    -0.992    -0.064
     0.259    -0.933    -0.250
     0.028    -0.987    -0.159
     0.035    -0.986    -0.163
     0.005    -0.968    -0.251
     0.026    -0.992    -0.121
     0.024    -0.998    -0.059
     0.116    -0.993    -0.031
    -0.003    -0.998    -0.066
     0.114    -0.988    -0.104
     0.092    -0.991    -0.098
     0.096    -0.976    -0.195
     0.052    -0.977    -0.205
     0.223    -0.975    -0.022
     0.151    -0.983    -0.107
     0.134    -0.989     0.056
     0.127    -0.977    -0.174
     0.117    -0.992    -0.047
     0.108    -0.988    -0.108
     0.180    -0.961    -0.208
     0.139    -0.959    -0.245
     0.047    -0.989    -0.140
     0.135    -0.988    -0.072
     0.183    -0.960    -0.212
     0.276    -0.939    -0.205
     0.078    -0.972    -0.222
     0.149    -0.975    -0.167
     0.313    -0.932    -0.182
     0.216    -0.946    -0.240
     0.003    -0.987    -0.158
     0.003    -0.999    -0.053
     0.191    -0.961    -0.201
     0.041    -0.985    -0.169
     0.005    -0.995    -0.095
    -0.011    -0.973    -0.228
     0.091    -0.993    -0.073
     0.060    -0.991    -0.117
    -0.013    -0.999    -0.042
     0.012    -0.999     0.044
     0.127    -0.978    -0.165
     0.148    -0.982    -0.121
     0.191    -0.981     0.013
     0.164    -0.966    -0.199
     0.085    -0.996    -0.040
     0.198    -0.961    -0.194
    -0.030    -0.997    -0.073
     0.057    -0.995    -0.076
     0.071    -0.995    -0.076
     0.134    -0.990    -0.033
    -0.044    -0.996    -0.073
     0.141    -0.962    -0.235
     0.238    -0.965    -0.114
     0.094    -0.993    -0.066
     0.058    -0.987    -0.150
    -0.098    -0.995    -0.025
     0.079    -0.989    -0.125
     0.106    -0.983    -0.148
     0.215    -0.975    -0.046
    -0.050    -0.986    -0.157
     0.085    -0.994    -0.074
     0.107    -0.985    -0.138
    -0.066    -0.990    -0.123
     0.094    -0.978    -0.186
     0.209    -0.966    -0.155
     0.059    -0.998    -0.022
     0.048    -0.991    -0.124
     0.122    -0.973    -0.195
     0.228    -0.970     0.079
     0.037    -0.979    -0.199
     0.010    -1.000    -0.013
     0.170    -0.979    -0.112
     0.079    -0.997    -0.010
     0.032    -0.999    -0.022
     0.052    -0.995    -0.089
    -0.021    -0.997    -0.074
     0.237    -0.970    -0.050
     0.131    -0.986    -0.104
    -0.002    -0.999     0.046
     0.175    -0.984    -0.040
     0.029    -0.990    -0.135
     0.053    -0.993    -0.109
     0.070    -0.997    -0.032
     0.068    -0.996    -0.065
     0.115    -0.987    -0.111
     0.183    -0.971    -0.153
     0.094    -0.983    -0.158
     0.182    -0.979    -0.091
     0.013    -0.984    -0.177
     0.111    -0.990    -0.090
     0.186    -0.975    -0.124
    -0.026    -0.999     0.026
     0.040    -0.979    -0.198
     0.059    -0.993    -0.102
     0.184    -0.976    -0.119
     0.328    -0.941    -0.078
    -0.017    -0.952    -0.305
     0.075    -0.992    -0.103
    -0.018    -0.994    -0.105
     0.202    -0.979     0.000
    -0.017    -0.998     0.062
     0.057    -0.977    -0.204
     0.111    -0.974    -0.199
     0.207    -0.961    -0.184
     0.112    -0.983    -0.148
     0.144    -0.988    -0.058
    -0.009    -0.998    -0.057
     0.081    -0.987    -0.136
     0.034    -0.980    -0.195
     0.116    -0.973    -0.202
    -0.005    -1.000     0.007
     0.200    -0.966    -0.162
     0.176    -0.980    -0.095
     0.073    -0.981    -0.181
    -0.058    -0.952    -0.299
     0.128    -0.964    -0.234
     0.041    -0.976    -0.213
     0.229    -0.918    -0.325
     0.101    -0.987    -0.123
    -0.001    -0.975    -0.224
    -0.009    -0.982    -0.188
    -0.048    -0.990    -0.132
     0.182    -0.976    -0.117
     0.114    -0.976    -0.185
     0.236    -0.969    -0.078
     0.235    -0.971    -0.048
     0.095    -0.992    -0.085
     0.136    -0.990    -0.043
     0.144    -0.984    -0.107
    -0.027    -0.989    -0.147
    -0.064    -0.993    -0.101
     0.044    -0.994    -0.099
     0.024    -0.985    -0.168
     0.039    -0.996    -0.085
     0.124    -0.949    -0.289
     0.089    -0.996    -0.030
     0.047    -0.989    -0.137
     0.175    -0.984    -0.020
     0.040    -0.950    -0.309
     0.188    -0.973    -0.137
     0.018    -1.000    -0.006
     0.158    -0.972    -0.175
     0.169    -0.938    -0.303
     0.003    -0.988    -0.156
     0.043    -0.972    -0.232
     0.059    -0.997    -0.044
     0.113    -0.992    -0.055
     0.212    -0.976    -0.054
     0.068    -0.966    -0.250
     0.098    -0.990    -0.107
     0.086    -0.990     0.111
     0.063    -0.986    -0.155
     0.189    -0.963    -0.194
     0.181    -0.983    -0.035
    -0.086    -0.989    -0.118
     0.144    -0.988    -0.062
     0.182    -0.964    -0.197
     0.149    -0.987    -0.055
     0.164    -0.957    -0.241
     0.013    -1.000     0.008
    -0.122    -0.978    -0.170
    -0.075    -0.994    -0.079
     0.200    -0.979    -0.038
     0.059    -0.994     0.087
     0.089    -0.966    -0.244
     0.112    -0.988    -0.104
    -0.002    -0.987    -0.164
    -0.042    -0.984    -0.173
     0.080    -0.991    -0.105
     0.168    -0.954    -0.249
    -0.043    -0.989    -0.143
     0.014    -0.999    -0.052
     0.086    -0.984    -0.156
     0.283    -0.915    -0.288
     0.252    -0.951    -0.179
     0.135    -0.977    -0.167
     0.074    -0.988    -0.132
     0.132    -0.982    -0.134
    -0.016    -0.973    -0.229
     0.071    -0.996    -0.060
     0.052    -0.994    -0.101
     0.110    -0.990    -0.091
     0.163    -0.969    -0.185
     0.130    -0.991     0.017
     0.132    -0.989    -0.069
     0.075    -0.974    -0.213
     0.099    -0.956    -0.278
     0.126    -0.973    -0.194
    -0.068    -0.996     0.053
     0.179    -0.957    -0.228
     0.067    -0.983    -0.173
    -0.047    -0.986    -0.163
     0.116    -0.979    -0.169
     0.087    -0.928    -0.362
     0.067    -0.990    -0.123
     0.015    -0.983    -0.182
     0.134    -0.991    -0.023
    -0.008    -0.975    -0.222
     0.105    -0.994    -0.038
     0.207    -0.972    -0.112
     0.052    -0.986    -0.157
     0.096    -0.961    -0.259
     0.055    -0.988    -0.148
    -0.010    -0.962    -0.272
     0.176    -0.981    -0.078
     0.298    -0.952    -0.073
     0.217    -0.971    -0.098
     0.156    -0.945    -0.289
     0.150    -0.964    -0.218
     0.242    -0.970    -0.013
     0.055    -0.995    -0.086
     0.231    -0.965    -0.125
     0.129    -0.988     0.082
    -0.024    -1.000     0.004
     0.093    -0.991    -0.093
     0.044    -0.990    -0.132
     0.170    -0.963    -0.208
     0.141    -0.982    -0.129
     0.076    -0.988    -0.136
     0.132    -0.991     0.033
     0.212    -0.959    -0.188
     0.092    -0.994    -0.059
    -0.009    -0.986    -0.168
     0.004    -0.986    -0.164
     0.062    -0.993    -0.098
    -0.070    -0.989    -0.132
     0.182    -0.983    -0.019
     0.337    -0.938    -0.085
     0.121    -0.981    -0.154
     0.045    -0.990    -0.130
     0.002    -0.992    -0.129
     0.050    -0.978    -0.204
     0.117    -0.988    -0.098
    -0.031    -0.973    -0.227
     0.211    -0.975    -0.069
     0.107    -0.994    -0.001
     0.122    -0.969    -0.214
     0.076    -0.986    -0.146
     0.084    -0.993    -0.083
     0.028    -0.989    -0.143
     0.019    -0.961    -0.275
     0.154    -0.986    -0.067
     0.031    -0.999    -0.010
     0.153    -0.975    -0.163
     0.079    -0.995    -0.055
     0.112    -0.987    -0.114
     0.083    -0.996     0.009
     0.204    -0.960    -0.192
     0.110    -0.990    -0.085
     0.224    -0.934    -0.278
     0.137    -0.987    -0.081
     0.167    -0.975    -0.144
     0.054    -0.998    -0.019
     0.235    -0.970    -0.065
    -0.017    -0.957    -0.291
     0.242    -0.952    -0.189
     0.044    -0.994    -0.103
     0.165    -0.972    -0.166
     0.207    -0.961    -0.183
     0.051    -0.970    -0.239
     0.155    -0.982    -0.110
     0.060    -0.965    -0.255
     0.085    -0.994    -0.065
    -0.044    -0.999    -0.021
     0.117    -0.983    -0.139
     0.040    -0.996    -0.083
     0.161    -0.985    -0.068
     0.072    -0.983    -0.169
     0.085    -0.983    -0.161
     0.045    -0.967    -0.251
     0.110    -0.989    -0.099
    -0.078    -0.987    -0.141
    -0.099    -0.994    -0.041
     0.113    -0.987    -0.114
     0.130    -0.985    -0.116
     0.040    -0.999     0.006
     0.076    -0.997    -0.034
     0.165    -0.983    -0.074
    -0.112    -0.994    -0.005
     0.079    -0.987    -0.138
     0.037    -0.992    -0.121
     0.148    -0.987    -0.062
     0.173    -0.984     0.035
     0.077    -0.967    -0.245
     0.026    -0.999    -0.032
     0.110    -0.988    -0.110
     0.096    -0.985    -0.141
     0.104    -0.950    -0.295
     0.101    -0.978    -0.180
    -0.006    -0.999    -0.038
     0.030    -0.999    -0.012
    -0.023    -0.973    -0.229
    -0.090    -0.993    -0.081
     0.179    -0.956    -0.231
     0.193    -0.968    -0.161
     0.282    -0.946    -0.159
     0.065    -0.993    -0.102
     0.101    -0.973    -0.205
    -0.016    -0.952    -0.305
     0.146    -0.985     0.097
     0.065    -0.974    -0.216
     0.092    -0.994    -0.067
    -0.042    -0.960    -0.276
    -0.002    -0.986    -0.166
     0.058    -0.989    -0.136
     0.189    -0.975    -0.119
    -0.002    -0.999    -0.053
     0.097    -0.994     0.043
     0.184    -0.981    -0.056
     0.003    -0.993    -0.116
     0.011    -0.997    -0.070
     0.089    -0.991    -0.099
     0.045    -0.999     0.004
     0.175    -0.981    -0.087
     0.066    -0.998    -0.024
     0.080    -0.980    -0.183
     0.051    -0.998    -0.032
     0.053    -0.998    -0.027
     0.067    -0.972    -0.225
     0.160    -0.986    -0.035
     0.037    -0.988    -0.151
     0.158    -0.976    -0.150
    -0.014    -0.990    -0.139
     0.023    -0.987    -0.160
     0.250    -0.964    -0.085
     0.012    -0.997    -0.076
     0.081    -0.992    -0.094
     0.243    -0.956    -0.164
    -0.062    -0.998    -0.008
     0.057    -0.998    -0.033
     0.234    -0.969    -0.085
     0.003    -0.997    -0.082
     0.088    -0.981    -0.170
     0.220    -0.972    -0.079
     0.076    -0.991    -0.112
     0.015    -0.991    -0.136
     0.177    -0.982    -0.071
     0.076    -0.987    -0.140
    -0.059    -0.998    -0.024
     0.147    -0.980    -0.132
     0.111    -0.988    -0.110
     0.057    -0.987    -0.152
     0.092    -0.981    -0.169
     0.009    -0.958    -0.288
     0.040    -0.997    -0.065
     0.003    -0.984    -0.179
     0.091    -0.983    -0.162
    -0.009    -0.993    -0.118
    -0.131    -0.983    -0.126
     0.104    -0.940    -0.325
    -0.032    -0.994    -0.108
     0.033    -0.989    -0.142
    -0.108    -0.983    -0.146
     0.143    -0.978    -0.155
     0.099    -0.995    -0.016
     0.170    -0.984    -0.048
     0.138    -0.984    -0.111
    -0.033    -0.998    -0.051
     0.197    -0.978    -0.063
     0.073    -0.976    -0.206
     0.100    -0.984    -0.150
     0.040    -0.988    -0.147
     0.227    -0.974    -0.020
     0.152    -0.972    -0.179
    -0.029    -1.000     0.011
     0.120    -0.992     0.033
     0.050    -0.970    -0.238
     0.159    -0.987    -0.011
     0.083    -0.978    -0.189
     0.155    -0.973    -0.173
     0.069    -0.973    -0.222
     0.178    -0.979    -0.102
    -0.050    -0.990    -0.130
     0.074    -0.992    -0.099
     0.034    -0.998     0.052
     0.097    -0.972    -0.212
     0.142    -0.988    -0.067
     0.039    -0.992    -0.119
     0.117    -0.991    -0.065
     0.047    -0.989    -0.144
     0.121    -0.937    -0.328
     0.174    -0.984    -0.028
     0.080    -0.991    -0.110
     0.030    -0.994    -0.109
     0.152    -0.986    -0.064
     0.095    -0.981    -0.167
     0.170    -0.985    -0.036
     0.010    -1.000    -0.024
     0.248    -0.964    -0.101
     0.236    -0.961    -0.146
     0.033    -0.993    -0.115
     0.133    -0.991     0.007
     0.184    -0.946    -0.265
    -0.052    -0.980    -0.192
     0.114    -0.971    -0.212
     0.060    -0.997    -0.052
     0.024    -0.955    -0.295
     0.097    -0.984    -0.151
    -0.009    -0.994    -0.107
     0.111    -0.978    -0.176
    -0.052    -0.999    -0.004
     0.158    -0.987     0.035
     0.183    -0.978     0.097
     0.256    -0.936    -0.242
     0.153    -0.978    -0.140
     0.073    -0.997    -0.008
     0.065    -0.993    -0.102
     0.090    -0.985    -0.145
     0.137    -0.977    -0.165
     0.130    -0.983    -0.126
     0.071    -0.997     0.026
     0.141    -0.983    -0.115
    -0.016    -0.994    -0.110
     0.067    -0.968    -0.242
     0.154    -0.968    -0.200
     0.034    -0.997     0.072
     0.138    -0.978    -0.156
     0.066    -0.990    -0.125
     0.089    -0.974    -0.207
     0.118    -0.987    -0.113
     0.222    -0.972    -0.080
     0.129    -0.980    -0.152
     0.052    -0.990    -0.129
    -0.031    -0.999    -0.028
     0.096    -0.983    -0.155
     0.112    -0.982    -0.154
     0.007    -0.996    -0.084
     0.109    -0.966    -0.233
    -0.025    -0.994    -0.108
    -0.106    -0.956    -0.273
     0.104    -0.980    -0.167
     0.021    -0.999    -0.032
     0.187    -0.982    -0.023
    -0.021    -0.985    -0.173
     0.197    -0.976    -0.097
    -0.017    -1.000     0.014
     0.050    -0.978    -0.201
     0.085    -0.994    -0.062
     0.064    -0.980    -0.187
    -0.036    -0.999    -0.015
     0.128    -0.915    -0.382
     0.058    -0.996    -0.067
     0.137    -0.976    -0.168
     0.138    -0.973    -0.185
     0.055    -0.994    -0.092
     0.067    -0.991    -0.119
     0.137    -0.988    -0.073
     0.018    -0.973    -0.230
     0.029    -0.995    -0.095
     0.132    -0.977    -0.167
     0.067    -0.988    -0.137
     0.068    -0.996    -0.061
     0.089    -0.994    -0.066
     0.082    -0.993     0.081
     0.184    -0.970    -0.158
     0.140    -0.990     0.032
    -0.009    -0.973    -0.230
    -0.017    -0.945    -0.325
    -0.078    -0.996     0.031
    -0.048    -0.959    -0.281
     0.096    -0.961    -0.258
     0.054    -0.978    -0.200
     0.025    -0.975    -0.219
     0.120    -0.981    -0.154
     0.042    -0.998    -0.051
     0.045    -0.999     0.005
     0.083    -0.970    -0.228
     0.262    -0.954    -0.144
     0.162    -0.969    -0.184
     0.057    -0.982    -0.182
    -0.004    -0.979    -0.206
     0.043    -0.999    -0.016
     0.123    -0.990    -0.074
    -0.012    -0.990    -0.143
     0.041    -0.995     0.093
     0.157    -0.982    -0.108
     0.175    -0.979    -0.107
     0.028    -0.967    -0.253
     0.152    -0.955    -0.255
    -0.102    -0.983    -0.155
     0.150    -0.985    -0.084
     0.158    -0.963    -0.220
     0.143    -0.990    -0.015
    -0.025    -0.984    -0.177
     0.120    -0.972    -0.204
     0.049    -0.984    -0.174
     0.108    -0.984    -0.144
    -0.011    -0.996    -0.087
     0.057    -0.976    -0.212
     0.049    -0.998    -0.030
     0.166    -0.970    -0.180
     0.095    -0.981    -0.170
     0.126    -0.967    -0.221
     0.072    -0.991    -0.109
     0.126    -0.952    -0.279
    -0.021    -0.987    -0.159
    -0.029    -0.994    -0.106
     0.050    -0.992    -0.115
     0.245    -0.960    -0.133
    -0.004    -0.995    -0.102
     0.208    -0.974    -0.089
     0.166    -0.978    -0.128
     0.136    -0.967    -0.217
     0.077    -0.985    -0.153
     0.200    -0.978     0.062
     0.075    -0.997    -0.029
     0.155    -0.986    -0.068
     0.080    -0.974    -0.212
     0.070    -0.997    -0.016
     0.055    -0.997    -0.048
     0.091    -0.973    -0.210
     0.044    -0.972    -0.233
     0.149    -0.982    -0.115
     0.036    -0.983    -0.180
     0.176    -0.972    -0.154
     0.008    -0.988    -0.155
     0.182    -0.973    -0.142
    -0.021    -0.956    -0.291
     0.073    -0.965    -0.250
     0.124    -0.987    -0.102
     0.161    -0.986    -0.040
     0.074    -0.983    -0.169
     0.123    -0.990    -0.071
     0.107    -0.985    -0.137
     0.072    -0.993    -0.094
     0.090    -0.994    -0.057
     0.129    -0.972    -0.196
     0.182    -0.980    -0.078
     0.150    -0.964    -0.220
    -0.025    -0.975    -0.219
    -0.036    -0.985    -0.170
     0.014    -0.990    -0.137
    -0.135    -0.986    -0.097
     0.148    -0.985    -0.091
     0.060    -0.996    -0.062
     0.136    -0.974    -0.179
     0.085    -0.992    -0.096
    -0.086    -0.995    -0.050
     0.093    -0.983    -0.159
     0.044    -0.988    -0.146
     0.050    -0.998    -0.048
     0.198    -0.965    -0.174
     0.010    -0.992    -0.125
     0.093    -0.971    -0.219
     0.040    -0.993    -0.111
     0.117    -0.982    -0.150
     0.051    -0.998    -0.035
     0.076    -0.993    -0.091
    -0.000    -1.000    -0.026
     0.089    -0.982    -0.166
     0.060    -0.998     0.028
     0.201    -0.950    -0.237
     0.293    -0.941    -0.171
     0.064    -0.983    -0.172
    -0.032    -0.998    -0.049
     0.036    -0.987    -0.158
     0.155    -0.958    -0.243
    -0.057    -0.956    -0.288
     0.077    -0.994    -0.076
     0.051    -0.993    -0.110
    -0.051    -0.987    -0.154
     0.035    -0.991    -0.126
    -0.035    -0.992    -0.124
    -0.013    -0.999    -0.043
     0.189    -0.966    -0.174
     0.064    -0.997    -0.051
     0.018    -0.990    -0.140
     0.012    -0.993    -0.116
     0.111    -0.975     0.194
     0.159    -0.979    -0.124
     0.148    -0.989     0.026
     0.208    -0.978     0.009
     0.151    -0.970    -0.189
     0.187    -0.982    -0.036
     0.153    -0.976    -0.157
    -0.041    -0.960    -0.278
     0.070    -0.988    -0.140
     0.157    -0.983    -0.095
     0.063    -0.978    -0.199
     0.086    -0.985    -0.149
    -0.019    -1.000     0.006
     0.008    -0.985    -0.170
     0.195    -0.970    -0.142
     0.138    -0.989    -0.053
     0.154    -0.980    -0.126
     0.024    -0.985    -0.171
     0.013    -0.993    -0.118
     0.218    -0.962    -0.163
     0.084    -0.993    -0.079
     0.075    -0.997    -0.036
     0.037    -0.997    -0.070
    -0.002    -0.998    -0.057
     0.124    -0.970    -0.211
     0.103    -0.985    -0.139
    -0.038    -0.950    -0.310
     0.221    -0.952    -0.212
    -0.001    -0.996    -0.085
     0.081    -0.988    -0.131
     0.071    -0.993    -0.090
     0.002    -1.000    -0.029
     0.071    -0.982    -0.175
     0.091    -0.996    -0.022
     0.018    -0.994    -0.106
     0.059    -0.997    -0.058
     0.228    -0.967    -0.112
    -0.023    -0.962    -0.271
     0.087    -0.993    -0.081
     0.148    -0.987    -0.058
     0.082    -0.996    -0.035
     0.036    -0.998    -0.042
    -0.002    -0.998    -0.058
     0.061    -0.982    -0.182
    -0.037    -0.993    -0.114
     0.132    -0.983    -0.126
     0.195    -0.963    -0.184
     0.116    -0.981    -0.157
     0.232    -0.972    -0.042
     0.012    -0.987    -0.161
     0.280    -0.959    -0.049
     0.198    -0.973    -0.116
     0.101    -0.994    -0.036
     0.138    -0.990     0.026
     0.066    -0.991    -0.119
     0.075    -0.994    -0.073
     0.208    -0.977    -0.048
    -0.043    -0.999    -0.013
     0.075    -0.988    -0.133
     0.165    -0.982    -0.087
     0.121    -0.991    -0.049
     0.038    -0.979    -0.199
     0.129    -0.990    -0.051
    -0.130    -0.987    -0.090
     0.036    -0.996    -0.083
    -0.003    -0.990    -0.142
     0.076    -0.986    -0.148
     0.065    -0.994     0.084
     0.190    -0.970    -0.153
     0.101    -0.989    -0.106
     0.052    -0.990    -0.131
     0.110    -0.983    -0.145
     0.130    -0.950    -0.283
     0.122    -0.978    -0.169
     0.114    -0.988    -0.103
     0.073    -0.997    -0.016
     0.079    -0.980    -0.181
     0.160    -0.986    -0.046
     0.111    -0.994    -0.014
     0.218    -0.948    -0.232
    -0.062    -0.998    -0.028
     0.096    -0.983    -0.154
     0.067    -0.977    -0.204
     0.096    -0.973    -0.209
     0.054    -0.998     0.029
     0.143    -0.966    -0.216
     0.194    -0.979    -0.061
     0.136    -0.991     0.011
     0.083    -0.968    -0.237
     0.173    -0.980    -0.101
     0.066    -0.968    -0.241
     0.124    -0.979    -0.160
     0.109    -0.986    -0.125
     0.161    -0.985    -0.063
     0.041    -0.997    -0.070
    -0.006    -0.987    -0.159
     0.149    -0.989    -0.005
     0.054    -0.987    -0.154
     0.129    -0.991    -0.018
     0.071    -0.994    -0.087
     0.104    -0.988    -0.117
     0.160    -0.982    -0.103
     0.029    -0.984    -0.178
     0.090    -0.978    -0.187
     0.127    -0.985    -0.113
     0.210    -0.967    -0.144
     0.170    -0.959    -0.225
     0.203    -0.969    -0.142
    -0.010    -0.981    -0.196
     0.114    -0.972    -0.204
     0.131    -0.968    -0.213
     0.042    -0.992    -0.120
    -0.012    -0.993    -0.113
     0.031    -0.982    -0.184
     0.077    -0.997     0.032
     0.167    -0.968    -0.187
     0.115    -0.979    -0.166
     0.118    -0.993    -0.021
     0.103    -0.986    -0.133
     0.000    -0.984    -0.180
    -0.018    -0.991    -0.135
    -0.104    -0.991    -0.087
     0.107    -0.990    -0.087
     0.113    -0.985    -0.127
     0.066    -0.998     0.009
    -0.045    -0.992    -0.115
     0.154    -0.973    -0.169
     0.142    -0.969    -0.204
     0.107    -0.982    -0.156
     0.091    -0.986    -0.137
     0.121    -0.992    -0.048
     0.158    -0.987     0.005
     0.013    -0.998    -0.065
     0.086    -0.993    -0.080
     0.131    -0.987    -0.096
     0.205    -0.973    -0.105
     0.179    -0.984     0.026
     0.085    -0.988    -0.132
     0.066    -0.983    -0.170
     0.170    -0.957    -0.237
     0.083    -0.996    -0.021
     0.104    -0.980    -0.167
     0.153    -0.984    -0.090
     0.038    -0.999     0.027
     0.172    -0.967    -0.188
     0.094    -0.974    -0.204
     0.007    -0.987    -0.159
     0.151    -0.967    -0.205
     0.181    -0.980    -0.086
     0.167    -0.980    -0.108
     0.061    -0.979    -0.196
    -0.005    -0.992    -0.123
     0.053    -0.999    -0.010
     0.145    -0.978    -0.147
     0.055    -0.975    -0.217
     0.042    -0.969    -0.245
     0.162    -0.968    -0.191
     0.243    -0.923    -0.299
     0.177    -0.970    -0.169
     0.032    -0.984    -0.175
     0.207    -0.973    -0.100
     0.063    -0.986    -0.155
     0.239    -0.970    -0.034
    -0.008    -0.994     0.108
     0.034    -0.997    -0.065
     0.133    -0.985    -0.113
     0.141    -0.988    -0.055
    -0.010    -0.950    -0.311
     0.056    -0.990    -0.127
     0.166    -0.986     0.028
     0.122    -0.990    -0.067
     0.190    -0.967    -0.171
     0.147    -0.988    -0.055
     0.086    -0.964    -0.250
     0.064    -0.976    -0.209
     0.057    -0.986    -0.155
    -0.053    -0.989    -0.141
     0.134    -0.987    -0.092
    -0.084    -0.981    -0.172
     0.048    -0.991    -0.122
    -0.024    -0.993    -0.118
     0.056    -0.940    -0.336
     0.149    -0.951    -0.272
     0.101    -0.983    -0.155
     0.094    -0.981    -0.172
     0.049    -0.998    -0.032
     0.005    -0.981    -0.192
     0.078    -0.979    -0.186
     0.117    -0.960    -0.255
     0.072    -0.989    -0.128
    -0.135    -0.943    -0.304
     0.156    -0.980    -0.125
     0.097    -0.994    -0.045
    -0.000    -0.993    -0.117
     0.096    -0.995     0.009
    -0.007    -0.996    -0.086
     0.074    -0.997     0.018
     0.141    -0.987    -0.074
     0.044    -0.998    -0.048
     0.139    -0.990    -0.031
     0.050    -0.979    -0.197
     0.091    -0.986    -0.140
     0.031    -0.993    -0.113
     0.139    -0.935    -0.327
     0.092    -0.979    -0.184
     0.039    -0.991    -0.126
     0.075    -0.994    -0.083
     0.056    -0.988     0.143
    -0.039    -0.997     0.073
     0.216    -0.973    -0.085
    -0.101    -0.989    -0.112
     0.099    -0.988    -0.118
    -0.027    -0.999    -0.046
     0.022    -0.987    -0.160
     0.173    -0.958    -0.229
    -0.028    -0.979    -0.201
     0.290    -0.946    -0.146
     0.052    -0.988    -0.143
     0.074    -0.986    -0.147
     0.045    -0.993    -0.112
     0.059    -0.991    -0.120
    -0.004    -0.985    -0.172
     0.107    -0.994     0.009
     0.201    -0.975    -0.092
    -0.033    -0.999     0.030
     0.152    -0.973    -0.175
     0.035    -0.999    -0.014
     0.023    -0.999    -0.040
     0.187    -0.957    -0.220
     0.111    -0.994    -0.020
    -0.045    -0.996    -0.073
     0.209    -0.973    -0.098
     0.118    -0.984    -0.132
    -0.040    -0.970    -0.240
     0.078    -0.955    -0.285
     0.130    -0.972    -0.196
     0.105    -0.977    -0.186
     0.084    -0.984    -0.157
     0.179    -0.978    -0.112
     0.016    -1.000    -0.013
     0.054    -0.987    -0.153
     0.149    -0.980    -0.135
     0.183    -0.970    -0.162
     0.041    -0.994    -0.098
     0.209    -0.972    -0.111
     0.027    -0.999     0.034
     0.095    -0.990    -0.101
     0.051    -0.986    -0.159
     0.063    -0.978    -0.197
     0.024    -0.990    -0.138
     0.108    -0.988    -0.111
     0.048    -0.993    -0.104
    -0.025    -0.988    -0.155
     0.044    -0.982    -0.184
     0.032    -0.951    -0.307
     0.047    -0.976    -0.213
     0.135    -0.982    -0.129
     0.241    -0.965    -0.100
     0.073    -0.970    -0.230
     0.056    -0.991    -0.121
     0.140    -0.959    -0.247
     0.208    -0.965    -0.158
     0.157    -0.970    -0.186
     0.235    -0.946    -0.224
    -0.072    -0.974    -0.213
     0.093    -0.984    -0.150
    -0.058    -0.981    -0.188
     0.066    -0.996    -0.059
     0.138    -0.989    -0.060
    -0.008    -0.997    -0.078
     0.048    -0.970    -0.236
     0.158    -0.975    -0.158
    -0.066    -0.987    -0.146
     0.022    -0.999    -0.041
     0.125    -0.989    -0.076
     0.090    -0.966    -0.242
     0.006    -0.998    -0.058
     0.050    -0.964    -0.263
     0.142    -0.984    -0.106
    -0.043    -0.971    -0.236
     0.145    -0.951    -0.274
     0.120    -0.986    -0.112
     0.056    -0.994    -0.095
     0.087    -0.993    -0.076
     0.301    -0.953    -0.042
     0.199    -0.980    -0.018
    -0.047    -0.986    -0.157
     0.119    -0.992    -0.039
     0.084    -0.974    -0.211
     0.265    -0.964    -0.027
     0.158    -0.987    -0.035
    -0.016    -0.981    -0.191
     0.020    -0.996     0.084
     0.035    -0.989    -0.143
     0.064    -0.984    -0.166
     0.076    -0.978    -0.195
     0.079    -0.990    -0.113
    -0.011    -0.977    -0.212
     0.191    -0.957    -0.218
     0.201    -0.970    -0.133
     0.058    -0.998    -0.021
     0.007    -0.995    -0.096
     0.184    -0.964    -0.193
    -0.012    -0.967    -0.255
     0.231    -0.955    -0.185
     0.051    -0.999     0.015
     0.052    -0.998    -0.043
     0.014    -0.999    -0.034
     0.245    -0.953    -0.180
     0.057    -0.972    -0.228
     0.177    -0.949    -0.261
     0.104    -0.984    -0.145
     0.157    -0.979    -0.134
     0.076    -0.988    -0.136
     0.181    -0.982    -0.053
    -0.074    -0.982    -0.172
     0.046    -0.992    -0.120
     0.182    -0.974    -0.136
     0.056    -0.994    -0.097
     0.122    -0.951    -0.283
     0.126    -0.988    -0.090
     0.138    -0.989    -0.054
     0.078    -0.985    -0.156
     0.139    -0.915    -0.378
     0.160    -0.987     0.017
     0.092    -0.988    -0.122
     0.049    -0.976    -0.211
     0.191    -0.969    -0.159
     0.196    -0.981    -0.011
     0.056    -0.997     0.054
     0.151    -0.980    -0.133
     0.002    -0.999    -0.032
     0.065    -0.989    -0.133
     0.047    -0.987    -0.151
     0.069    -0.972    -0.224
     0.125    -0.985    -0.116
     0.112    -0.994    -0.003
     0.159    -0.980    -0.120
    -0.011    -0.997    -0.077
     0.017    -1.000    -0.013
     0.256    -0.964    -0.079
     0.056    -0.994    -0.091
     0.226    -0.968    -0.110
     0.118    -0.990    -0.082
     0.043    -0.981    -0.189
     0.111    -0.989    -0.101
     0.249    -0.961    -0.123
     0.094    -0.986    -0.135
    -0.082    -0.974    -0.212
     0.081    -0.992    -0.097
     0.039    -0.988    -0.152
     0.127    -0.979    -0.157
     0.101    -0.995     0.003
    -0.026    -0.993    -0.113
    -0.062    -0.996    -0.065
     0.208    -0.971    -0.113
     0.101    -0.986    -0.129
     0.126    -0.983    -0.134
    -0.012    -0.996    -0.089
     0.132    -0.973    -0.190
     0.072    -0.997    -0.042
    -0.017    -0.993    -0.119
     0.106    -0.992    -0.068
     0.046    -0.987    -0.151
    -0.043    -0.986    -0.158
     0.141    -0.965    -0.222
     0.158    -0.975    -0.154
     0.029    -0.967    -0.254
     0.034    -0.997    -0.070
     0.020    -0.987    -0.157
     0.083    -0.965    -0.248
     0.259    -0.963    -0.073
     0.055    -0.962    -0.268
     0.006    -0.998    -0.068
     0.131    -0.975    -0.181
     0.147    -0.982    -0.114
     0.162    -0.977    -0.141
     0.211    -0.974     0.078
     0.027    -0.985    -0.171
     0.030    -0.969    -0.247
     0.029    -0.997    -0.073
     0.310    -0.948    -0.066
     0.137    -0.982    -0.126
     0.098    -0.995     0.019
     0.059    -0.985    -0.159
     0.197    -0.964    -0.178
     0.108    -0.990    -0.092
     0.140    -0.968    -0.207
     0.064    -0.970    -0.236
     0.100    -0.978    -0.184
     0.090    -0.994     0.063
    -0.038    -0.995    -0.094
     0.146    -0.985    -0.091
     0.209    -0.978    -0.007
     0.188    -0.982    -0.012
    -0.022    -0.981    -0.192
     0.295    -0.955    -0.016
    -0.059    -0.976    -0.208
     0.155    -0.986    -0.068
     0.140    -0.990    -0.011
    -0.018    -0.999    -0.034
     0.153    -0.974    -0.169
     0.177    -0.936    -0.305
     0.158    -0.987    -0.005
     0.074    -0.944    -0.322
     0.160    -0.968    -0.194
    -0.013    -0.991    -0.130
     0.132    -0.982    -0.138
     0.043    -0.954    -0.297
     0.172    -0.979    -0.108
    -0.001    -0.978    -0.207
     0.214    -0.977    -0.011
     0.233    -0.965    -0.121
    -0.063    -0.989    -0.134
     0.073    -0.996    -0.042
    -0.029    -0.975    -0.220
    -0.066    -0.984    -0.168
     0.304    -0.934    -0.187
     0.128    -0.985    -0.119
     0.046    -0.980    -0.195
     0.139    -0.960    -0.245
    -0.117    -0.985    -0.124
     0.053    -0.985    -0.163
     0.073    -0.987    -0.146
     0.079    -0.994    -0.078
     0.227    -0.960    -0.163
     0.187    -0.979    -0.076
     0.035    -0.998    -0.051
    -0.002    -0.991    -0.134
     0.190    -0.966    -0.174
     0.044    -0.999    -0.001
     0.142    -0.987     0.078
     0.128    -0.964    -0.233
     0.160    -0.978    -0.135
     0.207    -0.973    -0.103
     0.001    -1.000     0.015
     0.199    -0.967    -0.161
     0.191    -0.965    -0.180
     0.258    -0.963    -0.072
     0.025    -0.956    -0.292
     0.137    -0.984    -0.111
     0.240    -0.958    -0.154
     0.004    -0.994    -0.109
     0.132    -0.980    -0.147
     0.173    -0.971    -0.166
    -0.031    -0.988    -0.150
     0.126    -0.989    -0.072
     0.151    -0.958    -0.243
     0.024    -0.978    -0.207
    -0.040    -0.988    -0.148
     0.132    -0.991     0.024
     0.072    -0.997    -0.007
     0.011    -0.994    -0.105
     0.014    -0.993    -0.119
    -0.178    -0.969    -0.171
     0.021    -0.988    -0.155
    -0.076    -0.971    -0.226
    -0.101    -0.995    -0.027
     0.016    -0.984    -0.177
     0.102    -0.981    -0.167
     0.289    -0.940    -0.182
     0.038    -0.991    -0.127
     0.129    -0.973    -0.194
     0.101    -0.981    -0.169
     0.095    -0.987    -0.130
     0.129    -0.981    -0.148
     0.165    -0.975    -0.146
     0.157    -0.980    -0.123
     0.110    -0.989    -0.098
     0.080    -0.988    -0.134
    -0.057    -0.997    -0.053
     0.148    -0.980    -0.131
    -0.007    -0.990    -0.144
     0.104    -0.982    -0.155
     0.008    -0.992    -0.125
    -0.059    -0.997    -0.049
     0.084    -0.986    -0.147
     0.049    -0.999    -0.023
     0.267    -0.960    -0.085
     0.119    -0.973    -0.198
     0.124    -0.992    -0.022
     0.108    -0.960    -0.260
     0.049    -0.980    -0.191
     0.036    -0.999    -0.001
     0.212    -0.971    -0.109
     0.110    -0.994    -0.026
     0.113    -0.985    -0.127
     0.102    -0.993    -0.054
    -0.049    -0.996     0.078
     0.011    -0.997    -0.073
    -0.028    -0.996    -0.083
     0.200    -0.977    -0.079
     0.014    -0.991    -0.132
     0.041    -0.991    -0.127
     0.120    -0.990     0.076
     0.092    -0.993    -0.074
     0.100    -0.983    -0.155
     0.050    -0.998    -0.034
     0.076    -0.989    -0.125
     0.246    -0.966    -0.075
    -0.040    -0.999     0.034
     0.083    -0.979    -0.185
     0.102    -0.992    -0.077
     0.002    -0.983    -0.183
     0.099    -0.940    -0.327
     0.147    -0.988    -0.049
     0.027    -0.987    -0.159
     0.128    -0.989    -0.068
     0.054    -0.997    -0.047
    -0.048    -0.998    -0.039
     0.075    -0.941    -0.331
     0.034    -0.960    -0.277
    -0.071    -0.997    -0.008
     0.118    -0.970    -0.212
     0.005    -0.999    -0.054
     0.096    -0.995    -0.004
     0.171    -0.958    -0.229
     0.134    -0.969    -0.209
     0.054    -0.977    -0.207
     0.068    -0.993    -0.098
     0.095    -0.990    -0.101
     0.074    -0.990    -0.117
    -0.036    -0.997    -0.071
    -0.041    -0.962    -0.269
     0.220    -0.965    -0.143
     0.173    -0.979    -0.103
    -0.049    -0.996    -0.071
     0.222    -0.971    -0.091
    -0.036    -0.992    -0.123
    -0.034    -0.989    -0.143
    -0.022    -0.996    -0.085
    -0.015    -0.999    -0.034
     0.031    -0.992    -0.123
     0.138    -0.987    -0.080
     0.028    -0.996    -0.082
     0.066    -0.992    -0.109
     0.020    -0.957    -0.289
     0.175    -0.984    -0.036
     0.139    -0.988    -0.064
    -0.009    -0.976    -0.220
     0.009    -0.988    -0.155
    -0.053    -0.979    -0.197
     0.142    -0.989    -0.044
    -0.057    -0.974    -0.219
     0.126    -0.991     0.032
     0.065    -0.997    -0.046
    -0.019    -0.970    -0.243
     0.046    -0.962    -0.270
     0.037    -0.982    -0.185
     0.194    -0.979    -0.062
     0.175    -0.979    -0.107
     0.073    -0.991    -0.113
     0.221    -0.972    -0.077
    -0.115    -0.958    -0.263
     0.157    -0.981    -0.112
     0.149    -0.983    -0.105
    -0.029    -0.964    -0.264
    -0.007    -1.000     0.018
     0.213    -0.968    -0.130
     0.119    -0.993    -0.023
     0.113    -0.976    -0.187
     0.077    -0.989    -0.130
     0.107    -0.985    -0.135
     0.057    -0.995    -0.079
     0.229    -0.942    -0.246
     0.064    -0.993    -0.098
     0.023    -0.977    -0.213
    -0.017    -0.999    -0.032
     0.231    -0.967    -0.109
     0.021    -0.980    -0.199
     0.175    -0.974    -0.142
    -0.023    -1.000    -0.016
     0.247    -0.967    -0.060
     0.166    -0.986    -0.003
     0.009    -0.997    -0.075
     0.132    -0.984    -0.124
     0.031    -0.986    -0.161
    -0.074    -0.996    -0.049
    -0.031    -0.946    -0.323
     0.150    -0.960    -0.237
     0.269    -0.945    -0.184
     0.098    -0.994    -0.054
     0.026    -0.957    -0.287
     0.247    -0.967    -0.059
     0.005    -1.000    -0.002
    -0.064    -0.990    -0.123
     0.122    -0.989    -0.083
     0.028    -0.974    -0.223
     0.045    -0.997    -0.065
     0.208    -0.969    -0.130
     0.208    -0.962    -0.178
     0.076    -0.972    -0.221
    -0.034    -0.998     0.060
     0.107    -0.975    -0.194
     0.050    -0.976    -0.212
     0.015    -1.000     0.028
    -0.061    -0.978    -0.198
     0.290    -0.948    -0.131
     0.133    -0.979    -0.157
     0.078    -0.974    -0.213
     0.022    -0.992    -0.123
     0.065    -0.996    -0.063
     0.196    -0.950    -0.243
    -0.006    -0.986    -0.168
     0.021    -0.989    -0.144
     0.054    -0.949    -0.311
     0.081    -0.991    -0.109
     0.087    -0.985    -0.146
    -0.033    -0.999    -0.012
    -0.079    -0.997    -0.017
     0.167    -0.974    -0.153
    -0.052    -0.995    -0.089
     0.310    -0.947    -0.087
     0.061    -0.990    -0.131
     0.083    -0.996    -0.015
     0.135    -0.979    -0.151
     0.064    -0.998     0.012
     0.130    -0.989    -0.073
     0.158    -0.976    -0.149
     0.197    -0.980    -0.028
