     0.450    -0.603    -0.658
     0.492    -0.679    -0.545
     0.355    -0.745    -0.565
     0.487    -0.567    -0.664
     0.264    -0.453    -0.852
     0.286    -0.351    -0.892
     0.374    -0.592    -0.714
     0.311    -0.780    -0.543
     0.335    -0.523    -0.784
     0.262    -0.501    -0.825
     0.617    -0.528    -0.583
     0.342    -0.585    -0.735
     0.345    -0.669    -0.658
     0.429    -0.403    -0.809
     0.335    -0.459    -0.823
     0.522    -0.499    -0.692
     0.245    -0.619    -0.746
     0.345    -0.641    -0.686
     0.453    -0.675    -0.582
     0.238    -0.799    -0.552
     0.446    -0.429    -0.785
     0.474    -0.610    -0.635
     0.333    -0.606    -0.723
     0.339    -0.791    -0.510
     0.468    -0.605    -0.645
     0.265    -0.558    -0.786
     0.461    -0.594    -0.660
     0.479    -0.598    -0.642
     0.349    -0.320    -0.881
     0.417    -0.672    -0.612
     0.422    -0.291    -0.858
     0.416    -0.625    -0.661
     0.389    -0.618    -0.683
     0.601    -0.470    -0.646
     0.618    -0.402    -0.676
     0.393    -0.602    -0.695
     0.340    -0.709    -0.618
     0.641    -0.346    -0.686
     0.435    -0.410    -0.802
     0.418    -0.503    -0.756
     0.520    -0.566    -0.640
     0.404    -0.569    -0.716
     0.343    -0.631    -0.696
     0.321    -0.560    -0.764
     0.490    -0.545    -0.680
     0.236    -0.610    -0.756
     0.541    -0.471    -0.697
     0.568    -0.518    -0.639
     0.403    -0.623    -0.671
     0.332    -0.498    -0.801
     0.391    -0.634    -0.668
     0.496    -0.469    -0.730
     0.318    -0.745    -0.586
     0.362    -0.696    -0.620
     0.491    -0.533    -0.689
     0.494    -0.529    -0.690
     0.309    -0.641    -0.703
     0.449    -0.634    -0.630
     0.496    -0.637    -0.589
     0.491    -0.415    -0.766
     0.315    -0.591    -0.743
     0.414    -0.556    -0.721
     0.650    -0.495    -0.577
     0.303    -0.507    -0.807
     0.436    -0.523    -0.732
     0.361    -0.601    -0.713
     0.430    -0.626    -0.651
     0.381    -0.543    -0.748
     0.589    -0.604    -0.537
     0.281    -0.557    -0.781
     0.496    -0.545    -0.677
     0.580    -0.596    -0.555
     0.099    -0.570    -0.816
     0.428    -0.600    -0.676
     0.571    -0.473    -0.671
     0.424    -0.464    -0.778
     0.270    -0.774    -0.573
     0.513    -0.413    -0.752
     0.382    -0.566    -0.731
     0.167    -0.525    -0.835
     0.389    -0.318    -0.865
     0.283    -0.560    -0.778
     0.399    -0.670    -0.626
     0.346    -0.612    -0.712
     0.411    -0.582    -0.702
     0.307    -0.658    -0.688
     0.321    -0.597    -0.735
     0.146    -0.537    -0.831
     0.358    -0.485    -0.798
     0.290    -0.466    -0.836
     0.331    -0.421    -0.845
     0.608    -0.605    -0.514
     0.483    -0.600    -0.638
     0.335    -0.671    -0.661
     0.229    -0.670    -0.706
     0.502    -0.603    -0.620
     0.440    -0.503    -0.744
     0.545    -0.607    -0.578
     0.457    -0.487    -0.745
     0.196    -0.721    -0.664
     0.293    -0.626    -0.723
     0.479    -0.652    -0.588
     0.420    -0.666    -0.617
     0.534    -0.434    -0.726
     0.287    -0.656    -0.698
     0.177    -0.559    -0.810
     0.488    -0.524    -0.698
     0.550    -0.607    -0.573
     0.305    -0.557    -0.772
     0.342    -0.322    -0.883
     0.359    -0.668    -0.652
     0.485    -0.638    -0.599
     0.318    -0.606    -0.729
     0.413    -0.613    -0.674
     0.393    -0.544    -0.742
     0.318    -0.735    -0.599
     0.346    -0.632    -0.693
     0.621    -0.557    -0.552
     0.506    -0.670    -0.543
     0.275    -0.617    -0.737
     0.173    -0.632    -0.756
     0.322    -0.514    -0.795
     0.189    -0.445    -0.875
     0.222    -0.613    -0.758
     0.448    -0.601    -0.662
     0.438    -0.602    -0.668
     0.649    -0.502    -0.571
     0.359    -0.567    -0.742
     0.139    -0.605    -0.784
     0.415    -0.417    -0.809
     0.361    -0.622    -0.695
     0.334    -0.647    -0.686
     0.219    -0.586    -0.780
     0.347    -0.791    -0.505
     0.286    -0.715    -0.638
     0.437    -0.686    -0.581
     0.369    -0.443    -0.817
     0.394    -0.687    -0.611
     0.382    -0.569    -0.728
     0.225    -0.608    -0.761
     0.558    -0.448    -0.698
     0.555    -0.596    -0.580
     0.499    -0.478    -0.723
     0.230    -0.690    -0.686
     0.170    -0.762    -0.624
     0.341    -0.540    -0.769
     0.411    -0.699    -0.585
     0.293    -0.643    -0.708
     0.283    -0.695    -0.661
     0.244    -0.688    -0.684
     0.254    -0.687    -0.681
     0.189    -0.593    -0.783
     0.318    -0.623    -0.714
     0.245    -0.657    -0.713
     0.276    -0.610    -0.743
     0.301    -0.515    -0.803
     0.103    -0.547    -0.831
     0.299    -0.712    -0.635
     0.274    -0.777    -0.567
     0.483    -0.415    -0.771
     0.533    -0.429    -0.729
     0.170    -0.728    -0.664
     0.326    -0.628    -0.707
     0.486    -0.435    -0.758
     0.233    -0.620    -0.749
     0.346    -0.595    -0.725
     0.467    -0.442    -0.766
     0.513    -0.512    -0.689
     0.385    -0.528    -0.757
     0.466    -0.757    -0.458
     0.374    -0.633    -0.678
     0.258    -0.542    -0.800
     0.249    -0.603    -0.758
     0.376    -0.680    -0.629
     0.288    -0.497    -0.818
     0.307    -0.596    -0.742
     0.167    -0.558    -0.813
     0.301    -0.505    -0.809
     0.349    -0.478    -0.806
     0.295    -0.378    -0.878
     0.379    -0.507    -0.774
     0.480    -0.553    -0.681
     0.573    -0.602    -0.556
     0.421    -0.460    -0.782
     0.294    -0.690    -0.662
     0.509    -0.507    -0.696
     0.425    -0.391    -0.816
     0.161    -0.632    -0.758
     0.358    -0.601    -0.714
     0.543    -0.576    -0.611
     0.457    -0.474    -0.753
     0.176    -0.569    -0.803
     0.102    -0.734    -0.672
     0.369    -0.638    -0.676
     0.331    -0.532    -0.780
     0.394    -0.663    -0.637
     0.417    -0.578    -0.701
     0.429    -0.526    -0.734
     0.406    -0.624    -0.668
     0.581    -0.481    -0.656
     0.220    -0.500    -0.837
     0.411    -0.667    -0.621
     0.070    -0.723    -0.687
     0.269    -0.486    -0.831
     0.258    -0.641    -0.723
     0.504    -0.408    -0.761
     0.407    -0.603    -0.686
     0.200    -0.372    -0.907
     0.202    -0.578    -0.791
     0.378    -0.466    -0.800
     0.473    -0.518    -0.713
     0.283    -0.625    -0.728
     0.412    -0.649    -0.640
     0.403    -0.599    -0.692
     0.606    -0.377    -0.701
     0.465    -0.559    -0.687
     0.558    -0.638    -0.531
     0.434    -0.523    -0.734
     0.591    -0.432    -0.681
     0.215    -0.743    -0.634
     0.554    -0.706    -0.441
     0.362    -0.535    -0.764
     0.098    -0.441    -0.892
     0.438    -0.556    -0.706
     0.406    -0.639    -0.654
     0.395    -0.706    -0.587
     0.361    -0.519    -0.775
     0.452    -0.685    -0.571
     0.528    -0.511    -0.678
     0.250    -0.785    -0.567
     0.292    -0.516    -0.805
     0.063    -0.825    -0.562
     0.245    -0.526    -0.814
     0.396    -0.619    -0.678
     0.323    -0.382    -0.866
     0.537    -0.406    -0.740
     0.466    -0.437    -0.769
     0.451    -0.718    -0.529
     0.479    -0.298    -0.826
     0.327    -0.575    -0.750
     0.475    -0.484    -0.735
     0.456    -0.669    -0.587
     0.181    -0.668    -0.721
     0.090    -0.737    -0.670
     0.436    -0.296    -0.850
     0.348    -0.708    -0.615
     0.643    -0.591    -0.487
     0.542    -0.606    -0.582
     0.535    -0.418    -0.734
     0.581    -0.758    -0.296
     0.586    -0.453    -0.672
     0.303    -0.630    -0.715
     0.245    -0.555    -0.795
     0.460    -0.693    -0.555
     0.471    -0.202    -0.859
     0.267    -0.694    -0.669
     0.212    -0.635    -0.743
     0.447    -0.714    -0.540
     0.509    -0.478    -0.715
     0.310    -0.730    -0.609
     0.284    -0.708    -0.647
     0.572    -0.577    -0.583
     0.367    -0.779    -0.509
     0.469    -0.577    -0.669
     0.316    -0.594    -0.740
     0.386    -0.520    -0.762
     0.376    -0.773    -0.511
     0.420    -0.629    -0.654
     0.393    -0.431    -0.813
     0.561    -0.690    -0.456
     0.572    -0.606    -0.553
     0.460    -0.716    -0.525
     0.587    -0.570    -0.575
     0.097    -0.687    -0.720
     0.514    -0.537    -0.670
     0.303    -0.470    -0.829
     0.142    -0.831    -0.538
     0.412    -0.408    -0.815
     0.518    -0.390    -0.761
     0.381    -0.441    -0.813
     0.405    -0.569    -0.716
     0.411    -0.318    -0.854
     0.363    -0.563    -0.742
     0.500    -0.587    -0.637
     0.382    -0.595    -0.707
     0.432    -0.513    -0.742
     0.338    -0.328    -0.882
     0.501    -0.521    -0.691
     0.257    -0.666    -0.700
     0.366    -0.310    -0.877
     0.516    -0.714    -0.473
     0.388    -0.278    -0.879
     0.576    -0.609    -0.545
     0.563    -0.627    -0.538
     0.332    -0.671    -0.663
     0.368    -0.691    -0.622
     0.331    -0.814    -0.477
     0.339    -0.506    -0.793
     0.540    -0.517    -0.665
     0.501    -0.640    -0.582
     0.419    -0.557    -0.717
     0.393    -0.464    -0.794
     0.577    -0.497    -0.648
     0.239    -0.669    -0.703
     0.596    -0.648    -0.474
     0.422    -0.496    -0.759
     0.355    -0.572    -0.740
     0.432    -0.359    -0.827
     0.575    -0.560    -0.596
     0.268    -0.556    -0.787
     0.299    -0.301    -0.906
     0.391    -0.437    -0.810
     0.468    -0.465    -0.751
     0.467    -0.275    -0.840
     0.503    -0.615    -0.608
     0.465    -0.635    -0.617
     0.476    -0.488    -0.732
     0.346    -0.470    -0.812
     0.280    -0.527    -0.802
     0.393    -0.645    -0.656
     0.392    -0.708    -0.588
     0.497    -0.522    -0.693
     0.257    -0.528    -0.809
     0.268    -0.686    -0.677
     0.248    -0.483    -0.839
     0.521    -0.530    -0.669
     0.400    -0.546    -0.736
     0.359    -0.708    -0.608
     0.534    -0.636    -0.557
     0.309    -0.626    -0.716
     0.458    -0.549    -0.699
     0.368    -0.737    -0.567
     0.261    -0.627    -0.734
     0.383    -0.463    -0.799
     0.495    -0.562    -0.662
     0.390    -0.467    -0.794
     0.441    -0.562    -0.700
     0.558    -0.561    -0.612
     0.203    -0.671    -0.713
     0.437    -0.754    -0.491
     0.334    -0.652    -0.681
     0.358    -0.623    -0.696
     0.482    -0.513    -0.710
     0.319    -0.422    -0.848
     0.361    -0.494    -0.791
     0.385    -0.645    -0.660
     0.311    -0.441    -0.842
     0.170    -0.564    -0.808
     0.315    -0.604    -0.732
     0.423    -0.599    -0.680
     0.407    -0.744    -0.530
     0.417    -0.446    -0.792
     0.353    -0.554    -0.754
     0.470    -0.431    -0.770
     0.404    -0.655    -0.639
     0.492    -0.573    -0.655
     0.398    -0.727    -0.559
     0.253    -0.360    -0.898
     0.472    -0.559    -0.682
     0.449    -0.796    -0.406
     0.226    -0.643    -0.732
     0.207    -0.740    -0.640
     0.483    -0.541    -0.688
     0.398    -0.674    -0.622
     0.515    -0.698    -0.498
     0.647    -0.388    -0.657
     0.285    -0.806    -0.519
     0.273    -0.485    -0.831
     0.261    -0.582    -0.770
     0.590    -0.365    -0.720
     0.230    -0.614    -0.755
     0.337    -0.671    -0.660
     0.290    -0.703    -0.650
     0.481    -0.478    -0.735
     0.196    -0.807    -0.557
     0.480    -0.581    -0.657
     0.249    -0.555    -0.794
     0.601    -0.369    -0.709
     0.260    -0.739    -0.621
     0.478    -0.539    -0.693
     0.163    -0.554    -0.817
     0.491    -0.466    -0.736
     0.293    -0.500    -0.815
     0.335    -0.371    -0.866
     0.476    -0.524    -0.706
     0.540    -0.403    -0.739
     0.128    -0.540    -0.832
     0.439    -0.601    -0.668
     0.440    -0.658    -0.611
     0.389    -0.659    -0.643
     0.567    -0.615    -0.547
     0.391    -0.587    -0.709
     0.412    -0.391    -0.823
     0.425    -0.610    -0.669
     0.343    -0.642    -0.686
     0.335    -0.544    -0.769
     0.515    -0.581    -0.630
     0.341    -0.357    -0.870
     0.567    -0.487    -0.664
     0.502    -0.305    -0.809
     0.523    -0.546    -0.655
     0.300    -0.711    -0.636
     0.558    -0.401    -0.726
     0.149    -0.672    -0.725
     0.303    -0.600    -0.741
     0.255    -0.504    -0.825
     0.594    -0.527    -0.607
     0.425    -0.663    -0.616
     0.508    -0.620    -0.597
     0.604    -0.301    -0.738
     0.140    -0.570    -0.810
     0.245    -0.757    -0.606
     0.581    -0.448    -0.680
     0.379    -0.655    -0.654
     0.267    -0.614    -0.743
     0.437    -0.484    -0.758
     0.437    -0.338    -0.833
     0.474    -0.568    -0.673
     0.254    -0.494    -0.832
     0.386    -0.348    -0.854
     0.431    -0.632    -0.644
     0.138    -0.299    -0.944
     0.398    -0.624    -0.672
     0.535    -0.512    -0.672
     0.408    -0.809    -0.422
     0.450    -0.437    -0.779
     0.317    -0.703    -0.636
     0.354    -0.635    -0.686
     0.413    -0.605    -0.681
     0.484    -0.679    -0.552
     0.332    -0.427    -0.841
     0.461    -0.629    -0.626
     0.561    -0.647    -0.517
     0.443    -0.601    -0.666
     0.323    -0.446    -0.834
     0.442    -0.441    -0.782
     0.423    -0.672    -0.608
     0.619    -0.569    -0.541
     0.307    -0.773    -0.554
     0.434    -0.472    -0.767
     0.560    -0.381    -0.736
     0.366    -0.729    -0.578
     0.402    -0.510    -0.760
     0.195    -0.646    -0.738
     0.427    -0.656    -0.622
     0.247    -0.483    -0.840
     0.287    -0.526    -0.801
     0.291    -0.694    -0.659
     0.556    -0.471    -0.685
     0.169    -0.693    -0.701
     0.267    -0.718    -0.643
     0.338    -0.590    -0.733
     0.287    -0.424    -0.859
     0.607    -0.514    -0.607
     0.286    -0.551    -0.784
     0.247    -0.623    -0.742
     0.155    -0.710    -0.687
     0.291    -0.474    -0.831
     0.362    -0.633    -0.684
     0.464    -0.602    -0.650
     0.343    -0.377    -0.860
     0.247    -0.671    -0.699
     0.367    -0.580    -0.727
     0.553    -0.529    -0.644
     0.386    -0.773    -0.503
     0.637    -0.537    -0.553
     0.277    -0.443    -0.853
     0.512    -0.680    -0.525
     0.426    -0.568    -0.704
     0.390    -0.634    -0.667
     0.587    -0.474    -0.656
     0.555    -0.553    -0.622
     0.088    -0.686    -0.722
     0.221    -0.554    -0.803
     0.414    -0.421    -0.807
     0.339    -0.723    -0.603
     0.205    -0.736    -0.645
     0.425    -0.403    -0.810
     0.258    -0.629    -0.733
     0.368    -0.699    -0.613
     0.433    -0.693    -0.576
     0.392    -0.597    -0.700
     0.453    -0.437    -0.777
     0.516    -0.704    -0.488
     0.276    -0.528    -0.803
     0.123    -0.687    -0.716
     0.519    -0.663    -0.540
     0.607    -0.407    -0.682
     0.508    -0.664    -0.549
     0.231    -0.751    -0.618
     0.482    -0.623    -0.617
     0.250    -0.702    -0.666
     0.263    -0.751    -0.606
     0.348    -0.633    -0.691
     0.534    -0.468    -0.704
     0.198    -0.628    -0.752
     0.473    -0.515    -0.715
     0.554    -0.504    -0.663
     0.458    -0.673    -0.581
     0.326    -0.552    -0.768
     0.243    -0.554    -0.796
     0.353    -0.661    -0.662
     0.215    -0.613    -0.760
     0.389    -0.618    -0.683
     0.345    -0.410    -0.844
     0.202    -0.568    -0.798
     0.383    -0.689    -0.616
     0.329    -0.677    -0.659
     0.578    -0.568    -0.586
     0.265    -0.700    -0.663
     0.360    -0.668    -0.651
     0.505    -0.610    -0.611
     0.347    -0.551    -0.759
     0.486    -0.515    -0.706
     0.425    -0.685    -0.592
     0.165    -0.572    -0.804
     0.236    -0.576    -0.783
     0.257    -0.638    -0.726
     0.495    -0.579    -0.648
     0.283    -0.475    -0.833
     0.315    -0.699    -0.641
     0.338    -0.545    -0.768
     0.572    -0.584    -0.576
     0.456    -0.642    -0.616
     0.330    -0.540    -0.774
     0.567    -0.614    -0.549
     0.301    -0.669    -0.679
     0.452    -0.589    -0.670
     0.377    -0.671    -0.639
     0.382    -0.482    -0.789
     0.159    -0.542    -0.825
     0.402    -0.613    -0.680
     0.481    -0.583    -0.654
     0.548    -0.592    -0.591
     0.336    -0.629    -0.701
     0.537    -0.441    -0.719
     0.515    -0.421    -0.747
     0.333    -0.759    -0.560
     0.286    -0.643    -0.711
     0.625    -0.558    -0.546
     0.504    -0.522    -0.689
     0.465    -0.510    -0.724
     0.395    -0.577    -0.715
     0.366    -0.665    -0.651
     0.584    -0.543    -0.603
     0.493    -0.583    -0.645
     0.387    -0.731    -0.562
     0.380    -0.552    -0.742
     0.423    -0.560    -0.712
     0.228    -0.642    -0.732
     0.059    -0.740    -0.670
     0.692    -0.548    -0.470
     0.422    -0.536    -0.731
