   10        21               0.003               0.000           97667.915
   20        23               0.007               0.000           97858.435
   30        21               0.009               0.000           98055.469
   40        21               0.012               0.000           98208.713
   50        21               0.015               0.017           98255.875
   60        21               0.018               0.017           98404.971
   70        24               0.024               0.017           98602.814
   80        21               0.024               0.017           98798.072
   90        23               0.047               0.183           98935.233
  100        21               0.033               0.050           99167.570
    2        21               0.001               0.017           99222.004
    3        21               0.001               0.000           98590.752
    4        21               0.001               0.000           97761.096
    5        24               0.002               0.000           97737.509
    6        21               0.002               0.000           97725.238
    7        21               0.002               0.000           97693.022
    8        21               0.003               0.000           97723.139
    9        21               0.003               0.000           97721.435
   10        21               0.003               0.000           97702.924
   11        23               0.004               0.000           97733.389
   12        21               0.004               0.000           97724.172
   13        21               0.004               0.000           97625.094
   14        21               0.005               0.000           97790.603
   15        21               0.005               0.000           97629.677
   16        22               0.005               0.000           97845.906
   17        21               0.005               0.000           97846.626
   18        21               0.005               0.000           97832.354
   19        21               0.006               0.000           97861.922
   20        21               0.006               0.000           97875.745
   21        21               0.006               0.000           97885.706
   22        21               0.006               0.000           97886.774
   23        21               0.007               0.000           97911.689
   24        21               0.008               0.000           97905.929
   25        21               0.007               0.000           98000.209
   26        21               0.007               0.000           98030.541
   27        21               0.008               0.000           98042.960
   28        21               0.009               0.000           98036.229
   29        21               0.009               0.000           97965.600
   30        21               0.010               0.000           98109.851
