   10        22               0.026               0.017          908012.201
   20        26               0.063               0.050          906717.331
   30        21               0.077               0.067          906844.739
   40        23               0.111               0.100          906852.391
   50        21               0.128               0.117          907370.182
   60        21               0.149               0.133          907206.672
   70        25               0.199               0.200          906035.637
   80        43               0.385               0.383          904687.541
   90        33               0.337               0.333          905492.954
  100        38               0.428               0.417          905098.903
