(0, 0, 0)
(0.584, 3.608, 1.056)
(-0.031, 4.645, 4.655)
(0.506, 8.023, 6.355)
(2.339, 8.552, 9.661)
(1.425, 11.902, 11.301)
(3.959, 13.23, 13.82)
(3.341, 15.767, 16.625)
(5.156, 18.527, 14.711)
(2.712, 18.547, 11.836)
(4.925, 16.599, 9.489)
(3.276, 13.607, 7.811)
(5.454, 10.876, 6.334)
(4.239, 8.471, 3.67)
(5.411, 4.862, 3.797)
(4.954, 1.928, 1.433)
(4.022, -1.168, 3.351)
(2.202, -4.473, 3.138)
(-0.437, -5.588, 5.652)
(1.788, -8.578, 6.368)
(4.53, -6.33, 7.724)
(5.132, -6.349, 11.444)
(5.022, -3.212, 13.575)
(8.765, -3.691, 14.227)
(9.324, -3.468, 10.46)
(7.267, -0.316, 10.136)
(9.33, 1.302, 12.894)
(12.528, 0.348, 11.038)
(11.205, 1.978, 7.826)
(10.465, 5.157, 9.803)
(14.003, 5.095, 11.273)
(15.452, 4.609, 7.801)
(13.542, 7.581, 6.391)
(13.41, 10.134, 9.23)
(16.079, 8.856, 11.589)
(13.96, 8.303, 14.667)
(15.195, 5.338, 16.752)
(12.551, 2.607, 17.047)
(12.797, 2.65, 20.853)
(11.472, 6.224, 20.87)
(8.472, 5.462, 18.631)
(4.934, 4.916, 19.938)
(2.496, 4.16, 17.064)
(-1.232, 4.757, 17.559)
(-4.14, 3.649, 15.341)
(-7.823, 3.73, 16.241)
(-6.867, 4.481, 19.813)
(-4.716, 1.383, 20.291)
(-0.917, 1.459, 20.801)
(0.56, -0.892, 18.17)
(2.749, -3.756, 19.446)
(5.996, -4.743, 17.672)
(5.302, -8.451, 16.983)
(1.842, -7.974, 15.434)
(1.308, -7.221, 11.721)
(-0.672, -4.304, 10.23)
(-3.342, -6.83, 9.183)
(-3.848, -7.775, 12.851)
(-5.187, -4.264, 13.409)
(-7.201, -4.061, 10.157)
(-5.082, -1.15, 8.848)
(-6.185, -0.64, 5.191)
(-4.61, 1.434, 2.398)
(-4.359, 5.15, 3.039)
(-4.847, 4.84, 6.778)
(-3.054, 7.349, 9.049)
(-1.117, 6.196, 12.138)
(-0.087, 8.714, 14.808)
(3.535, 8.732, 15.987)
(4.213, 9.956, 19.532)
(7.879, 10.059, 20.639)
(8.895, 8.761, 24.054)
(12.402, 10.089, 24.838)
(14.607, 8.389, 27.411)
(15.579, 11.137, 29.844)
(14.107, 14.4, 31.102)
