1.000000e+09	1.000000e+09	1.000000e+09	1.078079e+02	1.403638e+02	1.711188e+02	2.009863e+02	2.347507e+02	2.667872e+02	2.954057e+02	3.249521e+02	3.517892e+02	3.796996e+02	4.061777e+02	4.322216e+02	4.580581e+02	4.849877e+02	5.106526e+02	5.363143e+02	5.626159e+02	5.908380e+02	6.205954e+02	6.470566e+02	6.752955e+02	7.028963e+02	7.301421e+02	7.573541e+02	7.845794e+02	8.117711e+02	8.394587e+02	8.651236e+02	8.950810e+02	
1.000000e+09	1.000000e+09	1.000000e+09	1.000000e+09	1.000000e+09	1.000000e+09	1.000000e+09	1.000000e+09	1.000000e+09	1.000000e+09	1.000000e+09	1.000000e+09	1.000000e+09	1.000000e+09	1.000000e+09	1.000000e+09	1.000000e+09	1.000000e+09	1.000000e+09	1.000000e+09	1.000000e+09	1.000000e+09	1.000000e+09	1.000000e+09	1.000000e+09	1.000000e+09	1.000000e+09	1.000000e+09	1.000000e+09	1.000000e+09	1.000000e+09	1.000000e+09	
1.000000e+09	1.000000e+09	1.000000e+09	1.000000e+09	1.000000e+09	1.000000e+09	1.000000e+09	1.000000e+09	1.000000e+09	1.000000e+09	1.000000e+09	1.000000e+09	1.000000e+09	1.000000e+09	1.000000e+09	1.000000e+09	1.000000e+09	1.000000e+09	1.000000e+09	1.000000e+09	1.000000e+09	1.000000e+09	1.000000e+09	1.000000e+09	1.000000e+09	1.000000e+09	1.000000e+09	1.000000e+09	1.000000e+09	1.000000e+09	1.000000e+09	1.000000e+09	
1.000000e+09	1.000000e+09	1.000000e+09	1.000000e+09	1.000000e+09	1.000000e+09	9.582579e+01	1.300305e+02	1.623378e+02	1.911410e+02	2.208218e+02	2.477611e+02	2.757519e+02	3.022948e+02	3.283922e+02	3.542734e+02	3.812092e+02	4.068785e+02	4.325432e+02	4.588785e+02	4.871300e+02	5.169133e+02	5.433975e+02	5.716569e+02	5.992761e+02	6.265385e+02	6.537655e+02	6.810046e+02	7.082088e+02	7.359080e+02	7.615834e+02	7.915506e+02	
1.000000e+09	1.000000e+09	1.000000e+09	1.000000e+09	1.000000e+09	1.000000e+09	1.000000e+09	9.747460e+01	1.300097e+02	1.589420e+02	1.887062e+02	2.157038e+02	2.437376e+02	2.703136e+02	2.964371e+02	3.223396e+02	3.492929e+02	3.749769e+02	4.006541e+02	4.269684e+02	4.552328e+02	4.850272e+02	5.115211e+02	5.397890e+02	5.674159e+02	5.946851e+02	6.219182e+02	6.491628e+02	6.763720e+02	7.040757e+02	7.297553e+02	7.597264e+02	
1.000000e+09	1.000000e+09	1.000000e+09	1.000000e+09	1.000000e+09	1.000000e+09	1.000000e+09	1.000000e+09	9.902701e+01	1.281871e+02	1.580804e+02	1.851614e+02	2.132535e+02	2.398725e+02	2.660291e+02	2.919576e+02	3.189322e+02	3.446337e+02	3.703257e+02	3.966524e+02	4.248958e+02	4.547031e+02	4.812081e+02	5.094858e+02	5.371212e+02	5.643980e+02	5.916379e+02	6.188885e+02	6.461033e+02	6.738120e+02	6.994962e+02	7.294714e+02	
1.000000e+09	1.000000e+09	1.000000e+09	1.000000e+09	1.000000e+09	1.000000e+09	1.000000e+09	1.000000e+09	1.000000e+09	9.796261e+01	1.280837e+02	1.552938e+02	1.834693e+02	2.101466e+02	2.363462e+02	2.623078e+02	2.893085e+02	3.150312e+02	3.407407e+02	3.670822e+02	3.953381e+02	4.251243e+02	4.516422e+02	4.799311e+02	5.075762e+02	5.348616e+02	5.621091e+02	5.893665e+02	6.165873e+02	6.443016e+02	6.699907e+02	6.999705e+02	
1.000000e+09	1.000000e+09	1.000000e+09	1.000000e+09	1.000000e+09	1.000000e+09	1.000000e+09	1.000000e+09	1.000000e+09	1.000000e+09	9.387906e+01	1.213169e+02	1.496216e+02	1.763823e+02	2.026401e+02	2.286448e+02	2.556785e+02	2.814273e+02	3.071581e+02	3.335171e+02	3.617877e+02	3.915865e+02	4.180833e+02	4.463850e+02	4.740413e+02	5.013363e+02	5.285924e+02	5.558575e+02	5.830851e+02	6.108054e+02	6.365001e+02	6.664849e+02	
1.000000e+09	1.000000e+09	1.000000e+09	1.000000e+09	1.000000e+09	1.000000e+09	1.000000e+09	1.000000e+09	1.000000e+09	1.000000e+09	1.000000e+09	8.878179e+01	1.173142e+02	1.442040e+02	1.705453e+02	1.966082e+02	2.236849e+02	2.494668e+02	2.752237e+02	3.016039e+02	3.298920e+02	3.597056e+02	3.862149e+02	4.144956e+02	4.421647e+02	4.694709e+02	4.967368e+02	5.240104e+02	5.512456e+02	5.789727e+02	6.046735e+02	6.346637e+02	
1.000000e+09	1.000000e+09	1.000000e+09	1.000000e+09	1.000000e+09	1.000000e+09	1.000000e+09	1.000000e+09	1.000000e+09	1.000000e+09	1.000000e+09	1.000000e+09	8.815415e+01	1.152717e+02	1.417421e+02	1.678885e+02	1.950235e+02	2.208484e+02	2.466383e+02	2.730447e+02	3.013540e+02	3.311850e+02	3.577091e+02	3.860023e+02	4.136504e+02	4.409695e+02	4.682464e+02	4.955298e+02	5.227735e+02	5.505083e+02	5.762158e+02	6.062122e+02	
1.000000e+09	1.000000e+09	1.000000e+09	1.000000e+09	1.000000e+09	1.000000e+09	1.000000e+09	1.000000e+09	1.000000e+09	1.000000e+09	1.000000e+09	1.000000e+09	1.000000e+09	8.515062e+01	1.118488e+02	1.381243e+02	1.653427e+02	1.912259e+02	2.170588e+02	2.434982e+02	2.718337e+02	3.016859e+02	3.282275e+02	3.565354e+02	3.841961e+02	4.114941e+02	4.387839e+02	4.660784e+02	4.933319e+02	5.210752e+02	5.467904e+02	5.767935e+02	
1.000000e+09	1.000000e+09	1.000000e+09	1.000000e+09	1.000000e+09	1.000000e+09	1.000000e+09	1.000000e+09	1.000000e+09	1.000000e+09	1.000000e+09	1.000000e+09	1.000000e+09	1.000000e+09	8.441092e+01	1.109141e+02	1.382617e+02	1.642283e+02	1.901195e+02	2.166019e+02	2.449704e+02	2.748488e+02	3.014116e+02	3.297371e+02	3.574124e+02	3.847230e+02	4.119918e+02	4.392991e+02	4.665638e+02	4.943168e+02	5.200405e+02	5.500513e+02	
1.000000e+09	1.000000e+09	1.000000e+09	1.000000e+09	1.000000e+09	1.000000e+09	1.000000e+09	1.000000e+09	1.000000e+09	1.000000e+09	1.000000e+09	1.000000e+09	1.000000e+09	1.000000e+09	1.000000e+09	8.238174e+01	1.099570e+02	1.360528e+02	1.620274e+02	1.885681e+02	2.169796e+02	2.468911e+02	2.734800e+02	3.018266e+02	3.295196e+02	3.568448e+02	3.841261e+02	4.114124e+02	4.386899e+02	4.664541e+02	4.921876e+02	5.222069e+02	
1.000000e+09	1.000000e+09	1.000000e+09	1.000000e+09	1.000000e+09	1.000000e+09	1.000000e+09	1.000000e+09	1.000000e+09	1.000000e+09	1.000000e+09	1.000000e+09	1.000000e+09	1.000000e+09	1.000000e+09	1.000000e+09	8.283946e+01	1.091630e+02	1.352667e+02	1.618908e+02	1.903606e+02	2.203151e+02	2.469371e+02	2.753099e+02	3.030240e+02	3.303668e+02	3.576628e+02	3.849616e+02	4.122181e+02	4.399951e+02	4.657397e+02	4.957688e+02	
1.000000e+09	1.000000e+09	1.000000e+09	1.000000e+09	1.000000e+09	1.000000e+09	1.000000e+09	1.000000e+09	1.000000e+09	1.000000e+09	1.000000e+09	1.000000e+09	1.000000e+09	1.000000e+09	1.000000e+09	1.000000e+09	1.000000e+09	8.246479e+01	1.087963e+02	1.355496e+02	1.641028e+02	1.941155e+02	2.207805e+02	2.491863e+02	2.769266e+02	3.042906e+02	3.316042e+02	3.589177e+02	3.861867e+02	4.139427e+02	4.397001e+02	4.697403e+02	
1.000000e+09	1.000000e+09	1.000000e+09	1.000000e+09	1.000000e+09	1.000000e+09	1.000000e+09	1.000000e+09	1.000000e+09	1.000000e+09	1.000000e+09	1.000000e+09	1.000000e+09	1.000000e+09	1.000000e+09	1.000000e+09	1.000000e+09	1.000000e+09	8.229307e+01	1.092741e+02	1.379564e+02	1.680526e+02	1.947759e+02	2.232247e+02	2.509980e+02	2.783882e+02	3.057229e+02	3.330540e+02	3.603377e+02	3.881062e+02	4.138426e+02	4.438957e+02	
1.000000e+09	1.000000e+09	1.000000e+09	1.000000e+09	1.000000e+09	1.000000e+09	1.000000e+09	1.000000e+09	1.000000e+09	1.000000e+09	1.000000e+09	1.000000e+09	1.000000e+09	1.000000e+09	1.000000e+09	1.000000e+09	1.000000e+09	1.000000e+09	1.000000e+09	8.169879e+01	1.106089e+02	1.408342e+02	1.676409e+02	1.961480e+02	2.239643e+02	2.513875e+02	2.787484e+02	3.061007e+02	3.334019e+02	3.611852e+02	3.869341e+02	4.169661e+02	
1.000000e+09	1.000000e+09	1.000000e+09	1.000000e+09	1.000000e+09	1.000000e+09	1.000000e+09	1.000000e+09	1.000000e+09	1.000000e+09	1.000000e+09	1.000000e+09	1.000000e+09	1.000000e+09	1.000000e+09	1.000000e+09	1.000000e+09	1.000000e+09	1.000000e+09	1.000000e+09	8.428539e+01	1.147384e+02	1.416743e+02	1.702648e+02	1.981394e+02	2.256056e+02	2.529995e+02	2.803780e+02	3.077004e+02	3.355012e+02	3.612649e+02	3.913094e+02	
1.000000e+09	1.000000e+09	1.000000e+09	1.000000e+09	1.000000e+09	1.000000e+09	1.000000e+09	1.000000e+09	1.000000e+09	1.000000e+09	1.000000e+09	1.000000e+09	1.000000e+09	1.000000e+09	1.000000e+09	1.000000e+09	1.000000e+09	1.000000e+09	1.000000e+09	1.000000e+09	1.000000e+09	8.840691e+01	1.155705e+02	1.442902e+02	1.722482e+02	1.997727e+02	2.272096e+02	2.546211e+02	2.819697e+02	3.097917e+02	3.355729e+02	3.656321e+02	
1.000000e+09	1.000000e+09	1.000000e+09	1.000000e+09	1.000000e+09	1.000000e+09	1.000000e+09	1.000000e+09	1.000000e+09	1.000000e+09	1.000000e+09	1.000000e+09	1.000000e+09	1.000000e+09	1.000000e+09	1.000000e+09	1.000000e+09	1.000000e+09	1.000000e+09	1.000000e+09	1.000000e+09	1.000000e+09	8.858949e+01	1.175369e+02	1.456241e+02	1.732319e+02	2.007272e+02	2.281817e+02	2.555633e+02	2.834114e+02	3.092138e+02	3.392906e+02	
1.000000e+09	1.000000e+09	1.000000e+09	1.000000e+09	1.000000e+09	1.000000e+09	1.000000e+09	1.000000e+09	1.000000e+09	1.000000e+09	1.000000e+09	1.000000e+09	1.000000e+09	1.000000e+09	1.000000e+09	1.000000e+09	1.000000e+09	1.000000e+09	1.000000e+09	1.000000e+09	1.000000e+09	1.000000e+09	1.000000e+09	8.862681e+01	1.169417e+02	1.446788e+02	1.722574e+02	1.997702e+02	2.271948e+02	2.550760e+02	2.809045e+02	3.110025e+02	
1.000000e+09	1.000000e+09	1.000000e+09	1.000000e+09	1.000000e+09	1.000000e+09	1.000000e+09	1.000000e+09	1.000000e+09	1.000000e+09	1.000000e+09	1.000000e+09	1.000000e+09	1.000000e+09	1.000000e+09	1.000000e+09	1.000000e+09	1.000000e+09	1.000000e+09	1.000000e+09	1.000000e+09	1.000000e+09	1.000000e+09	1.000000e+09	8.648868e+01	1.144535e+02	1.421613e+02	1.697574e+02	1.972404e+02	2.251645e+02	2.510261e+02	2.811503e+02	
1.000000e+09	1.000000e+09	1.000000e+09	1.000000e+09	1.000000e+09	1.000000e+09	1.000000e+09	1.000000e+09	1.000000e+09	1.000000e+09	1.000000e+09	1.000000e+09	1.000000e+09	1.000000e+09	1.000000e+09	1.000000e+09	1.000000e+09	1.000000e+09	1.000000e+09	1.000000e+09	1.000000e+09	1.000000e+09	1.000000e+09	1.000000e+09	1.000000e+09	8.728988e+01	1.152254e+02	1.429507e+02	1.705171e+02	1.984995e+02	2.244041e+02	2.545613e+02	
1.000000e+09	1.000000e+09	1.000000e+09	1.000000e+09	1.000000e+09	1.000000e+09	1.000000e+09	1.000000e+09	1.000000e+09	1.000000e+09	1.000000e+09	1.000000e+09	1.000000e+09	1.000000e+09	1.000000e+09	1.000000e+09	1.000000e+09	1.000000e+09	1.000000e+09	1.000000e+09	1.000000e+09	1.000000e+09	1.000000e+09	1.000000e+09	1.000000e+09	1.000000e+09	8.627800e+01	1.142311e+02	1.419266e+02	1.699924e+02	1.959553e+02	2.261555e+02	
1.000000e+09	1.000000e+09	1.000000e+09	1.000000e+09	1.000000e+09	1.000000e+09	1.000000e+09	1.000000e+09	1.000000e+09	1.000000e+09	1.000000e+09	1.000000e+09	1.000000e+09	1.000000e+09	1.000000e+09	1.000000e+09	1.000000e+09	1.000000e+09	1.000000e+09	1.000000e+09	1.000000e+09	1.000000e+09	1.000000e+09	1.000000e+09	1.000000e+09	1.000000e+09	1.000000e+09	8.591617e+01	1.138394e+02	1.420344e+02	1.680807e+02	1.983392e+02	
1.000000e+09	1.000000e+09	1.000000e+09	1.000000e+09	1.000000e+09	1.000000e+09	1.000000e+09	1.000000e+09	1.000000e+09	1.000000e+09	1.000000e+09	1.000000e+09	1.000000e+09	1.000000e+09	1.000000e+09	1.000000e+09	1.000000e+09	1.000000e+09	1.000000e+09	1.000000e+09	1.000000e+09	1.000000e+09	1.000000e+09	1.000000e+09	1.000000e+09	1.000000e+09	1.000000e+09	1.000000e+09	8.587461e+01	1.142974e+02	1.404728e+02	1.708147e+02	
1.000000e+09	1.000000e+09	1.000000e+09	1.000000e+09	1.000000e+09	1.000000e+09	1.000000e+09	1.000000e+09	1.000000e+09	1.000000e+09	1.000000e+09	1.000000e+09	1.000000e+09	1.000000e+09	1.000000e+09	1.000000e+09	1.000000e+09	1.000000e+09	1.000000e+09	1.000000e+09	1.000000e+09	1.000000e+09	1.000000e+09	1.000000e+09	1.000000e+09	1.000000e+09	1.000000e+09	1.000000e+09	1.000000e+09	8.636182e+01	1.127650e+02	1.432360e+02	
1.000000e+09	1.000000e+09	1.000000e+09	1.000000e+09	1.000000e+09	1.000000e+09	1.000000e+09	1.000000e+09	1.000000e+09	1.000000e+09	1.000000e+09	1.000000e+09	1.000000e+09	1.000000e+09	1.000000e+09	1.000000e+09	1.000000e+09	1.000000e+09	1.000000e+09	1.000000e+09	1.000000e+09	1.000000e+09	1.000000e+09	1.000000e+09	1.000000e+09	1.000000e+09	1.000000e+09	1.000000e+09	1.000000e+09	1.000000e+09	8.481194e+01	1.155107e+02	
1.000000e+09	1.000000e+09	1.000000e+09	1.000000e+09	1.000000e+09	1.000000e+09	1.000000e+09	1.000000e+09	1.000000e+09	1.000000e+09	1.000000e+09	1.000000e+09	1.000000e+09	1.000000e+09	1.000000e+09	1.000000e+09	1.000000e+09	1.000000e+09	1.000000e+09	1.000000e+09	1.000000e+09	1.000000e+09	1.000000e+09	1.000000e+09	1.000000e+09	1.000000e+09	1.000000e+09	1.000000e+09	1.000000e+09	1.000000e+09	1.000000e+09	8.758749e+01	
1.000000e+09	1.000000e+09	1.000000e+09	1.000000e+09	1.000000e+09	1.000000e+09	1.000000e+09	1.000000e+09	1.000000e+09	1.000000e+09	1.000000e+09	1.000000e+09	1.000000e+09	1.000000e+09	1.000000e+09	1.000000e+09	1.000000e+09	1.000000e+09	1.000000e+09	1.000000e+09	1.000000e+09	1.000000e+09	1.000000e+09	1.000000e+09	1.000000e+09	1.000000e+09	1.000000e+09	1.000000e+09	1.000000e+09	1.000000e+09	1.000000e+09	1.000000e+09	
1.000000e+09	1.000000e+09	1.000000e+09	1.000000e+09	1.000000e+09	1.000000e+09	1.000000e+09	1.000000e+09	1.000000e+09	1.000000e+09	1.000000e+09	1.000000e+09	1.000000e+09	1.000000e+09	1.000000e+09	1.000000e+09	1.000000e+09	1.000000e+09	1.000000e+09	1.000000e+09	1.000000e+09	1.000000e+09	1.000000e+09	1.000000e+09	1.000000e+09	1.000000e+09	1.000000e+09	1.000000e+09	1.000000e+09	1.000000e+09	1.000000e+09	1.000000e+09	
1.000000e+09	1.000000e+09	1.000000e+09	1.000000e+09	1.000000e+09	1.000000e+09	1.000000e+09	1.000000e+09	1.000000e+09	1.000000e+09	1.000000e+09	1.000000e+09	1.000000e+09	1.000000e+09	1.000000e+09	1.000000e+09	1.000000e+09	1.000000e+09	1.000000e+09	1.000000e+09	1.000000e+09	1.000000e+09	1.000000e+09	1.000000e+09	1.000000e+09	1.000000e+09	1.000000e+09	1.000000e+09	1.000000e+09	1.000000e+09	1.000000e+09	1.000000e+09	
