67		0.00422		5.21476e-112
24		0.00311		1.01965e-90
77		0.0036		1.87848e-65
72		0.00559		4.13483e-52
56		0.00118		1.57437e-38
52		0.00611		5.87265e-13
28		0.00543		2.11033e-12
48		0.00474		7.24147e-12
65		0.01395		8.79349e-12
76		0.01156		1.71174e-10
58		0.01447		4.30464e-10
3		0.00149		4.66826e-09
23		0.00293		6.52805e-09
36		0.00442		7.17151e-09
25		0.01301		7.19462e-09
2		0.01311		7.51284e-09
35		0.00508		7.63796e-09
18		0.00298		1.06576e-08
13		0.00925		1.13701e-08
50		0.00564		1.32606e-08
68		0.00952		1.38014e-08
26		0.00603		1.46381e-08
69		0.00393		1.56019e-08
54		0.24881		1.63842e-08
60		0.00318		1.65724e-08
61		0.0028		1.66324e-08
34		0.00521		1.80374e-08
75		0.03935		1.83681e-08
20		0.00419		2.16146e-08
79		0.01214		2.1875e-08
71		0.00112		2.1956e-08
39		0.01337		2.22965e-08
57		0.01255		2.31057e-08
27		0.01592		2.37184e-08
8		0.00319		2.56886e-08
70		0.00327		2.8108e-08
6		0.01475		2.87376e-08
22		0.01355		3.28943e-08
74		0.00461		4.3288e-08
37		0.0056		4.88325e-08
41		0.00221		6.17118e-08
51		0.00302		7.09272e-08
15		0.00128		8.98767e-08
32		0.00901		9.63529e-08
30		0.00112		9.75389e-08
33		0.01288		9.90133e-08
38		0.00786		1.17801e-07
4		0.03582		1.30405e-07
63		0.00412		1.33116e-07
9		0.00447		2.07296e-07
7		0.01364		2.28806e-07
62		0.04048		3.01356e-07
17		0.00407		4.20416e-07
11		0.00454		6.86971e-07
14		0.01272		3.45303e-06
12		0.0225		3.45639e-06
16		0.00575		1.11763e-05
53		0.0263		2.75609e-05
78		0.00105		4.76312e-05
5		0.00448		6.30794e-05
55		0.00457		0.000108907
66		0.01443		0.000115392
45		0.01319		0.000161921
49		0.00849		0.000207518
29		0.01036		0.000486789
1		0.00113		0.000723508
59		0.04626		0.000786251
10		0.00284		0.000817447
31		0.00274		0.00225049
43		0.01562		0.00449264
73		0.00591		0.0104817
80		0.02567		0.0158747
46		0.00469		0.0211635
42		0.01421		0.0245991
40		0.00457		0.0555003
47		0.01004		0.0645016
64		0.02212		0.11475
44		0.00399		0.162602
21		0.00542		0.256957
19		0.01148		0.263259
