24		0.00422		1.42723e-177
67		0.00311		2.63779e-167
77		0.0036		2.40996e-159
56		0.00559		4.6771e-102
72		0.00118		1.49245e-60
65		0.00611		2.2087e-46
76		0.00543		2.21353e-43
29		0.00474		1.38903e-07
49		0.01395		1.40169e-07
1		0.01156		1.45287e-07
78		0.01447		2.51996e-07
47		0.00149		3.21997e-07
53		0.00293		4.11012e-07
73		0.00442		5.16587e-07
64		0.01301		6.63913e-07
46		0.01311		6.6855e-07
44		0.00508		9.2381e-07
80		0.00298		1.156e-06
21		0.00925		1.22875e-06
19		0.00564		1.36033e-06
40		0.00952		1.49473e-06
14		0.00603		2.34251e-06
55		0.00393		3.92694e-06
17		0.24881		4.13832e-06
10		0.00318		4.24115e-06
16		0.0028		4.46554e-06
7		0.00521		4.61772e-06
4		0.03935		5.12024e-06
11		0.00419		6.46813e-06
62		0.01214		1.03881e-05
22		0.00112		1.07419e-05
42		0.01337		1.11992e-05
6		0.01255		1.23222e-05
9		0.01592		1.62294e-05
71		0.00319		2.95402e-05
63		0.00327		3.78726e-05
38		0.01475		3.91722e-05
57		0.01355		6.02447e-05
79		0.00461		0.000103982
20		0.0056		0.000117689
43		0.00221		0.000324403
27		0.00302		0.00047472
31		0.00128		0.000598754
30		0.00901		0.00068643
8		0.00112		0.000805076
59		0.01288		0.00105083
39		0.00786		0.00137101
33		0.03582		0.00139071
45		0.00412		0.0017845
75		0.00447		0.00188192
66		0.01364		0.00192676
5		0.04048		0.00222422
61		0.00407		0.00225975
54		0.00454		0.0023083
60		0.01272		0.00247051
50		0.0225		0.00280608
12		0.00575		0.00369659
32		0.0263		0.00469467
23		0.00105		0.0057816
41		0.00448		0.00583815
15		0.00457		0.00631617
68		0.01443		0.0067635
26		0.01319		0.00693951
69		0.00849		0.00697183
18		0.01036		0.0070595
2		0.00113		0.0071047
13		0.04626		0.00716758
36		0.00284		0.00725316
35		0.00274		0.00727092
25		0.01562		0.00747749
3		0.00591		0.00782496
51		0.02567		0.0105113
37		0.00469		0.0162319
74		0.01421		0.0175532
70		0.00457		0.0243037
34		0.01004		0.0295644
58		0.02212		0.0998435
48		0.00399		0.194507
28		0.00542		0.229489
52		0.01148		0.254977
