67		6.03625e-219
24		2.21313e-205
77		5.15701e-170
56		1.73011e-106
72		4.8092e-91
65		2.55981e-42
76		7.66347e-39
6		1.24751e-12
22		1.25021e-12
4		2.2084e-12
71		2.27155e-12
7		3.30113e-12
57		4.82886e-12
17		5.22301e-12
79		8.40905e-12
20		9.13036e-12
14		1.99316e-11
53		3.053e-11
78		3.68124e-11
27		4.8962e-11
8		1.08633e-10
49		1.23212e-10
39		1.96138e-10
75		2.58853e-10
61		3.08518e-10
54		3.16774e-10
29		3.52305e-10
60		3.58993e-10
50		3.61496e-10
1		6.07373e-10
23		8.28146e-10
52		1.02026e-09
3		1.43413e-09
36		2.13995e-09
2		2.38221e-09
35		2.4108e-09
25		2.48318e-09
28		2.63787e-09
18		3.51361e-09
13		4.04582e-09
68		4.42028e-09
26		5.18595e-09
69		5.89537e-09
48		6.16452e-09
41		2.14943e-08
73		6.26826e-08
58		1.29803e-07
47		5.77518e-07
12		7.73525e-07
40		1.78854e-06
64		2.42013e-06
34		3.09444e-06
70		5.07331e-06
44		5.58143e-06
5		8.24976e-06
74		8.31678e-06
37		1.04719e-05
66		1.27904e-05
21		1.78248e-05
51		1.83416e-05
45		1.90796e-05
19		2.17551e-05
15		3.19162e-05
32		4.46701e-05
59		5.8181e-05
33		0.000102252
31		0.000136746
30		0.000149407
43		0.000243111
38		0.000638795
63		0.000652422
42		0.000887385
9		0.00103149
62		0.0013399
11		0.00186298
16		0.00332322
55		0.00477417
80		0.00527851
10		0.0053879
46		0.00569205
