77		0.00422		1.65744e-29
56		0.00311		2.89983e-21
24		0.0036		4.62984e-21
11		0.00559		3.03223e-15
62		0.00118		3.20775e-15
9		0.00611		5.49413e-15
65		0.00543		1.69019e-14
38		0.00474		1.84418e-14
63		0.01395		2.04034e-14
16		0.01156		3.8811e-14
76		0.01447		5.74105e-14
55		0.00149		5.2759e-13
30		0.00293		7.28748e-12
10		0.00442		1.12966e-11
33		0.01301		3.41855e-11
67		0.01311		3.72735e-11
52		0.00508		8.87917e-11
46		0.00298		1.11329e-10
80		0.00925		1.88398e-10
28		0.00564		2.21805e-10
32		0.00952		5.63047e-10
48		0.00603		5.69372e-10
15		0.00393		1.24523e-09
51		0.24881		3.67457e-09
58		0.00318		7.56795e-09
37		0.0028		7.66011e-09
74		0.00521		9.93605e-09
70		0.03935		1.43393e-08
34		0.00419		1.76538e-08
42		0.01214		4.12429e-07
43		0.00112		8.18348e-05
69		0.01337		0.000103042
13		0.01255		0.000110065
26		0.01592		0.00011166
25		0.00319		0.000111743
41		0.00327		0.000119587
18		0.01475		0.000120263
2		0.01355		0.000121815
68		0.00461		0.000125365
35		0.0056		0.00012538
3		0.00221		0.000129715
36		0.00302		0.00013464
31		0.00128		0.000200917
19		0.00901		0.000208345
12		0.00112		0.000231446
21		0.01288		0.000241032
45		0.00786		0.000348804
59		0.03582		0.000366234
5		0.00412		0.000374975
23		0.00447		0.000388624
44		0.01364		0.000421362
66		0.04048		0.000421878
40		0.00407		0.000472894
64		0.00454		0.000506417
47		0.01272		0.00058141
73		0.0225		0.000592615
1		0.00575		0.00101354
29		0.0263		0.0012015
49		0.00105		0.00181792
50		0.00448		0.00215612
60		0.00457		0.00273094
54		0.01443		0.00303227
61		0.01319		0.00316339
75		0.00849		0.00401538
78		0.01036		0.00492753
39		0.00113		0.00597445
53		0.04626		0.00827015
8		0.00284		0.0103525
27		0.00274		0.0171708
20		0.01562		0.0400847
79		0.00591		0.0402909
14		0.02567		0.0409185
57		0.00469		0.0543965
71		0.01421		0.0712023
17		0.00457		0.0826054
7		0.01004		0.0949249
6		0.02212		0.0959211
22		0.00399		0.0980483
4		0.00542		0.101147
72		0.01148		0.207881
