6		0.00307		2.5595e-18
25		0.00609		9.40398e-15
46		0.02462		6.46654e-12
60		0.00763		1.08759e-11
39		0.01059		1.18539e-11
34		0.05236		1.61988e-11
58		0.00739		2.80793e-11
59		0.00564		2.89464e-11
38		0.01604		3.34377e-11
54		0.00563		3.91102e-11
52		0.00675		1.0397e-10
30		0.00924		1.58508e-10
50		0.00239		3.40076e-10
35		0.00545		4.66169e-10
37		0.00445		1.01759e-09
36		0.00752		3.8211e-09
9		0.00399		2.19114e-08
14		0.01197		8.95086e-08
8		0.00581		1.21233e-07
53		0.00627		1.23173e-07
10		0.00642		1.24324e-07
15		0.00662		1.30749e-07
19		0.00743		1.53153e-07
45		0.00287		1.70054e-07
2		0.0997		2.11299e-07
44		0.00402		5.46349e-07
40		0.01038		9.08346e-07
11		0.00216		2.29154e-06
48		0.0072		3.99033e-06
13		0.02421		9.22412e-06
29		0.00746		1.43321e-05
57		0.00537		1.45835e-05
23		0.00768		2.28354e-05
28		0.04172		2.85998e-05
43		0.01768		3.36234e-05
26		0.25471		3.99965e-05
17		0.02258		4.16034e-05
16		0.01716		5.2565e-05
33		0.01826		6.374e-05
4		0.00318		6.9839e-05
1		0.00283		7.32491e-05
24		0.01109		8.07391e-05
41		0.00211		8.29304e-05
31		0.00345		0.0001632
7		0.00604		0.000194932
55		0.01834		0.000461748
49		0.00801		0.00109142
32		0.00828		0.00334427
21		0.00598		0.0168456
47		0.01682		0.0180009
51		0.00909		0.0183464
5		0.01895		0.0206861
27		0.00577		0.0234969
3		0.01824		0.0279527
12		0.00682		0.0292071
56		0.0074		0.0350883
22		0.00722		0.0466267
20		0.01802		0.100615
18		0.03826		0.305087
42		0.01759		0.352156
