25		0.00307		6.68189e-16
46		0.00609		4.18581e-15
39		0.02462		6.24954e-15
60		0.00763		1.64922e-14
58		0.01059		8.29294e-14
38		0.05236		1.06292e-13
50		0.00739		1.3026e-13
54		0.00564		1.44982e-13
35		0.01604		1.61578e-13
34		0.00563		6.22331e-13
52		0.00675		6.97092e-13
59		0.00924		9.87433e-13
30		0.00239		2.78027e-12
9		0.00545		7.42635e-12
48		0.00445		2.74127e-09
14		0.00752		1.669e-08
15		0.00399		1.78619e-08
8		0.01197		2.42288e-08
10		0.00581		2.4321e-08
53		0.00627		2.50629e-08
19		0.00642		3.18679e-08
45		0.00662		3.67808e-08
44		0.00743		4.60097e-08
2		0.00287		4.65106e-08
40		0.0997		6.29196e-08
26		0.00402		1.14639e-07
17		0.01038		1.23072e-07
13		0.00216		3.24723e-07
1		0.0072		3.71967e-07
24		0.02421		4.63677e-07
41		0.00746		4.98506e-07
11		0.00537		5.7471e-07
28		0.00768		6.48628e-07
43		0.04172		7.56872e-07
29		0.01768		3.86476e-06
57		0.25471		3.8987e-06
23		0.02258		6.18838e-06
16		0.01716		1.42339e-05
33		0.01826		1.72383e-05
4		0.00318		1.85147e-05
31		0.00283		3.75365e-05
7		0.01109		4.2993e-05
5		0.00211		5.20536e-05
51		0.00345		5.2149e-05
47		0.00604		5.96888e-05
27		0.01834		6.27396e-05
55		0.00801		7.22691e-05
21		0.00828		7.99214e-05
12		0.00598		9.56354e-05
49		0.01682		0.000102073
32		0.00909		0.000128399
56		0.01895		0.000143453
20		0.00577		0.00014996
22		0.01824		0.000175525
37		0.00682		0.00032104
42		0.0074		0.000357775
18		0.00722		0.000487529
3		0.01802		0.000939338
6		0.03826		0.00452077
36		0.01759		0.992051
