67		2.31023e-162
24		9.73988e-142
77		3.06978e-110
72		3.23652e-72
56		1.27284e-67
65		1.09249e-24
76		1.80415e-22
52		3.63249e-13
28		1.22342e-12
48		3.8301e-12
6		1.27561e-11
71		1.36226e-11
22		1.40041e-11
57		1.92753e-11
79		2.35253e-11
20		2.40822e-11
4		4.52381e-11
27		5.24869e-11
7		7.82621e-11
8		7.85607e-11
23		8.42238e-11
50		8.83989e-11
3		8.95233e-11
39		9.31663e-11
75		9.32444e-11
61		9.47317e-11
54		9.50053e-11
60		1.01321e-10
36		1.41377e-10
17		1.43533e-10
25		1.52366e-10
2		1.53609e-10
35		1.55718e-10
58		1.91876e-10
18		2.28993e-10
13		2.55007e-10
68		2.99697e-10
26		3.35491e-10
69		3.71299e-10
14		1.06656e-09
41		1.60576e-09
53		5.6695e-09
34		8.9504e-09
78		9.15363e-09
70		1.51171e-08
74		2.56646e-08
37		3.11892e-08
49		4.32828e-08
51		5.36084e-08
15		8.56813e-08
12		1.05288e-07
32		1.09141e-07
29		1.21825e-07
33		1.91392e-07
1		2.01454e-07
30		2.476e-07
38		7.85238e-07
63		8.55194e-07
9		1.53296e-06
5		1.96867e-06
62		2.2882e-06
66		3.53734e-06
11		4.61314e-06
45		5.3192e-06
73		8.59745e-06
59		2.47294e-05
16		3.28064e-05
31		7.49549e-05
47		7.64617e-05
40		0.00010787
55		0.000150305
43		0.000161429
64		0.000204224
44		0.000368293
10		0.000508223
21		0.000838682
19		0.000932326
42		0.00125099
80		0.00320367
46		0.00417997
