24		0.00422		1.66903e-187
67		0.00311		6.5672e-175
77		0.0036		2.90215e-170
56		0.00559		1.43022e-109
72		0.00118		1.00832e-62
65		0.00611		2.84253e-50
76		0.00543		5.23282e-47
29		0.00474		1.87619e-08
49		0.01395		1.91485e-08
1		0.01156		1.97531e-08
78		0.01447		3.98631e-08
47		0.00149		6.55494e-08
53		0.00293		7.25708e-08
73		0.00442		9.11691e-08
64		0.01301		1.51181e-07
44		0.01311		2.23225e-07
46		0.00508		2.40059e-07
21		0.00298		3.18632e-07
40		0.00925		3.43892e-07
19		0.00564		3.5766e-07
80		0.00952		4.41648e-07
14		0.00603		6.53504e-07
17		0.00393		1.48058e-06
7		0.24881		1.73869e-06
4		0.00318		2.01476e-06
10		0.0028		2.14818e-06
55		0.00521		2.24281e-06
16		0.03935		3.00385e-06
22		0.00419		4.82529e-06
42		0.01214		5.02376e-06
11		0.00112		5.45126e-06
6		0.01337		5.62806e-06
62		0.01255		9.56368e-06
71		0.01592		1.46768e-05
9		0.00319		1.57201e-05
57		0.00327		3.18119e-05
63		0.01475		3.94282e-05
38		0.01355		4.12021e-05
79		0.00461		5.79403e-05
20		0.0056		6.61727e-05
43		0.00221		0.000221322
27		0.00302		0.000304522
31		0.00128		0.000443764
8		0.00901		0.000545808
30		0.00112		0.000811621
59		0.01288		0.000838938
39		0.00786		0.000982379
75		0.03582		0.00139515
45		0.00412		0.00152458
66		0.00447		0.00165195
33		0.01364		0.00167084
61		0.04048		0.00170739
54		0.00407		0.00174895
60		0.00454		0.00188586
5		0.01272		0.0019389
50		0.0225		0.00217576
12		0.00575		0.00337217
23		0.0263		0.00492608
41		0.00105		0.00540555
32		0.00448		0.0057231
68		0.00457		0.00615114
26		0.01443		0.00635741
18		0.01319		0.00641743
69		0.00849		0.00641887
2		0.01036		0.00642243
36		0.00113		0.00652617
13		0.04626		0.00655281
35		0.00284		0.00657024
25		0.00274		0.00679296
3		0.01562		0.007026
15		0.00591		0.00770164
51		0.02567		0.0128315
37		0.00469		0.0198048
74		0.01421		0.021364
70		0.00457		0.029497
34		0.01004		0.0357051
58		0.02212		0.111872
48		0.00399		0.194911
28		0.00542		0.22266
52		0.01148		0.238829
