    3        16               0.139               0.133         1017495.365
    7       110               3.210               3.300          956555.111
   11        94               4.771               4.867          938925.727
   15       139               9.700               9.867          932832.416
   19       132              11.909              12.333          930864.763
   23       341              38.254              38.767          925548.080
   27       265              34.888              35.383          924237.435
   31       109              16.466              16.683          926597.637
   35       140              23.897              24.083          922440.884
   39       179              34.049              34.600          921625.416
   43       217              45.453              45.850          920524.355
   47       247              56.537              57.233          921455.844
   51       181              44.929              45.350          921840.847
   55       212              56.728              57.283          920663.496
   59       176              50.551              51.200          921222.857
   63       138              42.453              42.850          921474.735
   67       227              74.201              75.117          919596.220
   71       148              51.201              51.667          920778.406
   75       163              59.686              60.317          920535.374
   79       148              57.222              57.767          921611.723
   83       196              79.462              80.417          920160.358
   87       179              76.049              76.917          920613.239
   91       150              66.530              68.383          920309.479
   95       142              65.753              66.200          920348.569
   99       187              90.200              92.567          920540.889
  103       225             112.786             114.983          921314.935
  107       138              72.054              74.733          922121.959
  111       131              71.097              74.083          920583.636
  115       244             136.767             138.800          920011.693
  119       136              78.937              79.933          921234.743
  123       155              93.210              94.200          921064.066
  127       119              73.986              74.667          921142.571
  131       136              87.092              87.983          921239.947
  135       117              77.064              77.933          921221.689
  139       163             110.713             111.717          921019.901
  143       141              98.812              99.750          921327.108
  147       177             127.311             128.600          921146.443
  151       124              91.533              92.550          921730.495
  155       114              86.756              87.833          921667.203
  250       123             144.122             144.650          923406.166
  350       177             292.846             294.417          925645.552
  170       186             144.251             144.483          921520.111
