    4        27               0.290               0.283         1000015.792
    8        81               1.715               1.717          953542.472
   12       108               3.493               3.600          936987.070
   16       128               5.571               5.633          934308.448
   20        62               3.467               3.467          932159.134
   24       141              15.520              16.200          927962.762
   28       122              16.538              16.883          923079.467
   32       146              22.628              23.000          922366.122
   36       282              49.198              49.967          921539.459
   40       215              41.696              42.217          921364.366
   44       175              37.224              37.767          921536.697
   48       267              61.941              62.767          921504.123
   52       173              43.507              44.017          920748.590
   56       182              49.285              49.983          921364.671
   60       200              58.102              58.833          921395.002
   64       141              43.778              44.333          921206.489
   68       154              50.765              51.267          920874.459
   72       136              47.472              48.083          921426.291
   76       186              68.768              69.733          919615.311
   80       112              43.619              44.233          921784.376
   84       166              67.821              68.750          920702.798
   88       207              88.337              89.650          920805.816
   92       147              65.939              66.883          921119.586
   96       159              74.304              75.983          921651.678
  100       158              76.807              77.767          920329.670
  104       166              84.035              86.083          921270.952
  108       298             156.989             161.450          920075.428
  112       146              79.845              83.333          920531.606
  116       133              74.999              76.283          920471.474
