    2        16               0.093               0.083         1066994.761
    6        46               0.754               0.750          967096.189
   10        50               1.352               1.383          942709.225
   14        77               2.895               2.950          935436.867
   18        96               4.729               4.800          931435.939
   22       182              11.351              11.650          927795.521
   26       173              12.643              13.117          926395.485
   30       273              22.813              23.067          923036.176
   34       376              35.531              36.067          921497.047
   38       240              42.722              43.350          921532.080
   42       195              39.605              39.950          921960.685
   46       205              45.503              46.100          921336.763
   50       221              53.359              54.117          920757.164
   54       145              37.791              38.183          921547.530
   58       196              54.947              55.667          921237.095
   62       161              48.410              49.100          920411.235
   66       174              55.550              56.383          920589.953
   70       147              49.733              50.317          921049.597
   74       212              76.031              76.933          920204.451
   78       221              83.674              84.517          919960.474
   82       142              56.430              57.233          920842.529
   86       172              71.676              72.683          920140.408
   90       156              68.111              69.050          921232.438
   94       170              77.736              79.417          920804.477
   98       156              74.266              76.450          920510.920
  102       147              72.769              75.050          921950.678
  106       144              74.240              76.250          921180.379
  110       137              73.495              75.417          920659.676
  114       114              63.304              66.483          920762.489
  118       135              77.350              79.467          920977.527
