    5        42               0.573               0.567          977654.573
    9        46               1.121               1.133          945147.566
   13        81               2.842               2.867          937448.538
   17        83               3.856               4.033          934922.393
   21       129               7.619               7.767          927418.168
   25       166              11.841              12.383          926462.321
   29       319              26.033              26.467          922345.396
   33       212              19.623              19.833          922863.611
   37       178              18.420              18.617          922078.095
   41       205              23.413              23.717          921323.932
   45       273              34.068              34.717          921288.717
   49       222              30.100              30.667          920720.410
   53       123              29.844              30.400          921306.410
   57       144              40.024              40.517          920180.747
   61       152              45.269              45.883          921169.684
   65       202              64.150              65.000          920430.149
   69       130              43.754              44.300          921137.833
   73       152              54.093              54.683          921374.336
   77       141              53.120              53.983          921678.970
   81       157              62.251              63.100          921446.138
   85       213              88.469              89.883          920023.770
   89       142              61.638              62.533          920738.263
   93       121              55.137              55.950          920945.002
   97       159              75.509              76.417          920318.821
  101       177              87.407              89.333          920341.728
  105       175              89.787              90.967          920142.638
  109       162              86.522              88.650          921890.813
  113       166              91.963              94.533          920645.837
  117       175             100.246             104.733          921131.433
  121       159              94.058              96.283          921463.983
  125       123              75.289              76.017          921095.946
  129       159             100.390             101.450          921145.699
  133       149              96.748              97.483          921102.201
  137       178             119.109             120.400          920673.301
  141       130              89.719              90.967          921408.694
  145       156             110.660             112.000          920706.804
  149       150             109.246             110.517          922282.583
  153       150             112.224             113.500          921671.451
  157       129              99.261             100.117          921793.966
  161       148             117.044             119.083          921676.775
