   10        22               3.823               3.817        28114558.632
   20        22               7.734               7.733        27900805.161
   30        22              11.567              11.567        27929223.597
   40        22              15.333              15.350        27928137.646
   50        22              19.036              19.033        27884685.848
   60        22              22.967              22.967        27880378.429
   70        22              26.600              26.600        27890886.523
   80        22              30.388              30.417        27896599.712
   90        21              32.798              32.817        27885181.921
  100        21              36.625              36.633        27878390.250
  110        21              40.088              40.100        27880564.501
  120        21              44.518              44.567        27888790.246
  130        21              76.582              77.050        27883156.679
