Checking command-line input ...
# of inferred components: 20
path: ./spherical_system/test/
# of profiles: 2
Reading ./spherical_system/test/d2zjru1.ent.profile ...
Reading ./spherical_system/test/2.profile ...
0.195954 -0.341706 -0.919151 
0.254269 0.808466 0.530782 
0.668291 0.725032 -0.16648 
0.446529 0.00243546 -0.894766 
0.707064 -0.695009 0.130473 
0.377074 0.0312012 0.925657 
0.410442 -0.160731 0.897609 
0.834589 -0.540732 0.105211 
0.835433 -0.089167 -0.542311 
0.625795 0.361224 -0.691301 
0.572735 -0.593689 -0.565251 
0.663369 -0.706824 -0.245644 
0.502332 -0.855497 -0.125648 
0.671119 -0.739353 -0.0543733 
0.732288 -0.621217 -0.279005 
-0.269247 0.510272 0.81678 
0.404736 -0.899213 -0.166147 
0.581666 0.791327 -0.188326 
0.791892 -0.60835 0.0530837 
0.0797762 0.941164 -0.328399 
-0.319457 0.676942 -0.663096 
0.638842 0.758701 0.127492 
0.31597 -0.821907 -0.473955 
0.023276 0.456872 -0.889228 
0.820461 0.107781 -0.561451 
0.451966 0.506577 -0.734238 
0.28582 -0.899357 -0.330854 
0.399333 -0.765872 -0.503958 
0.213308 -0.961819 0.171475 
0.679189 0.530904 0.506797 
0.383343 -0.819064 0.426829 
0.653854 -0.447765 0.609903 
0.821279 0.0423357 -0.568954 
0.851972 -0.516993 0.0828326 
0.751058 -0.507939 -0.421794 
0.656998 -0.629537 -0.414774 
0.730043 -0.679978 0.0683183 
0.781096 -0.577508 -0.237432 
0.848113 -0.0774127 -0.524129 
0.873135 -0.368008 -0.319695 
0.655572 -0.744658 -0.12534 
0.400769 0.0412571 -0.91525 
0.621559 -0.678562 0.391431 
0.861631 -0.479182 -0.167261 
0.665236 -0.727182 -0.169317 
-0.183343 0.908928 0.37448 
0.711896 0.475585 -0.516743 
0.570404 0.821356 -0.00376118 
0.742058 -0.462836 0.484904 
0.329694 -0.785197 -0.524182 
0.666938 -0.724384 0.174533 
0.342677 0.171811 -0.923609 
0.536857 -0.819202 -0.201722 
0.483877 -0.698429 -0.527315 
0.0770018 -0.430085 -0.899498 
-0.109654 0.621947 0.775344 
0.169771 0.694022 0.699651 
-0.136168 0.64458 0.752313 
0.154795 0.630461 0.760629 
-0.0203073 0.749993 0.661134 
0.0779629 0.674113 0.734503 
-0.120671 0.413047 0.90268 
0.550224 0.671701 0.496056 
0.27456 0.960681 0.0413368 
0.474675 -0.556621 -0.681804 
0.473938 -0.805751 -0.355172 
-0.10203 0.632519 -0.767795 
0.648338 0.260584 0.71537 
0.606565 -0.623018 -0.49389 
-0.00128983 0.640395 -0.768044 
-0.00134327 0.640296 -0.768127 
-0.00121164 0.640421 -0.768023 
-0.00113914 0.640511 -0.767948 
-0.001409 0.640203 -0.768204 
-0.00153776 0.640312 -0.768114 
-0.00115333 0.640319 -0.768108 
-0.00131096 0.640344 -0.768087 
-0.000972454 0.640431 -0.768015 
-0.00136568 0.640323 -0.768105 
-0.0012381 0.640233 -0.76818 
-0.00121161 0.640406 -0.768035 
-0.00138121 0.640268 -0.768151 
-0.00132666 0.64037 -0.768066 
-0.0013333 0.640339 -0.768091 
-0.00101247 0.640291 -0.768132 
-0.00101503 0.640496 -0.767961 
-0.00135516 0.640107 -0.768285 
-0.00120939 0.640417 -0.768027 
-0.00152965 0.640192 -0.768213 
-0.000989103 0.640354 -0.768079 
-0.00128123 0.640567 -0.767901 
-0.00146923 0.640155 -0.768244 
-0.00103264 0.640321 -0.768107 
-0.00106321 0.640563 -0.767905 
-0.00175422 0.640186 -0.768218 
-0.00114876 0.640264 -0.768154 
-0.00107304 0.640421 -0.768023 
-0.00132731 0.640145 -0.768253 
-0.00106969 0.640427 -0.768019 
-0.001454 0.640336 -0.768094 
-0.00100604 0.640462 -0.76799 
-0.0015227 0.640557 -0.767909 
-0.00128609 0.640202 -0.768205 
-0.00102831 0.640411 -0.768032 
-0.00121706 0.640334 -0.768096 
-0.00167191 0.640329 -0.768099 
-0.00104051 0.640352 -0.768081 
-0.0014998 0.640328 -0.7681 
-0.00123931 0.640283 -0.768138 
-0.00115883 0.640271 -0.768148 
-0.00129773 0.640436 -0.768011 
-0.00102917 0.640251 -0.768165 
-0.00119933 0.640414 -0.768029 
-0.00120821 0.640383 -0.768054 
-0.00146534 0.640408 -0.768033 
