   10        21               0.287               0.283         4181985.596
   20        21               0.564               0.550         4174292.028
   30        21               0.849               0.850         4171725.549
   40        21               1.114               1.100         4171705.154
   50        21               1.386               1.383         4171474.921
   60        21               1.637               1.633         4170499.259
   70        21               2.449               2.450         4170188.755
   80        21               5.806               5.800         4170335.458
   90        21               6.536               6.533         4170200.738
  100        21               7.349               7.350         4170669.020
  110        21               8.099               8.100         4170893.618
  120        21               8.871               8.867         4171155.378
  130        21               9.571               9.567         4170706.612
  140        21              10.318              10.333         4171329.481
  150        21              11.067              11.067         4171571.595
  160        21              11.827              11.833         4171533.764
  170        21              12.619              12.617         4172028.584
  180        21              13.236              13.233         4171551.531
  190        21              13.980              13.983         4172701.657
  200        21              14.755              14.767         4172213.016
