   10        21               0.370               0.367         5543529.618
   20        21               0.730               0.717         5539278.662
   30        21               1.093               1.083         5538779.563
   40        21               1.437               1.433         5537809.971
   50        21               1.794               1.800         5536769.435
   60        21               2.133               2.133         5533579.107
   70        21               2.481               2.483         5529506.913
   80        21               2.826               2.817         5529042.675
   90        21               3.175               3.167         5532977.494
  100        21               3.532               3.533         5531650.454
  110        21               3.892               3.883         5525835.941
  120        21               4.242               4.233         5524880.924
  130        21               4.600               4.600         5533587.352
  140        21               4.949               4.950         5528062.394
  150        21               5.350               5.367         5524606.291
  160        21               5.650               5.650         5524482.331
  170        21               5.996               6.000         5523547.977
  180        21               6.353               6.350         5522166.776
  190        21               6.714               6.717         5525564.204
  200        21               7.069               7.067         5530145.601
