   10        50               0.068               0.067         1008098.417
   20        42               0.117               0.117          999359.108
   30        44               0.184               0.183          998577.789
   40        39               0.214               0.200          997501.517
   50        47               0.320               0.317          996182.079
   60        38               0.299               0.300          997037.872
   70        41               0.377               0.367          996263.857
   80        37               0.382               0.383          996870.204
   90        34               0.396               0.383          997214.072
  100        38               0.508               0.617          996712.540
