0	1.95891e+06
1	1.95819e+06
2	1.95555e+06
3	1.94628e+06
4	1.91921e+06
5	1.86956e+06
6	1.82801e+06
7	1.80796e+06
8	1.79337e+06
9	1.78038e+06
10	1.77193e+06
11	1.76467e+06
12	1.7556e+06
13	1.74401e+06
14	1.73109e+06
15	1.71918e+06
16	1.71007e+06
17	1.70398e+06
18	1.69996e+06
19	1.69711e+06
20	1.69498e+06
21	1.69341e+06
22	1.69225e+06
23	1.69134e+06
24	1.69055e+06
25	1.68974e+06
26	1.68884e+06
27	1.6878e+06
28	1.68664e+06
29	1.68546e+06
30	1.68439e+06
31	1.68349e+06
32	1.68274e+06
33	1.68205e+06
34	1.6813e+06
35	1.68038e+06
36	1.6791e+06
37	1.67725e+06
38	1.67489e+06
39	1.67266e+06
40	1.67095e+06
41	1.66955e+06
42	1.66818e+06
43	1.66675e+06
44	1.66528e+06
45	1.66388e+06
46	1.66259e+06
47	1.66143e+06
48	1.66043e+06
49	1.65963e+06
50	1.65902e+06
51	1.65853e+06
52	1.65812e+06
53	1.65774e+06
54	1.65737e+06
55	1.65701e+06
56	1.65666e+06
57	1.6563e+06
58	1.65594e+06
59	1.65557e+06
60	1.6552e+06
61	1.65484e+06
62	1.65449e+06
63	1.65417e+06
64	1.65388e+06
65	1.65361e+06
66	1.65337e+06
67	1.65314e+06
68	1.65293e+06
69	1.65273e+06
70	1.65254e+06
71	1.65236e+06
72	1.65219e+06
73	1.65202e+06
74	1.65186e+06
75	1.6517e+06
76	1.65154e+06
77	1.6514e+06
78	1.65125e+06
79	1.65111e+06
80	1.65097e+06
81	1.65083e+06
82	1.6507e+06
83	1.65057e+06
84	1.65044e+06
85	1.65031e+06
86	1.65018e+06
87	1.65006e+06
88	1.64993e+06
89	1.6498e+06
90	1.64967e+06
91	1.64953e+06
92	1.6494e+06
93	1.64925e+06
94	1.6491e+06
95	1.64894e+06
96	1.64876e+06
97	1.64857e+06
98	1.64836e+06
99	1.64814e+06
100	1.64793e+06
101	1.64773e+06
102	1.64756e+06
103	1.64742e+06
104	1.6473e+06
105	1.6472e+06
106	1.64709e+06
107	1.64699e+06
108	1.64688e+06
109	1.64677e+06
110	1.64664e+06
111	1.6465e+06
112	1.64634e+06
113	1.64616e+06
114	1.64597e+06
115	1.64576e+06
116	1.64557e+06
117	1.64539e+06
118	1.64524e+06
119	1.64511e+06
120	1.645e+06
121	1.64491e+06
122	1.64483e+06
123	1.64476e+06
124	1.64469e+06
125	1.64463e+06
126	1.64457e+06
127	1.64451e+06
128	1.64445e+06
129	1.64439e+06
130	1.64433e+06
131	1.64427e+06
132	1.64422e+06
133	1.64416e+06
134	1.6441e+06
135	1.64403e+06
136	1.64397e+06
137	1.6439e+06
138	1.64383e+06
139	1.64376e+06
140	1.64369e+06
141	1.64361e+06
142	1.64352e+06
143	1.64344e+06
144	1.64335e+06
145	1.64327e+06
146	1.64317e+06
147	1.64308e+06
148	1.64298e+06
149	1.64288e+06
150	1.64278e+06
151	1.64266e+06
152	1.64255e+06
153	1.64242e+06
154	1.64229e+06
155	1.64214e+06
156	1.642e+06
157	1.64184e+06
158	1.64169e+06
159	1.64154e+06
160	1.6414e+06
161	1.64127e+06
162	1.64115e+06
163	1.64105e+06
164	1.64096e+06
165	1.64088e+06
166	1.64081e+06
167	1.64074e+06
168	1.64067e+06
169	1.64061e+06
170	1.64054e+06
171	1.64046e+06
172	1.64038e+06
173	1.64027e+06
174	1.64015e+06
175	1.64002e+06
176	1.63988e+06
177	1.63976e+06
178	1.63965e+06
179	1.63957e+06
180	1.63951e+06
181	1.63946e+06
182	1.63942e+06
183	1.63938e+06
184	1.63934e+06
185	1.6393e+06
186	1.63927e+06
187	1.63923e+06
188	1.63919e+06
189	1.63915e+06
190	1.63912e+06
191	1.63908e+06
192	1.63904e+06
193	1.639e+06
194	1.63896e+06
195	1.63892e+06
196	1.63888e+06
197	1.63884e+06
198	1.6388e+06
199	1.63876e+06
200	1.63872e+06
201	1.63868e+06
202	1.63864e+06
203	1.63861e+06
204	1.63857e+06
205	1.63853e+06
206	1.63849e+06
207	1.63845e+06
208	1.63841e+06
209	1.63837e+06
210	1.63833e+06
211	1.63828e+06
212	1.63824e+06
213	1.63819e+06
214	1.63814e+06
215	1.63809e+06
216	1.63804e+06
217	1.63799e+06
218	1.63793e+06
219	1.63788e+06
220	1.63782e+06
221	1.63777e+06
222	1.63772e+06
223	1.63768e+06
224	1.63764e+06
225	1.63761e+06
226	1.63758e+06
227	1.63755e+06
228	1.63753e+06
229	1.6375e+06
230	1.63748e+06
231	1.63746e+06
232	1.63745e+06
233	1.63743e+06
234	1.63741e+06
235	1.6374e+06
236	1.63738e+06
237	1.63736e+06
238	1.63735e+06
239	1.63733e+06
240	1.63732e+06
241	1.63731e+06
242	1.63729e+06
243	1.63728e+06
244	1.63726e+06
245	1.63725e+06
246	1.63723e+06
247	1.63721e+06
248	1.6372e+06
249	1.63718e+06
250	1.63716e+06
251	1.63714e+06
252	1.63712e+06
253	1.6371e+06
254	1.63708e+06
255	1.63706e+06
256	1.63704e+06
257	1.63702e+06
258	1.637e+06
259	1.63697e+06
260	1.63695e+06
261	1.63692e+06
262	1.6369e+06
263	1.63687e+06
264	1.63685e+06
265	1.63682e+06
266	1.6368e+06
267	1.63677e+06
268	1.63675e+06
269	1.63672e+06
270	1.6367e+06
271	1.63668e+06
272	1.63666e+06
273	1.63664e+06
274	1.63663e+06
275	1.63661e+06
276	1.6366e+06
277	1.63659e+06
278	1.63657e+06
279	1.63656e+06
280	1.63655e+06
281	1.63654e+06
