   10        27               0.004               0.000           94090.264
   20        21               0.006               0.000           94222.619
   30        21               0.009               0.000           94417.642
   40        21               0.012               0.017           94399.805
   50        21               0.015               0.017           94559.237
   60        21               0.017               0.017           94789.633
   70        21               0.020               0.017           95001.405
   80        21               0.024               0.050           95117.953
   90        22               0.030               0.083           95341.899
  100        21               0.029               0.033           95535.415
    2        21               0.001               0.000           99096.678
    3        21               0.001               0.000           97261.885
    4        21               0.002               0.000           96186.800
    5        34               0.003               0.000           95057.960
    6        32               0.003               0.000           94522.313
    7        26               0.003               0.000           94307.575
    8        21               0.003               0.000           94300.869
    9        29               0.004               0.000           94189.783
   10        21               0.003               0.000           94081.390
   11        33               0.006               0.000           94211.985
   12        26               0.005               0.000           94356.478
   13        21               0.004               0.000           94167.108
   14        23               0.005               0.000           94172.459
   15        21               0.005               0.000           94270.679
   16        23               0.006               0.000           94265.471
   17        21               0.005               0.000           94270.391
   18        21               0.005               0.000           94215.733
   19        21               0.006               0.000           94205.931
   20        21               0.006               0.000           94365.588
   21        21               0.007               0.000           94280.784
   22        21               0.007               0.000           94304.694
   23        21               0.007               0.000           94360.959
   24        22               0.008               0.000           93980.118
   25        21               0.008               0.000           94375.210
   26        21               0.008               0.000           94028.363
   27        21               0.008               0.000           94464.971
   28        24               0.010               0.000           94130.258
   29        21               0.009               0.000           94462.413
   30        21               0.010               0.017           94337.797
    2        11               0.001               0.000           99097.987
    2        11               0.001               0.000           99098.203
    3        13               0.001               0.000           97262.195
    4        13               0.001               0.000           96132.857
    5        21               0.003               0.000           95577.304
    6        26               0.004               0.000           94571.776
    7        22               0.003               0.000           94290.934
    8        20               0.004               0.000           94189.184
    9        14               0.003               0.000           94276.303
   10        23               0.005               0.000           94181.918
   11        16               0.004               0.000           94123.921
   12        21               0.005               0.000           94192.736
   13        22               0.006               0.000           94053.452
   14        27               0.008               0.000           94207.036
   15        16               0.005               0.000           94268.499
   16        19               0.006               0.000           94322.469
   17        15               0.005               0.000           94207.210
   18        19               0.007               0.000           94219.544
   19        19               0.007               0.000           94214.986
   20        18               0.008               0.000           94270.279
   21        15               0.007               0.000           94377.748
   22        20               0.009               0.000           94337.023
   23        19               0.009               0.000           94383.507
   24        18               0.009               0.000           94324.680
   25        30               0.016               0.017           94203.907
   26        17               0.009               0.000           94415.174
   27        20               0.011               0.000           94463.689
   28        19               0.012               0.000           94256.050
   29        15               0.010               0.000           94557.719
   30        16               0.011               0.000           94518.876
