   10        22               0.026               0.017          908012.201
   20        26               0.063               0.050          906717.331
   30        21               0.077               0.067          906844.739
   40        23               0.111               0.100          906852.391
   50        21               0.128               0.117          907370.182
   60        21               0.149               0.133          907206.672
   70        25               0.199               0.200          906035.637
   80        43               0.385               0.383          904687.541
   90        33               0.337               0.333          905492.954
  100        38               0.428               0.417          905098.903
   10        38               0.297               0.300         6189477.735
   20        45               0.687               0.683         6179500.786
   30        28               0.660               0.650         6192899.024
   40        34               1.032               1.033         6181486.233
   50        41               1.576               1.567         6173005.930
   60        27               1.232               1.233         6182609.566
   70        28               1.485               1.483         6181995.381
   80        27               1.625               1.617         6182339.180
   90        35               2.405               2.400         6175520.275
  100        36               2.760               2.767         6173436.263
    2        21               0.005               0.000          775381.614
