   10        40               0.162               0.150         2690557.754
   20        35               0.285               0.283         2688401.405
   30        33               0.414               0.400         2688216.368
   40        30               0.495               0.483         2689676.527
   50        33               0.666               0.667         2689250.713
   60        32               0.757               0.750         2688456.771
   70        26               0.715               0.717         2690992.728
   80        34               1.083               1.083         2688170.360
   90        35               1.236               1.233         2688463.038
  100        33               1.284               1.283         2689047.681
