   10        30               0.266               0.250         5223701.494
   20        23               0.407               0.400         5219357.414
   30        21               0.568               0.567         5219370.719
   40        21               0.736               0.733         5216290.562
   50        21               0.924               0.917         5218513.513
   60        21               1.089               1.083         5217671.709
   70        21               1.284               1.283         5216542.045
   80        21               1.459               1.450         5218437.774
   90        21               1.683               1.683         5216575.788
  100        21               1.877               1.867         5217096.777
    2        15               0.058               0.050         5276477.876
    5        11               0.077               0.067         5275632.689
   10        17               0.232               0.217         5227642.636
   15        16               0.321               0.317         5225996.844
   20        17               0.464               0.450         5220385.831
   25        18               0.618               0.617         5221822.803
   30        18               0.741               0.733         5219825.285
   35        17               0.815               0.800         5219756.588
   40        17               0.930               0.917         5219529.013
   45        17               1.044               1.033         5217711.588
   50        16               1.070               1.067         5218161.495
   55        15               1.137               1.183         5219366.422
   60        16               1.341               1.883         5216336.716
   65        17               1.530               2.500         5216851.021
   70        17               1.635               2.600         5217059.194
   75        17               1.730               2.517         5218103.556
   80        14               1.524               1.600         5218988.008
   85        15               1.713               1.733         5217768.933
   90        15               1.806               1.833         5218824.180
   95        15               1.903               1.950         5218877.184
  100        14               1.854               1.900         5217971.045
    4        20               0.124               0.117         5247980.732
    6        33               0.288               0.283         5227703.007
    8        27               0.312               0.317         5227814.102
   10        27               0.387               0.433         5225930.284
   12        23               0.394               0.417         5221895.950
   14        27               0.532               0.567         5220877.871
   16        24               0.547               0.583         5223235.841
   18        16               0.408               0.433         5221735.637
   20        19               0.546               0.567         5220581.796
   22        20               0.624               0.667         5220513.032
   24        15               0.507               0.517         5224481.762
   26        17               0.627               0.683         5221078.196
   28        19               0.751               0.783         5218710.199
   30        17               0.711               0.750         5220804.243
   32        15               0.675               0.717         5219332.826
   34        17               0.806               0.850         5219463.833
   36        17               0.864               0.917         5219246.115
   38        17               0.900               0.950         5219904.906
   40        17               0.943               1.000         5218018.840
   42        15               0.852               0.850         5219793.494
   44        18               1.052               1.050         5218304.496
   46        16               0.985               0.983         5218370.365
   48        16               1.022               1.017         5219644.201
   50        16               1.077               1.067         5217758.342
   52        16               1.127               1.133         5216813.031
   54        15               1.143               1.183         5219896.468
   56        17               1.329               1.367         5218415.132
   58        17               1.381               1.433         5217496.600
   60        17               1.409               1.450         5220032.663
   62        16               1.363               1.383         5219371.551
   64        18               1.602               1.650         5216809.045
   66        17               1.540               1.583         5216945.379
   68        14               1.306               1.350         5218367.901
   70        16               1.529               1.567         5218685.758
   72        15               1.484               1.567         5216812.563
   74        15               1.504               1.567         5218730.336
   76        16               1.625               1.667         5217770.907
   78        15               1.564               1.617         5217593.108
   80        16               1.690               1.733         5217048.626
   82        14               1.520               1.600         5218169.957
   84        14               1.565               1.617         5217894.947
   86        15               1.698               1.733         5218781.503
   88        15               1.743               1.750         5217579.266
   90        20               2.364               2.383         5215185.087
   92        16               1.930               1.950         5218621.788
   94        14               1.732               1.767         5219419.774
   96        15               1.890               1.900         5217412.241
   98        15               1.925               1.967         5217087.368
  100        15               1.978               2.067         5217403.656
    5       107               0.737               0.733         5218805.589
    5        14               0.097               0.083         5246825.429
   10        23               0.306               0.300         5227089.571
   15        22               0.427               0.417         5224122.674
   20        16               0.430               0.417         5222816.350
   25        16               0.549               0.550         5223087.200
   30        13               0.526               0.517         5220601.449
   35        16               0.774               0.767         5217197.823
    2        12               0.040               0.033         5276523.499
    3        11               0.050               0.033         5276475.873
    4        28               0.161               0.150         5245761.505
    5        64               0.441               0.433         5226649.518
    6        50               0.407               0.400         5226484.229
    7        63               0.585               0.583         5218487.486
    8        74               0.789               0.783         5219382.299
    9        56               0.665               0.650         5218208.317
   10        51               0.673               0.667         5218263.024
   11        45               0.653               0.650         5218616.024
   12        46               0.746               0.733         5218379.832
   13        28               0.482               0.483         5217139.532
   14        36               0.665               0.667         5217801.672
   15        24               0.476               0.467         5218260.402
   16        35               0.757               0.750         5217592.227
   17        35               0.787               0.783         5218197.539
   18        30               0.754               0.750         5217824.036
   19        36               0.918               0.917         5218101.418
   20        34               0.905               0.900         5218226.330
