    2        21               0.000               0.000            2115.287
    3        24               0.000               0.000            2121.641
    4        21               0.000               0.000            2116.818
    5        30               0.001               0.017            2130.455
    6      1489               0.018               0.167            2137.935
    7        28               0.009               0.133            2157.873
    8       877               0.019               0.117            2149.861
    9        27               0.003               0.017            2170.784
   10        22               0.013               0.083            2187.010
   11        21               0.014               0.100            2194.175
   12       117               0.005               0.017            2203.301
