    2        21               0.005               0.000          775381.038
    2        21               0.005               0.000          775390.496
    2        21               0.005               0.000          775383.373
   10        33               0.031               0.017          763757.483
   20        28               0.052               0.050          763842.077
   30        30               0.083               0.083          763768.318
   40        31               0.113               0.100          763793.552
   50        40               0.180               0.167          763217.880
   60        37               0.198               0.200          763334.295
   70        40               0.254               0.250          763214.364
   80        37               0.265               0.267          763618.680
   90        37               0.296               0.283          763550.628
  100        36               0.323               0.317          764034.330
    2        17               0.006               0.000          775397.738
    5        28               0.022               0.017          767414.334
   10        32               0.052               0.050          764215.662
   15        28               0.066               0.067          764252.027
   20        34               0.108               0.133          763786.600
   25        36               0.139               0.150          763368.671
   30        28               0.136               0.167          763861.584
   35        27               0.150               0.167          764144.709
   40        31               0.195               0.317          763623.808
   45        27               0.189               0.300          764117.594
   50        28               0.218               0.350          764047.674
   55        27               0.234               0.383          764379.569
   60        39               0.352               0.567          763371.399
   65        37               0.366               0.617          763396.395
   70        40               0.420               0.667          763289.584
   75        41               0.460               0.733          763354.614
   80        32               0.385               0.617          764002.204
   85        37               0.466               0.767          763730.809
   90        37               0.484               0.750          763703.394
   95        38               0.523               0.833          763627.640
  100        36               0.524               0.833          763945.637
    4        41               0.026               0.017          767296.408
    6        12               0.011               0.000          775110.881
    8        42               0.048               0.033          764434.312
   10        33               0.047               0.033          764316.530
   12        29               0.050               0.050          764425.345
   14        32               0.063               0.050          763733.893
   16        30               0.069               0.067          763797.187
   18        31               0.082               0.067          764045.278
   20        28               0.082               0.067          764096.388
   22        28               0.092               0.083          763770.834
   24        28               0.098               0.083          763960.685
   26        28               0.106               0.100          764012.209
   28        29               0.119               0.117          763816.134
   30        27               0.118               0.117          763824.831
   32        27               0.127               0.117          763947.823
   34        27               0.136               0.133          764132.240
   36        27               0.143               0.133          764104.341
   38        33               0.192               0.217          763188.109
   40        27               0.166               0.183          764258.666
   42        26               0.167               0.183          764170.144
   44        34               0.229               0.250          763617.665
   46        25               0.175               0.167          764387.526
   48        37               0.271               0.283          763253.854
   50        27               0.206               0.217          764342.123
   52        26               0.208               0.217          764367.372
   54        31               0.257               0.283          763796.459
   56        26               0.221               0.250          764288.002
   58        34               0.298               0.317          763549.039
   60        38               0.342               0.367          763364.744
   62        37               0.345               0.367          763316.328
   64        25               0.241               0.267          764640.253
   66        36               0.359               0.383          763691.141
   68        33               0.331               0.350          763882.701
   70        40               0.412               0.450          763496.205
   72        29               0.307               0.317          764236.064
   74        39               0.424               0.433          763357.773
   76        32               0.355               0.400          764088.969
   78        38               0.430               0.450          763696.383
   80        36               0.418               0.417          763665.361
   82        34               0.408               0.417          763857.549
   84        41               0.497               0.500          763433.452
   86        42               0.524               0.533          763287.702
   88        40               0.513               0.517          763471.633
   90        34               0.436               0.450          763858.419
   92        33               0.445               0.450          764011.600
   94        26               0.352               0.350          764878.445
   96        40               0.556               0.567          763620.706
   98        39               0.555               0.583          763778.902
  100        37               0.536               0.550          763950.769
