   10        25               0.368               0.367        11857339.295
   20        32               0.931               0.917        11815271.768
   30        27               1.196               1.183        11814180.283
   40        34               2.025               2.017        11792413.667
   50        29               2.158               2.150        11800710.181
   60        46               4.069               4.067        11771359.895
   70        30               3.066               3.067        11788135.782
   80        30               3.483               3.483        11782500.852
   90        32               4.165               4.167        11791559.357
  100        29               4.239               4.233        11794478.074
