   10        23               3.755               3.750        28002131.469
   20        24               8.001               8.000        27923650.166
   30        22              10.994              11.000        27911650.215
   40        22              14.537              14.533        27916950.082
   50        22              18.116              18.117        27895480.992
   60        22              21.762              21.767        27888772.195
   70        21              24.263              24.267        27890559.827
   80        21              27.719              27.733        27896848.624
   90        21              30.892              30.900        27903850.149
  100        21              34.563              34.567        27891385.513
  110        21              38.154              38.167        27888184.984
  120        21              41.978              42.000        27879932.467
  130        21              45.275              45.300        27886101.456
  140        21              51.478              51.500        27886189.145
  150        21              89.132              89.167        27880784.849
  160        21              95.193              95.233        27881760.224
  170        21             101.311             101.350        27875469.609
  180        21             107.366             107.417        27874407.234
  190        21             113.290             113.333        27873959.153
  200        21             119.418             119.467        27877208.191
