   10        35               0.273               0.267         5953669.685
   20        32               0.499               0.500         5951224.980
   30        45               1.051               1.050         5936134.562
   40        39               1.183               1.183         5939113.918
   50        39               1.470               1.467         5939934.299
   60        46               2.073               2.067         5929851.464
   70        48               2.520               2.517         5927580.049
   80        46               2.774               2.767         5928118.247
   90        45               3.053               3.050         5932209.998
  100        47               3.589               3.583         5927380.895
