    2        21               0.000               0.000            4965.374
    4        21               0.000               0.000            4943.060
    6        21               0.001               0.000            4948.888
    8        21               0.002               0.033            4937.135
   10        23               0.007               0.067            4941.075
   12        27               0.039               0.450            4940.309
   14        25               0.077               0.950            4940.597
   16        28               0.131               1.133            4941.842
   18        33               0.241               2.150            4942.764
   20        21               0.230               2.817            4931.882
