   10        22               3.823               3.817        28114558.632
   20        22               7.734               7.733        27900805.161
   30        22              11.567              11.567        27929223.597
   40        22              15.333              15.350        27928137.646
   50        22              19.036              19.033        27884685.848
   60        22              22.967              22.967        27880378.429
   70        22              26.600              26.600        27890886.523
   80        22              30.388              30.417        27896599.712
   90        21              32.798              32.817        27885181.921
  100        21              36.625              36.633        27878390.250
  110        21              40.088              40.100        27880564.501
  120        21              44.518              44.567        27888790.246
  130        21              76.582              77.050        27883156.679
  140        21              81.816              81.867        27887764.805
  150        21              87.551              87.583        27879251.786
  160        21              93.641              93.683        27877315.376
  170        21              99.527              99.567        27881944.865
  180        21             105.434             105.483        27876994.201
  190        21             111.392             111.433        27880533.188
  200        21             117.320             117.367        27875014.079
