0	2.808e+06
1	2.79627e+06
2	2.758e+06
3	2.73684e+06
4	2.73313e+06
5	2.73146e+06
6	2.72983e+06
7	2.72814e+06
8	2.72625e+06
9	2.72388e+06
10	2.72097e+06
11	2.71802e+06
12	2.71562e+06
13	2.71378e+06
14	2.71216e+06
15	2.71045e+06
16	2.7086e+06
17	2.70674e+06
18	2.70498e+06
19	2.70313e+06
20	2.70099e+06
21	2.69859e+06
22	2.69612e+06
23	2.69375e+06
24	2.69158e+06
25	2.68972e+06
26	2.68823e+06
27	2.68712e+06
28	2.68636e+06
29	2.68586e+06
30	2.68554e+06
31	2.68533e+06
32	2.68518e+06
33	2.68507e+06
34	2.68499e+06
35	2.68492e+06
36	2.68486e+06
37	2.6848e+06
38	2.68475e+06
39	2.6847e+06
40	2.68465e+06
41	2.6846e+06
42	2.68456e+06
43	2.68451e+06
44	2.68446e+06
45	2.68441e+06
46	2.68436e+06
47	2.68431e+06
48	2.68426e+06
49	2.6842e+06
50	2.68414e+06
51	2.68408e+06
52	2.68402e+06
53	2.68394e+06
54	2.68387e+06
55	2.68379e+06
56	2.68371e+06
57	2.68362e+06
58	2.68354e+06
59	2.68346e+06
60	2.68338e+06
61	2.6833e+06
62	2.68322e+06
63	2.68314e+06
64	2.68307e+06
65	2.683e+06
66	2.68293e+06
67	2.68286e+06
68	2.6828e+06
69	2.68274e+06
70	2.68268e+06
71	2.68262e+06
72	2.68256e+06
73	2.68251e+06
74	2.68247e+06
75	2.68242e+06
76	2.68238e+06
77	2.68234e+06
78	2.6823e+06
79	2.68226e+06
80	2.68223e+06
81	2.6822e+06
82	2.68217e+06
83	2.68214e+06
84	2.68211e+06
85	2.68209e+06
86	2.68206e+06
87	2.68204e+06
88	2.68202e+06
89	2.682e+06
90	2.68198e+06
91	2.68196e+06
92	2.68194e+06
93	2.68192e+06
94	2.68191e+06
95	2.68189e+06
96	2.68187e+06
97	2.68186e+06
98	2.68184e+06
99	2.68183e+06
100	2.68182e+06
101	2.6818e+06
102	2.68179e+06
103	2.68177e+06
104	2.68176e+06
105	2.68175e+06
106	2.68174e+06
107	2.68172e+06
108	2.68171e+06
109	2.6817e+06
110	2.68169e+06
111	2.68167e+06
112	2.68166e+06
113	2.68165e+06
114	2.68164e+06
115	2.68163e+06
116	2.68161e+06
117	2.6816e+06
118	2.68159e+06
119	2.68158e+06
120	2.68157e+06
121	2.68155e+06
122	2.68154e+06
123	2.68153e+06
124	2.68152e+06
125	2.68151e+06
126	2.6815e+06
127	2.68148e+06
128	2.68147e+06
129	2.68146e+06
130	2.68145e+06
131	2.68144e+06
132	2.68143e+06
133	2.68141e+06
134	2.6814e+06
135	2.68139e+06
136	2.68138e+06
137	2.68137e+06
138	2.68136e+06
139	2.68135e+06
140	2.68134e+06
141	2.68132e+06
142	2.68131e+06
143	2.6813e+06
144	2.68129e+06
145	2.68128e+06
146	2.68127e+06
147	2.68126e+06
148	2.68125e+06
149	2.68124e+06
150	2.68123e+06
151	2.68122e+06
152	2.68121e+06
153	2.6812e+06
154	2.68119e+06
155	2.68118e+06
156	2.68117e+06
157	2.68116e+06
158	2.68115e+06
159	2.68114e+06
160	2.68114e+06
161	2.68113e+06
162	2.68112e+06
163	2.68111e+06
164	2.6811e+06
165	2.68109e+06
166	2.68108e+06
167	2.68107e+06
168	2.68106e+06
169	2.68105e+06
170	2.68104e+06
171	2.68103e+06
172	2.68102e+06
173	2.68101e+06
174	2.681e+06
175	2.68099e+06
176	2.68098e+06
177	2.68097e+06
178	2.68095e+06
179	2.68094e+06
180	2.68093e+06
181	2.68091e+06
182	2.6809e+06
183	2.68088e+06
184	2.68087e+06
185	2.68085e+06
186	2.68083e+06
187	2.68081e+06
188	2.68079e+06
189	2.68076e+06
190	2.68074e+06
191	2.68071e+06
192	2.68068e+06
193	2.68065e+06
194	2.68062e+06
195	2.68058e+06
196	2.68054e+06
197	2.6805e+06
198	2.68046e+06
199	2.68042e+06
200	2.68038e+06
201	2.68034e+06
202	2.6803e+06
203	2.68026e+06
204	2.68023e+06
205	2.6802e+06
206	2.68017e+06
207	2.68014e+06
208	2.68011e+06
209	2.68009e+06
210	2.68007e+06
211	2.68005e+06
212	2.68003e+06
213	2.68002e+06
214	2.68e+06
215	2.67999e+06
216	2.67997e+06
217	2.67996e+06
218	2.67995e+06
219	2.67994e+06
220	2.67993e+06
221	2.67992e+06
222	2.67991e+06
223	2.6799e+06
224	2.67989e+06
225	2.67988e+06
226	2.67987e+06
227	2.67986e+06
228	2.67986e+06
229	2.67985e+06
230	2.67984e+06
231	2.67984e+06
232	2.67983e+06
233	2.67982e+06
234	2.67982e+06
235	2.67981e+06
236	2.67981e+06
237	2.6798e+06
238	2.67979e+06
239	2.67979e+06
240	2.67978e+06
241	2.67978e+06
242	2.67977e+06
243	2.67977e+06
244	2.67976e+06
245	2.67976e+06
246	2.67975e+06
247	2.67975e+06
248	2.67975e+06
249	2.67974e+06
250	2.67974e+06
251	2.67973e+06
252	2.67973e+06
253	2.67972e+06
254	2.67972e+06
255	2.67972e+06
256	2.67971e+06
257	2.67971e+06
258	2.6797e+06
259	2.6797e+06
260	2.6797e+06
261	2.67969e+06
262	2.67969e+06
263	2.67969e+06
264	2.67968e+06
265	2.67968e+06
266	2.67967e+06
267	2.67967e+06
268	2.67967e+06
269	2.67966e+06
270	2.67966e+06
271	2.67966e+06
272	2.67965e+06
273	2.67965e+06
274	2.67965e+06
275	2.67965e+06
276	2.67964e+06
277	2.67964e+06
278	2.67964e+06
279	2.67963e+06
280	2.67963e+06
281	2.67963e+06
282	2.67962e+06
283	2.67962e+06
284	2.67962e+06
285	2.67961e+06
286	2.67961e+06
287	2.67961e+06
288	2.67961e+06
289	2.6796e+06
290	2.6796e+06
291	2.6796e+06
292	2.6796e+06
293	2.67959e+06
294	2.67959e+06
295	2.67959e+06
296	2.67958e+06
297	2.67958e+06
298	2.67958e+06
299	2.67958e+06
300	2.67957e+06
301	2.67957e+06
302	2.67957e+06
303	2.67957e+06
304	2.67956e+06
305	2.67956e+06
306	2.67956e+06
307	2.67956e+06
308	2.67955e+06
309	2.67955e+06
310	2.67955e+06
311	2.67955e+06
312	2.67954e+06
313	2.67954e+06
314	2.67954e+06
315	2.67954e+06
316	2.67954e+06
317	2.67953e+06
318	2.67953e+06
319	2.67953e+06
320	2.67953e+06
321	2.67952e+06
322	2.67952e+06
323	2.67952e+06
324	2.67952e+06
325	2.67952e+06
326	2.67951e+06
327	2.67951e+06
328	2.67951e+06
329	2.67951e+06
330	2.6795e+06
331	2.6795e+06
332	2.6795e+06
333	2.6795e+06
334	2.6795e+06
335	2.67949e+06
336	2.67949e+06
337	2.67949e+06
338	2.67949e+06
339	2.67949e+06
340	2.67948e+06
341	2.67948e+06
342	2.67948e+06
343	2.67948e+06
344	2.67948e+06
345	2.67947e+06
346	2.67947e+06
347	2.67947e+06
348	2.67947e+06
349	2.67947e+06
350	2.67946e+06
351	2.67946e+06
352	2.67946e+06
353	2.67946e+06
354	2.67946e+06
355	2.67945e+06
356	2.67945e+06
357	2.67945e+06
358	2.67945e+06
359	2.67945e+06
360	2.67944e+06
361	2.67944e+06
362	2.67944e+06
363	2.67944e+06
364	2.67944e+06
365	2.67943e+06
366	2.67943e+06
367	2.67943e+06
368	2.67943e+06
369	2.67943e+06
370	2.67942e+06
371	2.67942e+06
372	2.67942e+06
373	2.67942e+06
374	2.67942e+06
375	2.67942e+06
376	2.67941e+06
377	2.67941e+06
378	2.67941e+06
379	2.67941e+06
380	2.67941e+06
381	2.6794e+06
382	2.6794e+06
383	2.6794e+06
384	2.6794e+06
385	2.6794e+06
386	2.67939e+06
387	2.67939e+06
388	2.67939e+06
389	2.67939e+06
390	2.67938e+06
391	2.67938e+06
392	2.67938e+06
393	2.67938e+06
394	2.67938e+06
395	2.67937e+06
396	2.67937e+06
397	2.67937e+06
398	2.67937e+06
399	2.67937e+06
400	2.67936e+06
401	2.67936e+06
402	2.67936e+06
403	2.67936e+06
404	2.67936e+06
405	2.67935e+06
406	2.67935e+06
407	2.67935e+06
408	2.67935e+06
409	2.67934e+06
410	2.67934e+06
411	2.67934e+06
412	2.67934e+06
413	2.67934e+06
414	2.67933e+06
415	2.67933e+06
416	2.67933e+06
417	2.67933e+06
418	2.67932e+06
419	2.67932e+06
420	2.67932e+06
421	2.67932e+06
422	2.67931e+06
423	2.67931e+06
424	2.67931e+06
425	2.67931e+06
426	2.67931e+06
427	2.6793e+06
428	2.6793e+06
429	2.6793e+06
430	2.6793e+06
431	2.67929e+06
432	2.67929e+06
433	2.67929e+06
434	2.67929e+06
435	2.67928e+06
436	2.67928e+06
437	2.67928e+06
438	2.67928e+06
439	2.67927e+06
440	2.67927e+06
441	2.67927e+06
442	2.67927e+06
443	2.67926e+06
444	2.67926e+06
445	2.67926e+06
446	2.67926e+06
447	2.67925e+06
448	2.67925e+06
449	2.67925e+06
450	2.67925e+06
451	2.67924e+06
452	2.67924e+06
453	2.67924e+06
454	2.67923e+06
455	2.67923e+06
456	2.67923e+06
457	2.67923e+06
458	2.67922e+06
459	2.67922e+06
460	2.67922e+06
461	2.67922e+06
462	2.67921e+06
463	2.67921e+06
464	2.67921e+06
465	2.67921e+06
466	2.6792e+06
467	2.6792e+06
468	2.6792e+06
469	2.6792e+06
470	2.67919e+06
471	2.67919e+06
472	2.67919e+06
473	2.67919e+06
474	2.67918e+06
475	2.67918e+06
476	2.67918e+06
477	2.67918e+06
478	2.67917e+06
479	2.67917e+06
480	2.67917e+06
481	2.67917e+06
482	2.67916e+06
483	2.67916e+06
484	2.67916e+06
485	2.67916e+06
486	2.67915e+06
487	2.67915e+06
488	2.67915e+06
489	2.67915e+06
490	2.67915e+06
491	2.67914e+06
492	2.67914e+06
493	2.67914e+06
494	2.67914e+06
495	2.67913e+06
496	2.67913e+06
497	2.67913e+06
498	2.67913e+06
499	2.67912e+06
500	2.67912e+06
501	2.67912e+06
502	2.67912e+06
503	2.67912e+06
504	2.67911e+06
505	2.67911e+06
506	2.67911e+06
507	2.67911e+06
508	2.6791e+06
509	2.6791e+06
510	2.6791e+06
511	2.6791e+06
512	2.6791e+06
513	2.67909e+06
514	2.67909e+06
515	2.67909e+06
516	2.67909e+06
517	2.67909e+06
518	2.67908e+06
519	2.67908e+06
520	2.67908e+06
521	2.67908e+06
522	2.67908e+06
523	2.67907e+06
524	2.67907e+06
525	2.67907e+06
526	2.67907e+06
527	2.67907e+06
528	2.67906e+06
529	2.67906e+06
530	2.67906e+06
531	2.67906e+06
532	2.67906e+06
533	2.67906e+06
534	2.67905e+06
535	2.67905e+06
536	2.67905e+06
537	2.67905e+06
538	2.67905e+06
539	2.67904e+06
540	2.67904e+06
541	2.67904e+06
542	2.67904e+06
543	2.67904e+06
544	2.67904e+06
545	2.67903e+06
546	2.67903e+06
547	2.67903e+06
548	2.67903e+06
549	2.67903e+06
550	2.67903e+06
551	2.67903e+06
552	2.67902e+06
553	2.67902e+06
554	2.67902e+06
555	2.67902e+06
556	2.67902e+06
557	2.67902e+06
558	2.67902e+06
559	2.67901e+06
560	2.67901e+06
561	2.67901e+06
562	2.67901e+06
563	2.67901e+06
564	2.67901e+06
565	2.67901e+06
566	2.679e+06
567	2.679e+06
568	2.679e+06
569	2.679e+06
570	2.679e+06
571	2.679e+06
572	2.679e+06
573	2.67899e+06
574	2.67899e+06
575	2.67899e+06
576	2.67899e+06
577	2.67899e+06
578	2.67899e+06
579	2.67899e+06
580	2.67898e+06
581	2.67898e+06
582	2.67898e+06
583	2.67898e+06
584	2.67898e+06
585	2.67898e+06
586	2.67897e+06
587	2.67897e+06
588	2.67897e+06
589	2.67897e+06
590	2.67897e+06
591	2.67897e+06
592	2.67896e+06
593	2.67896e+06
594	2.67896e+06
595	2.67896e+06
596	2.67896e+06
597	2.67895e+06
598	2.67895e+06
599	2.67895e+06
600	2.67895e+06
601	2.67894e+06
602	2.67894e+06
603	2.67894e+06
604	2.67894e+06
605	2.67893e+06
606	2.67893e+06
607	2.67893e+06
608	2.67893e+06
609	2.67892e+06
610	2.67892e+06
611	2.67892e+06
612	2.67891e+06
613	2.67891e+06
614	2.67891e+06
615	2.67891e+06
616	2.6789e+06
617	2.6789e+06
618	2.6789e+06
619	2.67889e+06
620	2.67889e+06
621	2.67889e+06
622	2.67889e+06
623	2.67888e+06
624	2.67888e+06
625	2.67888e+06
626	2.67888e+06
627	2.67887e+06
628	2.67887e+06
629	2.67887e+06
630	2.67887e+06
631	2.67886e+06
632	2.67886e+06
633	2.67886e+06
634	2.67886e+06
635	2.67886e+06
636	2.67886e+06
637	2.67885e+06
638	2.67885e+06
639	2.67885e+06
640	2.67885e+06
641	2.67885e+06
642	2.67885e+06
643	2.67884e+06
644	2.67884e+06
645	2.67884e+06
646	2.67884e+06
647	2.67884e+06
648	2.67884e+06
649	2.67884e+06
650	2.67884e+06
651	2.67883e+06
652	2.67883e+06
653	2.67883e+06
654	2.67883e+06
655	2.67883e+06
656	2.67883e+06
657	2.67883e+06
