0	2.35163e+06
1	2.35163e+06
2	2.35161e+06
3	2.35158e+06
4	2.35151e+06
5	2.35137e+06
6	2.35106e+06
7	2.35044e+06
8	2.34921e+06
9	2.34689e+06
10	2.34296e+06
11	2.33699e+06
12	2.32921e+06
13	2.32264e+06
14	2.31934e+06
15	2.31747e+06
16	2.31619e+06
17	2.31519e+06
18	2.31428e+06
19	2.31335e+06
20	2.31226e+06
21	2.31092e+06
22	2.30934e+06
23	2.3078e+06
24	2.30663e+06
25	2.30596e+06
26	2.30561e+06
27	2.30537e+06
28	2.30515e+06
29	2.30487e+06
30	2.30448e+06
31	2.30392e+06
32	2.30308e+06
33	2.30179e+06
34	2.29969e+06
35	2.29641e+06
36	2.29253e+06
37	2.28986e+06
38	2.28845e+06
39	2.28742e+06
40	2.28642e+06
41	2.28536e+06
42	2.2843e+06
43	2.28333e+06
44	2.28251e+06
45	2.28189e+06
46	2.28148e+06
47	2.28122e+06
48	2.28107e+06
49	2.28098e+06
50	2.28092e+06
51	2.28088e+06
52	2.28085e+06
53	2.28083e+06
54	2.28082e+06
55	2.28081e+06
56	2.2808e+06
57	2.28079e+06
58	2.28078e+06
59	2.28077e+06
60	2.28077e+06
61	2.28076e+06
62	2.28076e+06
63	2.28075e+06
64	2.28075e+06
65	2.28075e+06
66	2.28074e+06
67	2.28074e+06
68	2.28074e+06
69	2.28074e+06
70	2.28074e+06
71	2.28073e+06
72	2.28073e+06
73	2.28073e+06
74	2.28073e+06
75	2.28073e+06
76	2.28073e+06
77	2.28073e+06
78	2.28072e+06
