   10        39               0.146               0.133         2688770.774
   20        36               0.275               0.267         2685197.711
   30        35               0.409               0.400         2682040.649
   40        35               0.525               0.517         2682394.293
   50        36               0.686               0.683         2681930.187
   60        36               0.815               0.817         2680697.874
   70        34               0.897               0.883         2681315.869
   80        36               1.077               1.067         2681102.106
   90        35               1.135               1.133         2681692.920
  100        37               1.342               1.333         2681748.482
    5        35               0.108               0.167         2702584.518
   10        36               0.214               0.367         2688738.115
   15        35               0.306               0.517         2686843.691
   20        35               0.416               0.667         2683763.493
   25        38               0.568               0.917         2685007.127
   30        40               0.727               1.150         2681646.311
   35        35               0.729               1.183         2682779.925
   40        33               0.766               1.217         2685304.908
   45        36               0.939               1.500         2682542.105
   50        35               0.997               1.300         2681041.245
   55        35               1.100               1.117         2681944.950
   60        34               1.139               1.150         2682480.389
   65        36               1.310               1.367         2680786.137
   70        38               1.470               1.517         2681076.874
   75        34               1.400               1.433         2682332.638
   80        36               1.584               1.583         2681028.849
   85        35               1.600               1.617         2681655.599
   90        33               1.570               1.567         2681221.276
   95        36               1.812               1.800         2681512.265
  100        34               1.797               1.783         2682965.670
