   10        22               0.667               0.667         9579101.767
   20        23               1.384               1.383         9542759.273
   30        22               1.986               1.983         9507112.208
   40        22               2.690               2.683         9508006.822
   50        22               7.917               7.917         9503432.684
   60        23               9.918               9.917         9504979.305
   70        22              11.060              11.067         9501572.715
   80        21              12.071              12.067         9503528.314
   90        21              13.639              13.633         9506939.694
  100        21              15.153              15.150         9502889.362
  110        22              17.539              17.550         9500322.171
  120        21              18.254              18.250         9505452.803
  130        22              20.687              20.700         9499836.000
  140        21              21.191              21.200         9504959.695
  150        21              22.803              22.833         9501846.869
  160        21              24.302              24.333         9504714.297
  170        21              25.768              25.783         9503313.782
  180        21              27.137              27.150         9503837.830
  190        21              28.528              28.533         9499504.628
  200        21              30.027              30.033         9502818.848
