0	2.00901e+06
1	2.00318e+06
2	1.95606e+06
3	1.73835e+06
4	1.498e+06
5	1.4422e+06
6	1.43087e+06
7	1.42366e+06
8	1.41793e+06
9	1.41381e+06
10	1.41036e+06
11	1.40603e+06
12	1.39972e+06
13	1.39154e+06
14	1.38267e+06
15	1.37504e+06
16	1.36979e+06
17	1.3664e+06
18	1.36424e+06
19	1.36292e+06
20	1.36211e+06
21	1.36158e+06
22	1.36118e+06
23	1.36083e+06
24	1.36052e+06
25	1.36023e+06
26	1.35995e+06
27	1.35968e+06
28	1.35942e+06
29	1.35916e+06
30	1.3589e+06
31	1.35865e+06
32	1.35841e+06
33	1.35817e+06
34	1.35793e+06
35	1.35771e+06
36	1.35749e+06
37	1.35728e+06
38	1.35707e+06
39	1.35688e+06
40	1.35669e+06
41	1.3565e+06
42	1.35633e+06
43	1.35615e+06
44	1.35598e+06
45	1.3558e+06
46	1.35563e+06
47	1.35544e+06
48	1.35524e+06
49	1.35503e+06
50	1.3548e+06
51	1.35455e+06
52	1.35429e+06
53	1.35402e+06
54	1.35375e+06
55	1.35349e+06
56	1.35324e+06
57	1.35302e+06
58	1.35282e+06
59	1.35264e+06
60	1.35249e+06
61	1.35236e+06
62	1.35225e+06
63	1.35216e+06
64	1.35208e+06
65	1.35201e+06
66	1.35195e+06
67	1.3519e+06
68	1.35186e+06
69	1.35182e+06
70	1.35179e+06
71	1.35176e+06
72	1.35173e+06
73	1.35171e+06
74	1.35169e+06
75	1.35166e+06
76	1.35164e+06
77	1.35163e+06
78	1.35161e+06
79	1.35159e+06
80	1.35157e+06
81	1.35156e+06
82	1.35154e+06
83	1.35153e+06
84	1.35151e+06
85	1.3515e+06
86	1.35148e+06
87	1.35147e+06
88	1.35145e+06
89	1.35143e+06
90	1.35142e+06
91	1.3514e+06
92	1.35138e+06
93	1.35135e+06
94	1.35132e+06
95	1.35129e+06
96	1.35125e+06
97	1.35121e+06
98	1.35115e+06
99	1.35109e+06
100	1.35102e+06
101	1.35093e+06
102	1.35084e+06
103	1.35074e+06
104	1.35064e+06
105	1.35054e+06
106	1.35044e+06
107	1.35036e+06
108	1.35028e+06
109	1.35022e+06
110	1.35016e+06
111	1.35011e+06
112	1.35008e+06
113	1.35004e+06
114	1.35002e+06
115	1.34999e+06
116	1.34997e+06
117	1.34995e+06
118	1.34994e+06
119	1.34992e+06
120	1.34991e+06
121	1.3499e+06
122	1.34989e+06
123	1.34988e+06
124	1.34987e+06
125	1.34986e+06
126	1.34985e+06
127	1.34984e+06
128	1.34984e+06
129	1.34983e+06
130	1.34982e+06
131	1.34982e+06
132	1.34981e+06
133	1.34981e+06
134	1.3498e+06
135	1.3498e+06
136	1.34979e+06
137	1.34979e+06
138	1.34978e+06
139	1.34978e+06
140	1.34978e+06
141	1.34977e+06
142	1.34977e+06
143	1.34977e+06
144	1.34976e+06
145	1.34976e+06
146	1.34976e+06
147	1.34975e+06
148	1.34975e+06
149	1.34975e+06
150	1.34975e+06
151	1.34974e+06
152	1.34974e+06
153	1.34974e+06
154	1.34974e+06
155	1.34974e+06
156	1.34973e+06
157	1.34973e+06
158	1.34973e+06
159	1.34973e+06
160	1.34973e+06
161	1.34973e+06
162	1.34972e+06
163	1.34972e+06
164	1.34972e+06
165	1.34972e+06
166	1.34972e+06
167	1.34972e+06
168	1.34972e+06
169	1.34971e+06
170	1.34971e+06
171	1.34971e+06
172	1.34971e+06
173	1.34971e+06
174	1.34971e+06
175	1.34971e+06
