0	2.00896e+06
1	2.00246e+06
2	1.94735e+06
3	1.6817e+06
4	1.46349e+06
5	1.43341e+06
6	1.42627e+06
7	1.42305e+06
8	1.42024e+06
9	1.41634e+06
10	1.4104e+06
11	1.40176e+06
12	1.39119e+06
13	1.38208e+06
14	1.37678e+06
15	1.37423e+06
16	1.37277e+06
17	1.37164e+06
18	1.37053e+06
19	1.36927e+06
20	1.3678e+06
21	1.36622e+06
22	1.36485e+06
23	1.36387e+06
24	1.36322e+06
25	1.36276e+06
26	1.36238e+06
27	1.36205e+06
28	1.36173e+06
29	1.3614e+06
30	1.36106e+06
31	1.36068e+06
32	1.36025e+06
33	1.35977e+06
34	1.35924e+06
35	1.35866e+06
36	1.35809e+06
37	1.35753e+06
38	1.35703e+06
39	1.35657e+06
40	1.35616e+06
41	1.35581e+06
42	1.3555e+06
43	1.35525e+06
44	1.35503e+06
45	1.35485e+06
46	1.3547e+06
47	1.35458e+06
48	1.35448e+06
49	1.35439e+06
50	1.35432e+06
51	1.35425e+06
52	1.3542e+06
53	1.35415e+06
54	1.35411e+06
55	1.35407e+06
56	1.35403e+06
57	1.354e+06
58	1.35396e+06
59	1.35394e+06
60	1.35391e+06
61	1.35388e+06
62	1.35386e+06
63	1.35384e+06
64	1.35382e+06
65	1.35379e+06
66	1.35378e+06
67	1.35376e+06
68	1.35374e+06
69	1.35372e+06
70	1.3537e+06
71	1.35369e+06
72	1.35367e+06
73	1.35366e+06
74	1.35364e+06
75	1.35363e+06
76	1.35361e+06
77	1.3536e+06
78	1.35359e+06
79	1.35357e+06
80	1.35356e+06
81	1.35355e+06
82	1.35353e+06
83	1.35352e+06
84	1.3535e+06
85	1.35349e+06
86	1.35348e+06
87	1.35346e+06
88	1.35345e+06
89	1.35343e+06
90	1.35342e+06
91	1.3534e+06
92	1.35338e+06
93	1.35337e+06
94	1.35335e+06
95	1.35333e+06
96	1.35331e+06
97	1.3533e+06
98	1.35328e+06
99	1.35325e+06
100	1.35323e+06
101	1.35321e+06
102	1.35319e+06
103	1.35316e+06
104	1.35314e+06
105	1.35311e+06
106	1.35308e+06
107	1.35305e+06
108	1.35302e+06
109	1.35298e+06
110	1.35295e+06
111	1.35291e+06
112	1.35287e+06
113	1.35283e+06
114	1.35279e+06
115	1.35274e+06
116	1.35269e+06
117	1.35264e+06
118	1.35259e+06
119	1.35253e+06
120	1.35248e+06
121	1.35242e+06
122	1.35235e+06
123	1.35229e+06
124	1.35222e+06
125	1.35216e+06
126	1.35209e+06
127	1.35202e+06
128	1.35194e+06
129	1.35187e+06
130	1.3518e+06
131	1.35173e+06
132	1.35166e+06
133	1.35159e+06
134	1.35152e+06
135	1.35145e+06
136	1.35138e+06
137	1.35131e+06
138	1.35125e+06
139	1.35118e+06
140	1.35112e+06
141	1.35106e+06
142	1.351e+06
143	1.35095e+06
144	1.35089e+06
145	1.35084e+06
146	1.35079e+06
147	1.35074e+06
148	1.35069e+06
149	1.35064e+06
150	1.3506e+06
151	1.35055e+06
152	1.35051e+06
153	1.35047e+06
154	1.35043e+06
155	1.35039e+06
156	1.35036e+06
157	1.35032e+06
158	1.35029e+06
159	1.35026e+06
160	1.35023e+06
161	1.3502e+06
162	1.35017e+06
163	1.35015e+06
164	1.35012e+06
165	1.3501e+06
166	1.35008e+06
167	1.35006e+06
168	1.35004e+06
169	1.35002e+06
170	1.35001e+06
171	1.34999e+06
172	1.34998e+06
173	1.34996e+06
174	1.34995e+06
175	1.34994e+06
176	1.34993e+06
177	1.34992e+06
178	1.34991e+06
179	1.3499e+06
180	1.34989e+06
181	1.34988e+06
182	1.34987e+06
183	1.34986e+06
184	1.34985e+06
185	1.34984e+06
186	1.34983e+06
187	1.34983e+06
188	1.34982e+06
189	1.34981e+06
190	1.34981e+06
191	1.3498e+06
192	1.34979e+06
193	1.34979e+06
194	1.34978e+06
195	1.34977e+06
196	1.34977e+06
197	1.34976e+06
198	1.34976e+06
199	1.34975e+06
200	1.34975e+06
201	1.34974e+06
202	1.34974e+06
203	1.34973e+06
204	1.34973e+06
205	1.34972e+06
206	1.34972e+06
207	1.34971e+06
208	1.34971e+06
209	1.3497e+06
210	1.3497e+06
211	1.34969e+06
212	1.34969e+06
213	1.34968e+06
214	1.34968e+06
215	1.34967e+06
216	1.34967e+06
217	1.34966e+06
218	1.34966e+06
219	1.34965e+06
220	1.34965e+06
221	1.34964e+06
222	1.34964e+06
223	1.34963e+06
224	1.34963e+06
225	1.34962e+06
226	1.34962e+06
227	1.34961e+06
228	1.34961e+06
229	1.3496e+06
230	1.3496e+06
231	1.34959e+06
232	1.34958e+06
233	1.34958e+06
234	1.34957e+06
235	1.34957e+06
236	1.34956e+06
237	1.34955e+06
238	1.34955e+06
239	1.34954e+06
240	1.34953e+06
241	1.34953e+06
242	1.34952e+06
243	1.34951e+06
244	1.34951e+06
245	1.3495e+06
246	1.34949e+06
247	1.34948e+06
248	1.34948e+06
249	1.34947e+06
250	1.34946e+06
251	1.34945e+06
252	1.34945e+06
253	1.34944e+06
254	1.34943e+06
255	1.34942e+06
256	1.34941e+06
257	1.34941e+06
258	1.3494e+06
259	1.34939e+06
260	1.34938e+06
261	1.34937e+06
262	1.34937e+06
263	1.34936e+06
264	1.34935e+06
265	1.34934e+06
266	1.34934e+06
267	1.34933e+06
268	1.34932e+06
269	1.34931e+06
270	1.34931e+06
271	1.3493e+06
272	1.34929e+06
273	1.34929e+06
274	1.34928e+06
275	1.34928e+06
276	1.34927e+06
277	1.34926e+06
278	1.34926e+06
279	1.34925e+06
280	1.34925e+06
281	1.34924e+06
282	1.34923e+06
283	1.34923e+06
284	1.34922e+06
285	1.34922e+06
286	1.34921e+06
287	1.34921e+06
288	1.34921e+06
289	1.3492e+06
290	1.3492e+06
291	1.34919e+06
292	1.34919e+06
293	1.34918e+06
294	1.34918e+06
295	1.34917e+06
296	1.34917e+06
297	1.34917e+06
298	1.34916e+06
299	1.34916e+06
300	1.34916e+06
301	1.34915e+06
302	1.34915e+06
303	1.34915e+06
304	1.34914e+06
305	1.34914e+06
306	1.34914e+06
307	1.34913e+06
308	1.34913e+06
309	1.34913e+06
310	1.34912e+06
311	1.34912e+06
312	1.34912e+06
313	1.34911e+06
314	1.34911e+06
315	1.34911e+06
316	1.34911e+06
317	1.3491e+06
318	1.3491e+06
319	1.3491e+06
320	1.34909e+06
321	1.34909e+06
322	1.34909e+06
323	1.34909e+06
324	1.34908e+06
325	1.34908e+06
326	1.34908e+06
327	1.34908e+06
328	1.34907e+06
329	1.34907e+06
330	1.34907e+06
331	1.34907e+06
332	1.34907e+06
333	1.34906e+06
334	1.34906e+06
335	1.34906e+06
336	1.34906e+06
337	1.34905e+06
338	1.34905e+06
339	1.34905e+06
340	1.34905e+06
341	1.34905e+06
342	1.34904e+06
343	1.34904e+06
344	1.34904e+06
345	1.34904e+06
346	1.34904e+06
347	1.34903e+06
348	1.34903e+06
349	1.34903e+06
350	1.34903e+06
351	1.34903e+06
352	1.34902e+06
353	1.34902e+06
354	1.34902e+06
355	1.34902e+06
356	1.34902e+06
357	1.34901e+06
358	1.34901e+06
359	1.34901e+06
360	1.34901e+06
361	1.34901e+06
362	1.34901e+06
363	1.349e+06
364	1.349e+06
365	1.349e+06
366	1.349e+06
367	1.349e+06
368	1.34899e+06
369	1.34899e+06
370	1.34899e+06
371	1.34899e+06
372	1.34899e+06
373	1.34899e+06
374	1.34898e+06
375	1.34898e+06
376	1.34898e+06
377	1.34898e+06
378	1.34898e+06
379	1.34898e+06
380	1.34897e+06
381	1.34897e+06
382	1.34897e+06
383	1.34897e+06
384	1.34897e+06
385	1.34897e+06
386	1.34896e+06
387	1.34896e+06
388	1.34896e+06
389	1.34896e+06
390	1.34896e+06
391	1.34896e+06
392	1.34895e+06
393	1.34895e+06
394	1.34895e+06
395	1.34895e+06
396	1.34895e+06
397	1.34894e+06
398	1.34894e+06
399	1.34894e+06
400	1.34894e+06
401	1.34894e+06
402	1.34894e+06
403	1.34893e+06
404	1.34893e+06
405	1.34893e+06
406	1.34893e+06
407	1.34893e+06
408	1.34893e+06
409	1.34892e+06
410	1.34892e+06
411	1.34892e+06
412	1.34892e+06
413	1.34892e+06
414	1.34892e+06
415	1.34891e+06
416	1.34891e+06
417	1.34891e+06
418	1.34891e+06
419	1.34891e+06
420	1.3489e+06
421	1.3489e+06
422	1.3489e+06
423	1.3489e+06
424	1.3489e+06
425	1.34889e+06
426	1.34889e+06
427	1.34889e+06
428	1.34889e+06
429	1.34889e+06
430	1.34889e+06
431	1.34888e+06
432	1.34888e+06
433	1.34888e+06
434	1.34888e+06
435	1.34887e+06
436	1.34887e+06
437	1.34887e+06
438	1.34887e+06
439	1.34887e+06
440	1.34886e+06
441	1.34886e+06
442	1.34886e+06
443	1.34886e+06
444	1.34885e+06
445	1.34885e+06
446	1.34885e+06
447	1.34885e+06
448	1.34885e+06
449	1.34884e+06
450	1.34884e+06
451	1.34884e+06
452	1.34884e+06
453	1.34883e+06
454	1.34883e+06
455	1.34883e+06
456	1.34882e+06
457	1.34882e+06
458	1.34882e+06
459	1.34882e+06
460	1.34881e+06
461	1.34881e+06
462	1.34881e+06
463	1.3488e+06
464	1.3488e+06
465	1.3488e+06
466	1.34879e+06
467	1.34879e+06
468	1.34879e+06
469	1.34878e+06
470	1.34878e+06
471	1.34878e+06
472	1.34877e+06
473	1.34877e+06
474	1.34876e+06
475	1.34876e+06
476	1.34876e+06
477	1.34875e+06
478	1.34875e+06
479	1.34874e+06
480	1.34874e+06
481	1.34873e+06
482	1.34873e+06
483	1.34872e+06
484	1.34872e+06
485	1.34871e+06
486	1.34871e+06
487	1.3487e+06
488	1.3487e+06
489	1.34869e+06
490	1.34869e+06
491	1.34868e+06
492	1.34867e+06
493	1.34867e+06
494	1.34866e+06
495	1.34865e+06
496	1.34865e+06
497	1.34864e+06
498	1.34863e+06
499	1.34863e+06
500	1.34862e+06
501	1.34861e+06
502	1.3486e+06
503	1.3486e+06
504	1.34859e+06
505	1.34858e+06
506	1.34857e+06
507	1.34856e+06
508	1.34856e+06
509	1.34855e+06
510	1.34854e+06
511	1.34853e+06
512	1.34852e+06
513	1.34851e+06
514	1.34851e+06
515	1.3485e+06
516	1.34849e+06
517	1.34848e+06
518	1.34847e+06
519	1.34846e+06
520	1.34845e+06
521	1.34845e+06
522	1.34844e+06
523	1.34843e+06
524	1.34842e+06
525	1.34841e+06
526	1.34841e+06
527	1.3484e+06
528	1.34839e+06
529	1.34838e+06
530	1.34838e+06
531	1.34837e+06
532	1.34836e+06
533	1.34835e+06
534	1.34835e+06
535	1.34834e+06
536	1.34833e+06
537	1.34833e+06
538	1.34832e+06
539	1.34831e+06
540	1.34831e+06
541	1.3483e+06
542	1.3483e+06
543	1.34829e+06
544	1.34828e+06
545	1.34828e+06
546	1.34827e+06
547	1.34827e+06
548	1.34826e+06
549	1.34826e+06
550	1.34825e+06
551	1.34825e+06
552	1.34824e+06
553	1.34824e+06
554	1.34823e+06
555	1.34823e+06
556	1.34822e+06
557	1.34822e+06
558	1.34821e+06
559	1.34821e+06
560	1.34821e+06
561	1.3482e+06
562	1.3482e+06
563	1.34819e+06
564	1.34819e+06
565	1.34819e+06
566	1.34818e+06
567	1.34818e+06
568	1.34818e+06
569	1.34817e+06
570	1.34817e+06
571	1.34817e+06
572	1.34816e+06
573	1.34816e+06
574	1.34816e+06
575	1.34816e+06
576	1.34815e+06
577	1.34815e+06
578	1.34815e+06
579	1.34814e+06
580	1.34814e+06
581	1.34814e+06
582	1.34814e+06
583	1.34813e+06
584	1.34813e+06
585	1.34813e+06
586	1.34813e+06
587	1.34812e+06
588	1.34812e+06
589	1.34812e+06
590	1.34812e+06
591	1.34812e+06
592	1.34811e+06
593	1.34811e+06
594	1.34811e+06
595	1.34811e+06
596	1.34811e+06
597	1.34811e+06
598	1.3481e+06
599	1.3481e+06
600	1.3481e+06
601	1.3481e+06
602	1.3481e+06
603	1.3481e+06
604	1.34809e+06
605	1.34809e+06
606	1.34809e+06
607	1.34809e+06
608	1.34809e+06
609	1.34809e+06
610	1.34809e+06
611	1.34809e+06
612	1.34808e+06
613	1.34808e+06
614	1.34808e+06
615	1.34808e+06
616	1.34808e+06
617	1.34808e+06
618	1.34808e+06
619	1.34808e+06
620	1.34808e+06
621	1.34807e+06
