0	2.00937e+06
1	2.00615e+06
2	1.97808e+06
3	1.81618e+06
4	1.53952e+06
5	1.44475e+06
6	1.42722e+06
7	1.42229e+06
8	1.41923e+06
9	1.41549e+06
10	1.41022e+06
11	1.40369e+06
12	1.39674e+06
13	1.39017e+06
14	1.38388e+06
15	1.37745e+06
16	1.37133e+06
17	1.36607e+06
18	1.362e+06
19	1.35934e+06
20	1.35783e+06
21	1.35694e+06
22	1.35633e+06
23	1.35584e+06
24	1.35545e+06
25	1.35511e+06
26	1.35481e+06
27	1.35456e+06
28	1.35434e+06
29	1.35415e+06
30	1.35398e+06
31	1.35383e+06
32	1.3537e+06
33	1.35359e+06
34	1.35349e+06
35	1.3534e+06
36	1.35332e+06
37	1.35325e+06
38	1.35318e+06
39	1.35312e+06
40	1.35307e+06
41	1.35303e+06
42	1.35298e+06
43	1.35295e+06
44	1.35291e+06
45	1.35288e+06
46	1.35285e+06
47	1.35282e+06
48	1.35279e+06
49	1.35277e+06
50	1.35275e+06
51	1.35272e+06
52	1.3527e+06
53	1.35268e+06
54	1.35266e+06
55	1.35263e+06
56	1.35261e+06
57	1.35259e+06
58	1.35256e+06
59	1.35254e+06
60	1.35251e+06
61	1.35249e+06
62	1.35246e+06
63	1.35243e+06
64	1.3524e+06
65	1.35237e+06
66	1.35234e+06
67	1.3523e+06
68	1.35227e+06
69	1.35224e+06
70	1.3522e+06
71	1.35217e+06
72	1.35213e+06
73	1.35209e+06
74	1.35206e+06
75	1.35202e+06
76	1.35198e+06
77	1.35193e+06
78	1.35189e+06
79	1.35184e+06
80	1.35179e+06
81	1.35173e+06
82	1.35168e+06
83	1.35161e+06
84	1.35155e+06
85	1.35147e+06
86	1.35139e+06
87	1.35131e+06
88	1.35121e+06
89	1.35111e+06
90	1.351e+06
91	1.35088e+06
92	1.35075e+06
93	1.35061e+06
94	1.35046e+06
95	1.35031e+06
96	1.35015e+06
97	1.34999e+06
98	1.34984e+06
99	1.34969e+06
100	1.34955e+06
101	1.34941e+06
102	1.34929e+06
103	1.34919e+06
104	1.34909e+06
105	1.34901e+06
106	1.34893e+06
107	1.34886e+06
108	1.3488e+06
109	1.34874e+06
110	1.34869e+06
111	1.34865e+06
112	1.3486e+06
113	1.34857e+06
114	1.34853e+06
115	1.3485e+06
116	1.34847e+06
117	1.34844e+06
118	1.34841e+06
119	1.34839e+06
120	1.34837e+06
121	1.34834e+06
122	1.34832e+06
123	1.3483e+06
124	1.34828e+06
125	1.34826e+06
126	1.34825e+06
127	1.34823e+06
128	1.34821e+06
129	1.3482e+06
130	1.34818e+06
131	1.34817e+06
132	1.34815e+06
133	1.34814e+06
134	1.34812e+06
135	1.34811e+06
136	1.34809e+06
137	1.34808e+06
138	1.34807e+06
139	1.34805e+06
140	1.34804e+06
141	1.34803e+06
142	1.34802e+06
143	1.348e+06
144	1.34799e+06
145	1.34798e+06
146	1.34797e+06
147	1.34796e+06
148	1.34795e+06
149	1.34794e+06
150	1.34793e+06
151	1.34791e+06
152	1.3479e+06
153	1.34789e+06
154	1.34788e+06
155	1.34788e+06
156	1.34787e+06
157	1.34786e+06
158	1.34785e+06
159	1.34784e+06
160	1.34783e+06
161	1.34782e+06
162	1.34781e+06
163	1.3478e+06
164	1.3478e+06
165	1.34779e+06
166	1.34778e+06
167	1.34777e+06
168	1.34777e+06
169	1.34776e+06
170	1.34775e+06
171	1.34774e+06
172	1.34774e+06
173	1.34773e+06
174	1.34772e+06
175	1.34772e+06
176	1.34771e+06
177	1.3477e+06
178	1.3477e+06
179	1.34769e+06
180	1.34769e+06
181	1.34768e+06
182	1.34768e+06
183	1.34767e+06
184	1.34766e+06
185	1.34766e+06
186	1.34765e+06
187	1.34765e+06
188	1.34764e+06
189	1.34764e+06
190	1.34763e+06
191	1.34763e+06
192	1.34763e+06
193	1.34762e+06
194	1.34762e+06
195	1.34761e+06
196	1.34761e+06
197	1.3476e+06
198	1.3476e+06
199	1.3476e+06
200	1.34759e+06
201	1.34759e+06
202	1.34759e+06
203	1.34758e+06
204	1.34758e+06
205	1.34758e+06
206	1.34757e+06
207	1.34757e+06
208	1.34757e+06
209	1.34756e+06
210	1.34756e+06
211	1.34756e+06
212	1.34755e+06
213	1.34755e+06
214	1.34755e+06
215	1.34755e+06
216	1.34754e+06
217	1.34754e+06
218	1.34754e+06
219	1.34754e+06
220	1.34753e+06
221	1.34753e+06
222	1.34753e+06
223	1.34753e+06
224	1.34752e+06
225	1.34752e+06
226	1.34752e+06
227	1.34752e+06
228	1.34752e+06
229	1.34751e+06
230	1.34751e+06
231	1.34751e+06
232	1.34751e+06
233	1.34751e+06
234	1.3475e+06
235	1.3475e+06
236	1.3475e+06
237	1.3475e+06
238	1.3475e+06
239	1.3475e+06
240	1.3475e+06
241	1.34749e+06
242	1.34749e+06
243	1.34749e+06
244	1.34749e+06
245	1.34749e+06
246	1.34749e+06
247	1.34749e+06
248	1.34748e+06
249	1.34748e+06
250	1.34748e+06
251	1.34748e+06
252	1.34748e+06
253	1.34748e+06
254	1.34748e+06
255	1.34748e+06
256	1.34748e+06
257	1.34748e+06
