0	2.00594e+06
1	1.95536e+06
2	1.70839e+06
3	1.4699e+06
4	1.43251e+06
5	1.42632e+06
6	1.42297e+06
7	1.41952e+06
8	1.41508e+06
9	1.40933e+06
10	1.40215e+06
11	1.39338e+06
12	1.384e+06
13	1.37656e+06
14	1.37114e+06
15	1.36611e+06
16	1.36127e+06
17	1.35734e+06
18	1.35459e+06
19	1.35272e+06
20	1.35137e+06
21	1.35031e+06
22	1.34945e+06
23	1.34873e+06
24	1.34811e+06
25	1.34754e+06
26	1.347e+06
27	1.34647e+06
28	1.34593e+06
29	1.34541e+06
30	1.34492e+06
31	1.34451e+06
32	1.34418e+06
33	1.34391e+06
34	1.34369e+06
35	1.34349e+06
36	1.3433e+06
37	1.34311e+06
38	1.34292e+06
39	1.34272e+06
40	1.3425e+06
41	1.34227e+06
42	1.34203e+06
43	1.34179e+06
44	1.34155e+06
45	1.3413e+06
46	1.34101e+06
47	1.34068e+06
48	1.34032e+06
49	1.33999e+06
50	1.33971e+06
51	1.33946e+06
52	1.33921e+06
53	1.3389e+06
54	1.33852e+06
55	1.33805e+06
56	1.33762e+06
57	1.3373e+06
58	1.33707e+06
59	1.33689e+06
60	1.33674e+06
61	1.3366e+06
62	1.33645e+06
63	1.33628e+06
64	1.33604e+06
65	1.33569e+06
66	1.33522e+06
67	1.33476e+06
68	1.33445e+06
69	1.33423e+06
70	1.33406e+06
71	1.33391e+06
72	1.33377e+06
73	1.33364e+06
74	1.33352e+06
75	1.33341e+06
76	1.33331e+06
77	1.33322e+06
78	1.33315e+06
79	1.33308e+06
80	1.33302e+06
81	1.33296e+06
82	1.33291e+06
83	1.33285e+06
84	1.3328e+06
85	1.33275e+06
86	1.33271e+06
87	1.33266e+06
88	1.33261e+06
89	1.33256e+06
90	1.33251e+06
91	1.33247e+06
92	1.33242e+06
93	1.33238e+06
94	1.33234e+06
95	1.3323e+06
96	1.33226e+06
97	1.33222e+06
98	1.33218e+06
99	1.33215e+06
100	1.33211e+06
101	1.33207e+06
102	1.33204e+06
103	1.332e+06
104	1.33196e+06
105	1.33192e+06
106	1.33187e+06
107	1.33183e+06
108	1.33178e+06
109	1.33174e+06
110	1.33169e+06
111	1.33165e+06
112	1.3316e+06
113	1.33156e+06
114	1.33152e+06
115	1.33149e+06
116	1.33145e+06
117	1.33141e+06
118	1.33138e+06
119	1.33134e+06
120	1.33131e+06
121	1.33127e+06
122	1.33124e+06
123	1.33121e+06
124	1.33118e+06
125	1.33115e+06
126	1.33112e+06
127	1.3311e+06
128	1.33107e+06
129	1.33105e+06
130	1.33103e+06
131	1.33101e+06
132	1.33099e+06
133	1.33097e+06
134	1.33095e+06
135	1.33094e+06
136	1.33092e+06
137	1.3309e+06
138	1.33089e+06
139	1.33087e+06
140	1.33085e+06
141	1.33084e+06
142	1.33082e+06
143	1.3308e+06
144	1.33079e+06
145	1.33077e+06
146	1.33075e+06
147	1.33073e+06
148	1.33071e+06
149	1.33069e+06
150	1.33067e+06
151	1.33065e+06
152	1.33062e+06
153	1.3306e+06
154	1.33058e+06
155	1.33055e+06
156	1.33053e+06
157	1.33051e+06
158	1.33048e+06
159	1.33046e+06
160	1.33044e+06
161	1.33042e+06
162	1.3304e+06
163	1.33038e+06
164	1.33037e+06
165	1.33035e+06
166	1.33033e+06
167	1.33032e+06
168	1.33031e+06
169	1.33029e+06
170	1.33028e+06
171	1.33027e+06
172	1.33026e+06
173	1.33025e+06
174	1.33024e+06
175	1.33023e+06
176	1.33022e+06
177	1.33021e+06
178	1.3302e+06
179	1.33019e+06
180	1.33018e+06
181	1.33017e+06
182	1.33016e+06
183	1.33015e+06
184	1.33014e+06
185	1.33012e+06
186	1.33011e+06
187	1.3301e+06
188	1.33009e+06
189	1.33008e+06
190	1.33007e+06
